0000000000000011111110111110011011111111111111111111111111111111111111111111111111111111111111111111111111101111111111111111111111111111111111111111111111111111111111110010000000000001111111111111111100000000000000000000000000000001111100000000000000000000000000000000000000000000000000000001111100000000000000001111111000000000000000000
100000000110010000011110011111111111011011111100100101101111111111111001100001001000000010100000011111110000011111111000000010000100001001111101111111111101111011111111111110001111111111111111011111111001100111111101110000101111111101111111111111000000000000000
11111111111111111111111111111111111111111101000000000000010000000000000000100000000000000010000001000001000000000010011100100100011111001010000011101111111011101111111111110111111111111111111111111111111111111111111111111111111111100000000000011110000001110000000000000111010111111111111111
011111111111111111111111111111111111111111111111111111111111111111111111111111111111111111111111111111111111111111111111111111111111111111111111111111111111111111111111110000000000011110000000000000000000001110000000000000000000001100000000000000000000000000000000000000000000000000011110000000000000000000000000011110000000000000000000000000001112
10000100000000000000000000001011111111111111111111111111111111111111111111111111111111111111111111111111111111111111111111111111111111111111111111111111111111111111111111111111111111111111110000000000000011110000000000000000000000110001100100110001011000000000111110100000000000000000001000010000001110000000100000000011111111000
0000111111111111011111111111111111111111111111110100101111111111111111111111111111111111111111111111111111111111111111111111111111111111111111111111111111111111111111111111111111111111111111111111111111111111111111111111111111111111111111111111111111111111111111011111101111111111111111
010110111011111000110011111101001110000000011100011111111111111111111111111111111111111111111111111111111111111111111111111111111111111111111111111111111111111111111111111111111111111111111111111111010111111100011110100111111111111101111111001111111111101100100110000111
1111111111111111111111111111111111111111111111111111111111111111111111111111111111111111111111111111111111111111111111111111111111111111111111111111111111111111111111111111111111111111111111111111111111111111111111111111111111111111111111111111111111111111111111111111111111111111111111111111111111111111111111111111111111
000000000000000000000000000000000000000000000000000000000000000000000000000000000000000000000000111111111111111111111111111111111111111111111111111111111111111111111111111111111111111111111111111111111111111111111111111111111111111111111111111111111111111111111111111111111111111111111111111111111111111111111111111111111111000000000100000000111000000000000000000
01111111111111111111111111111111111111111111111111111111111111111111111111111111111111111111111111111111111111111111111111111111111111111111111111111111111111111111111111111111111111111111111111111111111111000000000000000000000000000000000000000000000000000000001111000000000000000000000000000000000000000011111000000000000000
0000111000000000000000000000000000000000000000000000000000000000000000000000000000000111111111111111111111111111111111111111111111111111111111111111111111111111111111111111111111111111111111111111111111111111111111000000000000000000000000000000000000000000001110000000000000000000000000000000000000000000000000000000000000011110000000000000000
