444444444411111101111101111111111010111111111111111111111100001110001001101111111010011111111113333333333333333333333333333333333333333333333333333333333333333333333333333333333333333333333333333333333333333333333333333333333333333333333333331110000000111011111111111101111110111111111111111110111111
00001111111101111111110111111111111111111111000000000000011103333333333333333333333333333333333333333333333333333333333333333333333333333333333333333333333333333303300030033300000000000000000000333333333311111111111001111111111111111111111111111111111111111111111111111111111111111111111111111111111111111110000000000011111100000000000000000000000000000000000000000000000
00000011111111100000000000000000000111110000010000001111111111111111111111111111111111111000000000000000000000000001111113444444444444444444444444444444444444444444433333333333333333333333333333333313333333333333333333333333113003030003033303333333300000000000000000000001000001000000000000000000000000000000
0000000044444444444444444444444444444444444444444444444444411110100101110100111111111333333333333333333333333333333333333333333333333333331313333333333333333333333333333333333333333333333333333333333333333334344444444444444444444444444444444444444444444433333333333333333333333333333333333333333333000011111111111114444444444444444444441
0000000000000000000000000000000000000000000000000000001111100000000000000000000000000011110000000033333333333333333333333333333333333333333333333333333333333333333333333333333333333333333333333333333333333300000000000000000001111111100000000000001111111111111110100000000000000000000000000000000000000000000000000111110111111100000000000000000000000000000000
111111111111111111111111111111111111010011000000111111111111111111111111111111111311111111111113333333333333333333333333333333333333333333333333333333333333333333333333333333333333333333333333333333333333333333333333333333333333333333333333333333333333333333333333333333333333333333333333333333333333333333333331111111111111101111144444444
011111101111111111111111111111111111111111111113333333333333333333333333333333333333333333333333333333333333333333333333333333333333333333333333333333333333333001110111111111111111111111111333333333333333333333333333333333333333333333333311111111111111111111111111111101101111101000000000001111000000000000000000000000000000000000000001110000000000000000000001100101
111114444444444444444444444444444444411111011111100001111111333333333333333333333333333333333333333333333333333333333333333333333333333333333333333333333313111113333333331131111111111333111111101100333333333333333333333333333333333333333333333333333333333333333333333333333333333333333333333333333333333333333333010211001112
00010000000000000000000000000000001111111111111111111111111100000000000001111111444000000000010111111101001010000000111110003333300300003300000001001111100000000000000033033333333333333333333030000000101001000000000000000000001000001111111111111313133444444444444444444444444444444444444444444444444444444444000001111100000000000000000000000111
1111111111111111111100111111111111111111111111111110000000000000000033333333333333333333333333333333333333333333333333333333333333333333333333333333333333333333333333333333333333333333333333333333333333333333333333333333333333000001111111111111111111111111111111111111111111111111111111111111111111114
0000003000310333333333333333333333033333333333333333333333333333333333333333333333333333333333333333333333333333333333333333333333333333333333333333333333333333333333333333333333333333333333333333333333333333333333333333333333333333333333333333333333333333333333333333333333333331011111111111011110001011100000000000000000000010000001101000001
3333333333333333333333333333333333333333333333333333333333333333333333333333333333333333333333333333333333333333333333333333333333333333333333333333333333333333333333333333333333333333333333333333333333333333333333333333333333331111111101100111101111111111111111
110100011101111100000000000000000000001111100011000111000000000000001111100000000000333333333333333333333333333333333333333333333333333333333333333333333333333333333333333333333333333333333333333333333333333333333333333333333333333333333330010111111111111111111444444444444411111111111111011111101111111111111111111111111111111111111111111111110000000000
11111111111100111100000000000000033333333333333333333333333333333333333333333333333333333333333333333333333333333333333333333333333333333333333333333333333333333333333333333333333333333333333333333333333333333333333333333333333333000000001111000111010110111111111111110000100100011000000011110000010000000000000000
000011111111111111111111111111010004444444444444444444444111111104444444444443333333333333333333333333333333333333333333333333333333333333333333333333333344444444444444444444444444444444444444444444444444444444444444444444444444444141111111111111111111111111113111333331110011111110000000110100011111111111100111111111111000000000000000000101000011111111000000
00000000000011110111111111111111111000000110144444444444444444444444444444444444444444444444444444444444444444444444444444444444444444444444444444444444444444444444444444444444444444444411110111111111111111111111111111111111111111111111111111111111111111111110111111100000000000000110001110000000000000000011101111110
00000000000000000000000000000000000000000000000000000011000000000000003333333333333333333333333333333333333333333333333333333333333333333333333333333333333333333333333333333333333333333333333333333333333333333333333333333333333333333333333333333333333333333333333333333333333333333333333333333333333333333111111111111111111111
