002222222222222222222000001000000
002222222222222222222001000000000
002222222222222222222000000100000
002222222222222222222000011110100
002222222222222222221001011001100
012222222222222222221010010001000
012222222222222222221000010000100
01222222222222222222100001000000
01222222222222222222100001000000
02222222222222222222000001000000
0100001102222211110001001000000000
0101012122222211110000001000000000
0100012112222111110000001000000000
0100011022222111110000001000000000
0000012012212111110000001000000000
0000011022202111100011100000000000
0000011122212111100010000000001000
0000112122212111100011000000001000
1000112122212111100010000000000000
101001212212211110001000000000000
12222222222222222222222221001100
12222222222222222222222221001100
12222222222222222222222211001010
12222222222222222222222211000110
12222222222222222222222210001100
12222222222222222222222200001100
12222222222222222222222210011101
12222222222222222222222210111101
1222222222222222222222221001111
2222222222222222222222221001110
101000111111114444111111000000100
110000111112214444111110000000100
00100011001221444411001010000010
00100010111124444411111010000010
00100010111224444411101010000010
00100111012224444411111010000010
00100111111224444411011010000010
01001110111224444411111010000000
00000111111124444410111010000100
00001111111214444411111000000100
1101122121022122211222221111111001
1101122111222122221212211111111001
1111122111122222212222211111111001
0111122111222122222122211111111011
1111122210222222222122211111111011
011112122122222222212221111111101
111112112122112222212221111111101
111112112122212211212221011111101
111122112221112211122221111111001
111112112122112221212221111111011
10111112222222222222211111111111
11111102222222222222211111111111
10111112222222222222111111111111
00111122222222222222111111111111
0011112222222222222211111111111
0111112222222222222211111111111
1111112222222222222211111111111
0111112222222222222211111111101
0111112222222222222211111111100
0101112222222222222211111111101
0000000012222222222110000000
0100000002222222222110000000
0000000012222222222110000000
0000000122222222222010000000
000100012222222222211000000
000000012222222222110000000
000100002222222222110001000
000100012222222222111000000
000000012222222222110000001
000000002222222222110000000
11222222224222222222111100111110
11222222224222222222111101111110
1122222222422222222211111010111
1122222222422222222211110110111
1122222222422222222211111111111
1122222222422222222211111111111
1122222222422222222211111111111
1122222224222222222211111111110
1222222224222222222111111101110
1222222224222222222111111111110
