01111444444344444441111101111101
11111444441344444441111100111101
11111444441444444441111101111111
11111444444444444441111111111101
11111444441444444441111111111011
01411444443444444411111111111011
11411444433444444411111111111001
0141444444344444441111111111101
1141444444344444441111101111100
1141444444344444441111101111101
000000100133333333333001011111001101
000100110133333333333001011111001101
000100001333333333333001011010001101
001001100333333333333001011110011001
000001111333333333333001011100011100
000001101333333333333011011010011000
000001101333333333333010111011011000
000001001333333333330011111010011001
00000110133333333333001111101001100
00000100133333333333001011110001100
333333333333333333333331111
333333333333333333333331111
33333333333333333333333111
33333333333333333333333111
33333333333333333333333111
33333333333333333333333111
33333333333333333333333111
33333333333333333333333111
33333333333333333333333111
33333333333333333333333111
111144333333333344444433333314011111
111144333333333344444333333314001111
111144333333333344444333333111011111
101444333333333344444333333111011111
101141333333333344444333333111011111
101441333333333344444333333111111111
111143333333333144444333333111111111
101143333333333444444333333110111111
111443333333333444444333333111111111
110443333333333444444333333111111111
1101110333333333333333301111111
110110033333333333333331111111
110111033333333333333331111111
111110033333333333333331111111
111110033333333333333331111111
111110033333333333333331111111
111110033333333333333301111111
111110333333333333333311111111
111110333333333333333301111111
111110333333333333333301111111
00113333333333333333333311101111
00133333333333333333333311111111
00133333333333333333333111101111
01133333333333333333333111111111
0013333333333333333333311110111
0003333333333333333333311111111
0013333333333333333333311111111
0013333333333333333333311111111
1013333333333333333333311111111
0013333333333333333333311111111
11111133333333333333311111111111100001
1111113333333333333331111111111110010
1111113333333333333331111111111110000
1111113333333333333331111111111110000
1111113333333333333331111111111010000
1111113333333333333331111111111000000
1111113333333333333331111111111010000
1111113333333333333311111111111010001
1111113333333333333311111111111100000
1111113333333333333311111111111100101
144411333333333333333333333333331
144411333333333333333333333333331
144411333333333333333333333333331
144411333333333333333333333333331
14441133333333333333333333333333
44441133333333333333333333333333
44441133333333333333333333333331
44441133333333333333333333333331
44411333333333333333333333333331
44411333333333333333333333333331
1
1
1
1
0
0
1
1


13333133333333333333333333331111110
13334333333333333333333333331111111
13334333333333333333333333331111111
1333433333333333333333333333111110
1333433333333333333333333333111110
3333433333333333333333333333111111
3333433333333333333333333333110111
3334433333333333333333333333110011
3333133333333333333333333333111110
3334133333333333333333333333110110
000000033333333333333333333333311
000000033333333333333333333333311
000000033333333333333333333333311
000000033333333333333333333333311
000001033333333333333333333333311
000001333333333333333333333333311
00000133333333333333333333333331
00000133333333333333333333333331
00000033333333333333333333333331
00000033333333333333333333333331
0010033333333333344333333111011111111
0010033333333333343333331111011111111
0010033333333333343333331111111111111
0011133333333333343333331111111111111
0010033333333333343333331111111111111
1010033333333333443333331110111011111
000033333333333334333333111111111111
100033333333333334333333111111101111
110033333333333344333333111111111111
010033333333333344333333111111111111
1444441113333333333333444433330141
0444441113333333333333444433330141
1444441113333343333134444433331141
1444441113333343333334444433331141
1444441133333343333434444433331441
1444441133333343333334444333331444
4444441133333313333334444333331441
444444113333331333333444433333141
444444113333331333433444433330141
444444113333334333333444433330141
11110111133333333333333333444441111
11111111433333333333333333444441111
11111111133333333333333334444441111
11110111333333333333333334444441111
1111111133333333333333333444441111
1111111133333333333333333444441111
1111011133333333333333333444441111
1111011133333333333333333444441111
1111111133333333333333333444441111
1111111143333333333333333444441111
111111110333333333333333311111111111
110011110333333333333333111111111111
110011113333333333333333111111111111
110001113333333333333333111111111111
11001101333333333333333311111111111
11101111333333333333333311111111111
11001001333333333333333311111111111
11011110333333333333333311111111111
11011010333333333333333311111111111
11111110333333333333333311111111111
000000000133333333333333300000
010000001033333333333333300010
010000000033333333333333300000
011000000033333333333333000000
000010000333333333333333000000
001010100333333333333333100000
010010000333333333333333010001
000010000333333333333333010000
000010000333333333333333100000
000000000333333333333333110000
1111111133333333333333333333333311
1111011133333333333333333333333311
1111111133333333333333333333333311
1111111133333333333333333333333311
1111011133333333333333333333333311
1110111133333333333333333333333311
1111011333333333333333333333333311
1111011333333333333333333333333110
1111111333333333333333333333333111
111011133333333333333333333333311
0101111110003444433333333300000
0101001110003404433333333300000
0100011111003404433333333000000
0111011110003444433333333000001
0100011110003444433333333000000
0001011110034444333333333000000
1101111110034444333333333000000
1001111110034444333333333001000
100111111003444433333333300000
100111110003444433333333300000
