114444444444444444444444111111111
11444444444444444444444411111111
11444444444444444444444411111111
11444444444444444444444411111111
11444444444444444444444411111111
11444444444444444444444411111111
11444444444444444444444411111111
11444444444444444444444411111111
14444444444444444444444411111111
14444444444444444444444111111111
114444444444444444444411001010001001011
11444444444444444441411100111000101101
11444444444444444444411100101000100101
11444444444444444444411100101000100111
11444444444444444444111101100000100110
11444444444444444444401101101000110111
14444444444444444444401001100000010101
14444444444444444444401001010000000141
14444444444444444444411001010000010001
14444444444444444444411001000000000111
0144444444444444444444444444441111
0044444444444444444444444444411110
0044444444444444444444444444411111
0444444444444444444444444444411111
0444444444444444444444444444411111
044444444444444444444444444441111
044444444444444444444444444441110
144444444444444444444444444441110
144444444444444444444444444441110
144444444444444444444444444441110
100044444444444444444441010
000444444444444444444441011
00144444444444444444444100
00144444444444444444444101
00144444444444444444444101
00144444444444444444444100
00144444444444444444441101
00144444444444444444441100
01144444444444444444441101
01144444444444444444441100
14444444444444444444411110100000001
14444444444444444444411111100100001
4444444444444444444441111110010001
4444444444444444444411110110010001
4444444444444444444411110101010001
4444444444444444444411110101010001
4444444444444444444411111101010001
4444444444444444444411110101110001
4444444444444444444411110100000001
4444444444444444444411110100000001
1444444444444444444444411000
1444444444444444444444411000
1444444444444444444444411000
044444444444444444444441100
144444444444444444444441100
144444444444444444444441101
444444444444444444444441000
444444444444444444444411100
444444444444444444444411000
444444444444444444444410010
10001011444444444444444441111111
10001011444444444444444441011111
10001011444444444444444411111111
10000011444444444444444411111101
10000111444444444444444411111111
10000111444444444444444411111111
00000114444444444444444411011111
10000114444444444444444411111111
00010114444444444444444411111111
00010114444444444444444411111111
11444444444444444441000000000000
04444444444444444441000000000000
14444444444444444441000000000100
04444444444444444441000000000000
14444444444444444441000000000000
14444444444444444411010000000000
14444444444444444411000000000001
14444444444444444411000000000000
14444444444444444411000000000100
04444444444444444410000000000001
44444444444100011001444444444444444410
44444444444100010001444444444444444410
4444444444410001100144444444444444441
4444444444400100100144444444444444441
4444444444410001101444444444444444441
4444444444400100101444444444444444441
4444444444400001100444444444444444440
4444444444400100100444444444444444410
4444444444100110100444444444444444410
4444444444100110001444444444444444410
0101444444444444444444441111101001
0101444444444444444444441011001011
0104444444444444444444401011000001
0104444444444444444444411111000111
0004444444444444444414401111000011
0104444444444444444444411111000111
011444444444444444441441111100111
011444444444444444444441111100011
101444444444444444444441141100010
101444444444444444444441111100000
4444444444444444444444444444110100010001
4444444444444444444440444444111001010001
4444444444444444444444441444101001010011
4444444444444444444444441444100000110010
444444444444444444444144144410010101001
444444444444444444414444144410000100001
444444444444444444404444144410000100101
444444444444444444444414444411100010111
444444444444444444444414444410001000111
444444444444444444441141444410000010011
1111111011114444444444444100000001
1111110010114444444444444100002001
1111110010144444444444444000000001
0110110010144444444444444100000001
0101110010144444444444441100000001
0111110010144444444444441001000001
111111001014444444444444100002000
111010001014444444444444100000001
111111011014444444444444100000001
111111011114444444444444100000001
11144444444444444444411000111
11144444444444444444411010111
11144444444444444444411010111
11144444444444444444411010111
11144444444444444444411011111
11444444444444444444411000111
11444444444444444444111110111
11444444444444444444110000111
1144444444444444444411000111
1144444444444444444411000011
001144444444444444441111111101000
010144444444444444441111111100101
010144444444444444441111111100101
010144444444444444441111110100101
010444444444444444441111111110101
000444444444444444441111111110101
010444444444444444411111111110101
11144444444444444444111111111010
11144444444444444443111111111110
11144444444444444443111111111000
10001444444444100004444444410111
11011444444444100004444444410111
10104444444444100014444444411011
10014444444444100014444444100111
0000444444444410001444444411101
0000444444444400011444444411111
1001444444444400001444444411111
0000444444444410011444444410111
0000444444444400011444444410111
0001444444444100001444444410111
044444444444444444444444011100
144444444444444444444444110100
144444444444444444444444111100
144444444444444444444444111101
144444444444444444444444100100
14444444444444444444444401110
44444444444444444444444400111
44444444444444444444444400111
44444444444444444444444010101
44444444444444444444444110110
111011444444444444444444444444444001
111011444444444444444444444444444001
111114444444444444444444444444441111
111114444444444444444444444444440111
11111444444444444444444444444444111
11001444444444444444444444444444011
11011444444444444444444444444444011
11001444444444444444444444444444001
10011444444444444444444444444444001
11001444444444444444444444444444101
111444444444444441144411000000000
111444444444444444144411000000100
111444444444444441114411000000101
11144444444444444111441100000011
11144444444444444111441100000011
11144444444444444141411100000000
11444444444444444144411100000000
11444444444444444444411100000101
11444444444444444444411100000101
11444444444444444144411100000000
4444444444444444444400010001111111
444444444444444444440001000111111
444444444444444444441001000111111
444444444444444444440001000111111
444444444444444444410001001111111
444444444444444444410001001111111
444444444444444444410001101111111
444444444444444444410001001111111
444444444444444444410001001111111
444444444444444444410011001111111
0144444444444444444444440011110101111
0144444444444444444444440011110011111
0044444444444444444444440111110001111
0444444444444444444444440111110001111
0444444444444444444444441111110001111
0444444444444444444444441111110001111
044444444444444444444440111111000111
044444444444444444444440111111010101
044444444444444444444440111110111101
044444444444444444444440111110001111
111144444044441111000111110001111
111444444044441111001111110001111
111444444014441111001111110001111
11144444444444111000111111000111
11144444044444111000111111000111
11144444044444111000111111000111
11144444044444111000111110001111
11144444444444111000111110001111
11144444444441011000111110001111
11444444444441111000111110001111
0001144444444444444444444411100011
0001144444444444444444444441100011
0001144444444444444444444441100011
000114444444444444444444441111011
001114444444444444444444441110001
001114444444444444444444441110000
000144444444444444444444441110001
000144444444444444444444441110001
000144444444444444444444441110011
000144444444444444444444441100011
000104444444444444444444111001
00010444444444444444444110101
00000444444444444444444110001
00000444444444444444444110011
11000444444444444444444110001
10000444444444444444444110001
10000444444444444444444110101
00001444444444444444444110111
00001444444444444444444111011
00001444444444444444444111001
011444444444444444444444400010
001444444444444444444444100000
00444444444444444444444411000
01444444444444444444444411000
01444444444444444444444411000
01444444444444444444444401000
01444444444444444444444401000
11444444444444444444444401010
01444444444444444444444400010
01444444444444444444444400010
11000100010011100010000111000000030000100
11000100110010100010013111000000033000100
11000000110010100010013110100000003000000
11100010111011100110010111100000000300101
10000000111011001110301110100000000300000
1000000000001111011000111100010003000000
1000000110111101011000111000010003011000
1000000010010100111000111011000003031000
1000000100000101011000111001001003031110
1000101110011100010000111001001000001100
1111444444444444444444441010111111
1114444444444444444444411010100101
1114444444444444444444411011100111
1114444444444444444444411001111101
1114444444444444444444411001110101
1114444444444444444444411001111101
1114444444444444444444411001111101
1114444444444444444444411001101111
1114444444444444444444411001111111
111444444444444444444441100111111
0144444444444444411111111111111011
0144444444444444410111111011111111
0144444444444444411111110111110011
1444444444444444411111111111111011
1444444444444444411111110111111011
1444444444444444411111101111110011
1444444444444444411111101111110011
1444444444444444411111100111110111
0444444444444444041111101111111111
044444444444444411111110111111111
1104444444444441000144444444444444441100
1104444444444441001144444444444444440110
1104444444444440001144444444444444441100
1104444444444441001144444444444444441110
110444444444444100114444444444444444111
114444444444444100114444444444444444110
114444444444440100114444444444444444110
114444444444441000114444444444444444110
104444444444441100114444444444444444110
114444444444441000114444444444444444110
104444444444444444440000110000000000
104444444444444444440000000010000000
00444444444444444444001101010000000
00444444444444444444000001000000000
00444444444444444444000001001000000
00444444444444444444000001010110000
10444444444444444444000011000100000
14444444444444444440000010010000000
14444444444444444440000001000000000
14444444444444444440010100010000000
01444444444444444444444411110111110
01444444444444444444444411110011110
01444444444444444444444411110111110
01444444444444444444444401110111110
01444444444444444444444411110011110
04444444444444444444444111110111100
04444444444444444444444111100011110
04444444444444444444444111100011111
0444444444444444444444401110101110
1444444444444444444444411110111110
1444444444444444444444410101110011
1444444444444444444444441100110111
1444444444444444444444411001110111
144444444444444444444441100011011
144444444444444444444441010111111
144444444444444444444441110001011
144444444444444444444444110101111
144444444444444444444440110011111
144444444444444444444440100111011
144444444444444444444440100011011
111400000000000000000411111111110110
014400000000000000004401111111111110
004400000000000000004401111111111110
104400000000000000004101111110111010
014400000000000000004101111110111111
104400000000000000004101111110111011
004400000000000000004111111110111010
014400000000000000004101111100111100
11400000000000000400411111110011100
11400000000000000400401111111111111
104444444444444411111111111010111
114444444444444411111111111111111
114444444444444411111111111111111
144444444444444411111111111011111
044444444444444411111111111111111
14444444444444441111111111101111
04444444444444441111111111111011
04444444444444441111111111111111
04444444444444441111111111011011
14444444444444441111111111111111
11444444444444444444441100
11444444444444444444441000
04444444444444444444441100
14444444444444444444440000
14444444444444444444441000
14444444444444444444441000
1444444444444444444441100
1444444444444444444441100
1444444444444444444441100
1444444444444444444441100
00011144444444444444444444101100111
00111144444444444444444444101111111
00110144444444444444444444111111110
00111144444444444444444444111111111
00111144444444444444444444111111111
00111444444444444444444444111111111
00111444444444444444444444111111111
01111444444444444444444444111011111
0111144444444444444444444111111111
0111144444444444444444444101000111
11100440444444444444444441101111111111111111
11101440444444444444444441101111011111111101
10101440444444444444444411001111111101111101
10101440444444444444444411111111111111111101
10101440444444444444444411100111111111111001
10101440444444444444444411011111111111110101
11001440444444444444444411111111111111111111
11001440444444444444444411011111111111100111
10001440444444444444444411111111111111101111
1001444444444444444444441111111010111111111
