010100000333333333310
000100000333333333310
001110000333333333010
101100000333333333000
101100000333333333000
101100003333333333000
000000033333333333300000
000000033333333333000000
000000333333333333000000
000000333333333333000000
000000333333333333000000
000000333333333333000000
000044400000333333333000000
000044400000333333333000000
000044400000333333333000010
000044400000333333330000010
000044100001333333330000010
000444000001333333330000000
000044400000333333333000000
000044400000333333333000000
000044400000333333333000010
000044400000333333330000010
000044100001333333330000010
000444000001333333330000000
000000141000333333333
000000141000333333333
000000141101333333333
000000141000333333333
000000141000333333333
010000111001333333333
010000110001333333333
000000110001333333333
100000000333333333301
000000001333333333301
000101000333333333301
000001000333333333301
001001000333333333310
000000003333333333110
000000003333333333110
000000003333333333010
010001004411033333333
010000114110033333331
010000114110033333330
000000014110033333330
000000114110033333330
000001014110033333330
000010014110133333330
000010014110133333330
010000000333333333331
000000000333333333331
000000000333333333331
000000000333333333331
000000000333333333331
000000000333333333311
100000000333333333311
100000003333333333311
000000000444440003333333333010
000000000444440003333333333010
000000000444440003333333333010
000000000444400013333333333010
000000000444400013333333333010
010000010444400013333333333010
010000010444400013333333333000
010000014444400013333333333000
010000004444400003333333333000
000000004444400003333333330000
000100001133333333333
000100011033333333333
000100011033333333334
000100011033333333330
000100011033333333330
000100011033333333330
000100011333333333330
000000011333333333330
000000010333333333330
000000010333333333330
000000000444440003333333333010
000000000444440003333333333010
000000000444440003333333333010
000000000444400013333333333010
000000000444400013333333333010
010000010444400013333333333010
010000010444400013333333333000
010000014444400013333333333000
010000004444400003333333333000
000000004444400003333333330000
000100001133333333333
000100011033333333333
000100011033333333334
000100011033333333330
000100011033333333330
000100011033333333330
000100011333333333330
000000011333333333330
000000010333333333330
000000010333333333330
000010000011333333000
000010000011333333000
000110001011333333000
000110000011333330000
000110001010333334000
000110000010333330000
000110000010333330000
000110000013333330000
000100000013333330000
000100000013333330000
111110333333333114
111110333333333111
111110333333333111
111110333333333111
111100333333333141
111103333333331141
111103333333331141
111103333333331141
100033333333333
100033333333333
100033333333331
000033333333331
000333333333331
000333333333331
000333333333331
000333333333331
000333333333
000333333333
000333333331
003333333331
003333333331
003333333331
003333333334
003333333334
110000333333333
110000333333333
110000333333331
110003333333331
110000333333331
110000333333331
100003333333331
100003333333331
001111001333333330000
001111001333333330000
001110001333333330010
001110101333333330000
000110001333333330000
011110000333333330000
011110103333333330001
011110013333333310001
001100113333333331
000100113333333331
000000113333333331
000000113333333330
000001113333333330
000001113333333330
011001133333333330
011001133333333300
010011333333311
011011333333311
010011333333101
010011333333001
110011333333001
110011333333000
110013333333010
100013333333110
011333333333301000
111333333333301000
111333333333301000
111333333333301100
111333333333310000
111333333333310000
111333333333310000
111333333333310000
101003333333333100
101003333333333000
101003333333333000
011003333333333000
001003333333333000
111003333333333000
011003333333333000
000003333333333000
010033333333333000
010033333333333000
110333333333330
110333333333330
110333333333330
110333333333330
100333333333330
103333333333330
103333333333330
103333333333330
003333333333300
103333333333300
000111003333333300
000111033333333300
000111033333333300
000110033333333000
000111033333333000
000110033333333000
000110033333333000
000010033333333000
001010033333333000
001110033333333000
000003333333330000
000003333333330000
000003333333330000
000003033333330000
000003333333330000
000003333333300000
000003333333300000
000003333333300000
000003333333300000
000003333333300000
000011000003333333330
000011000003333333330
000110000003333333330
000110000003333333330
000110010003333333330
000110010003333333330
100000010003333333330
100000010003333333330
100000010003333333330
100000010003333333330
100000010003333333330
100000010003333333330
000100010113333333330
000100010113333333330
000110010113333333330
000110010113333333330
001110010113333333330
001110010113333333330
001110010103333333300
001110010103333333300
000100000003333333333
000100000003333333333
000110000013333333333
000100000013333333333
000100000013333333333
000100000013333333333
000100000013333333333
000100000013333333333
000100000043333333333
000100000043333333333
000100000043333333333
000100000043333333333
000100000143333333333
000100000143333333333
000100000143333333331
000100000143333333331
000100000133333333330
000100000133333333330
000100000033333333330
000100000033333333330
000000010000003333333
000000010000003333333
000000010000033333333
000000010000033333333
000000000010033333333
000000000010033333333
000000000010033333330
000000000010033333330
000001000010133333330
000001000010133333330
000000000000133333330
001000000000133333330
001000000001133333330
001000000001133333330
000000000001033333330
000000000001033333330
000000000001033333330
000000000001033333330
000000000000033333330
000000000000033333330
010100000003333333330
010100000003333333330
000000000003333333330
000000000003333333330
000100000133333333331
000100000133333333331
000000000033333333331
000000000033333333331
000000000033333333331
000000000033333333331
000000000033333333331
000000000033333333331
000000000033333333301
000000000033333333301
000000000033333333300
000000000033333333300
000000000033333333300
000000000033333333300
101000000033333333300
101000000033333333300
000000000033333330000
000000000033333300000
000000000333333300000
000000000333333300000
000000000333333300000
000000000333333300000
000000000333333300000
000000000333333300000
400000003333333333300
400000003333333333000
400000003333333333000
400000003333333333000
400000003333333333000
400000003333333333000
000000003333333333000
000000033333333333000
400010000003333333111100
400000000033333333111000
400000000033333333111000
400000000033333331111000
400000010033333331111000
000100000033333331111000
000100000033333331110000
400001033333333330000
400001333333333330000
000001333333333330000
000001333333333331000
000000333333333330000
000000333333333330000
000000333333333330000
000003333333333330000
000000000000000000333333333000004444
000000000000000000333333333000004444
000000000100000013333333333000004444
000000000100000013333333333000004444
000000000100000013333333333000004444
000000000100000013333333330000004444
000000000000000003333333330000044444
000000000000000003333333330000044444
000000000000000133333333444
000000000000000133333333444
000000000000000033333334444
000000000000000333333334444
000000000000000033333334444
000000000000000033333334444
000000000000000333333334444
000010000000000333333334444
000000000000010333333333000444
000000000000013333333333000444
000001001000013333333333000444
000001001000013330333333000444
000001001000013330333333000444
000001000000013333333333004444
000000000000003333333330004444
000000000000103333333330004444
033333330001044
033333330001044
333333300000444
333333300000444
333333300000444
333333300000444
333333300100444
333333300000444
033333333000000
333333333000000
333333333000000
333333333000010
333333333000000
333333330000000
003333333000
113333333000
003333333100
113333333000
113333333000
113333333000
000033333333333
000133333333333
000033333333333
000033333333333
000033333333333
100033333333333
011133333333
011133333330
111333333330
011333333330
111333333330
111333333331
111001013333333333
111101013333333333
111001013333333333
101000113333333333
101010113333333333
101010113333333333
101010133333333333
101010133333333331
000113333333333310
000113333333333300
000113333333333300
000113333333333300
000113333333333300
000103333333333300
000113333333333100
001133333333333101
000000013333333333
000000013333333333
000000003333333333
000000103333333333
000000133333333331
000000133333333330
000000133333333330
000000133333333330
100000133333333333
100000133333333333
000000133333333333
000000133333333333
000001133333333331
001001133333333331
001001333333333331
001001333333333331
000004400033330044440
000004400033331044440
000004400033301044440
000004400033300044410
000004000033301044410
000004000333301444400
000044000333300444400
000044000333301444400
000000000333333010
000000000333333011
000000000333333011
000110003333333110
000100003333330100
000010003333330110
000100003333331110
000000003333330110
140103333333331044
140100333333333144
140103333333333044
140103333333303044
440103333333314044
440003333333310041
441003333333310041
441003333333310141
003333333333311
003333333333311
003333333333311
003333333333311
003333333333011
033333333333011
033333333333111
033333333333111
001103333333333
000103333333333
000103333333333
000003333333333
101003333333333
100003333333333
101033333333333
000003333333333
001033333333333
001033333333333
000003333333400
000003333333400
000003333333000
000003333333000
000013333333000
000013333333000
000033333333000
000033333333000
000033333333000
000033333334000
100000033333333
100000033333333
000001333333333
000001333333333
000000333333333
000000033333333
000000333333333
000000333333333
000033333
000033333
000033333
000133333
000133333
000333333
000333333
000333333
000000000000033333
000000000000033333
000000000100033333
000000000100033333
000000000100033333
000000000100033333
000000000100033333
000000000100333333
010000000000333333330
010000000003333333330
010000000003333333330
000000000003333333330
000000010003333333330
100000010103333333300
100000010103333333300
100000010103333333300
010000000010333333333
010000000010333333333
010000000000333333333
000000000000333333333
000000000003333333333
000000000003333333333
000000000103333333333
100000000103333333333
000000000013333333333001
100000000003333333333000
100000000003333333333000
000000000003333333333000
001000000003333333333010
001000000133333333333010
001000000133333333333010
001000000133333333333010
000000000100000033333333330
000000000000000133333333330
000000000000000133333333331
000000000000000333333333330
000000000000000333333333330
000000000000000333333333300
000000000000000333333333300
000000001000000333333333311
000001000100000333333333330
000101000100000333333333330
000101000100000333333333330
000100100000000333333333330
010100100000003333333333330
010100100000003333333333331
010100000000003333333333330
010010001000003333333333300
000000000000010103333333300
000000101000010133333333300
000000101000010133333333300
000000101000000133333333301
000010101001000033333333311
000010100001000033333333011
000010000100000033333333011
000010000100100033333333000
000000010000033333333301
100000010000033333333330
100001010000033333333030
100001010100133333333030
100001000100133333333030
011100000000033333333030
000100000100333333333010
000100000100333333333010
000000000000003330100
000000000000033330100
000000000000033330000
100000000000033330000
000000000000033330000
000000000000033330000
100000000000033330000
000000000000033330000
000000000000033330000
000000000000333330000
000000000003333333333330
000001000003333333333330
000001000003333333333330
000001000003333333333300
000001000003333333333300
000001000003333333333301
000000000003333333333301
000000000003333333333301
000000000033333333333301
000000000033333333333301
000000001100333333333
000000000100333333333
000000001000333333333
001000001100333333333
001000001010333333333
001000001100333333333
000000001000333333333
000000001000333333333
000000011001333333333
000000011001333333333
010000000333333333333
000000000333333333333
000000000333333333333
000000000333333333331
000000003333333333331
000100003333333333331
000000003333333333331
000000003333333333331
000000003333333333330
000000003333333333330
333333333333301
333333333333301
333333333333311
333333333333001
333333333333001
333333333333010
333333333333010
333333333333011
333333333333011
333333333333011
333333333333330
333333333333330
333333333333330
333333333333300
333333333333300
333333333333300
333333333333300
333333333333300
333333333333300
333333333333300
000000013333333
100000033333333
000000033333333
100010033333333
100010133333333
000010133333333
000000133333333
000000133333333
000000133333333
000000133333333
333333333333301
333333333333301
333333333333001
333333333333001
333333333333001
333333333333001
333333333333001
333333333333001
333333333333001
333333333333011
000333333333333333333333
000333333333333333333333
100333333333333333333333
103333333333333333333333
003333333333333333333333
013333333333333333333333
013333333333333333333333
013333333333333333333333
013333333333333333333333
003333333333333333333333
010333333333333333333333
011333333333333333333333
000333333333333333333333
100333333333333333333333
103333333333333333333333
103333333333333333333333
103333333333333333333333
003333333333333333333333
013333333333333333333333
013333333333333333333333
444003333333333333330000
444003333333333333330000
440103333333333333330000
440113333333333333300000
440103333333333333310001
440013333333333333310011
440033333333333333310010
440033333333333333301010
440133333333333333301000
440133333333333333301000
100033333333331000000
011333333333333010000
011333333333331010000
010333333333331010100
010333333333330100100
000333333333330100100
001333333333330000000
001333333333330000000
000333333333330000010
000333333333330000010
000000333333333333333333333330000
000000333333333333333333333330000
001000333333333333333333333300000
001100333333333333333333333300000
000000333333333333333333333310000
000000333333333333333333333300000
000003333333333333333333333310000
000003333333333333333333333300000
000001033333333333333333333333333300
000001033333333333333333333333333300
000001033333333333333333333333333000
000001033333333333333333333333333000
000010033333333333333333333333333000
000000033333333333333333333333333000
000010033333333333333333333333333000
000000333333333333333333333333333000
100113333333333000100
100113333333333000000
000103333333333000000
000133333333333000000
000133333333331000000
000133333333331000000
000133333333331000000
001133333333330001000
000333333333013300100
000333333333003300000
000333333333013300000
000333333330003000000
000333333330003000000
000333333330003000000
003333333330033000000
003333333330133001000
001444411103333333333004
001444410003333333333014
001444410003333333333014
001444410003333333333014
010444110003333333333004
014444110033333333333144
014444111033333333330144
014444110033333333330144
001111113333333333314441
001111113333333333314441
001111103333333333314441
011111103333333333314441
011101103333333333344411
011111103333333333344411
011111103333333333144401
000011101110033333330110
000111101110033333330110
000111101010333333310110
000111001110333333310100
000111101110333333300110
000111011100333333300101
000111111100333333300101
000111111100333333301101
010111113333301111001
000111113333301111011
011111133333301111011
101111133333301111011
111011133333311111011
001111133333101111011
001111133333011110011
001111133333011110011
101144011433333333311
101144111433333333311
101144111133333333311
101144111133333333311
101144111333333333311
001144011333333333310
001144111333333333310
001144111133333333310
011444114133333333310
011444114333333333310
011444114333333333310
011444114333333333311
011441114333333333110
011441114333333333110
011441114333333333110
011441114333333333011
011441114333333333010
011441114333333333010
011441114333333333110
011441114333333333110
010111143333333333000
011110133333333333000
001110133333333333100
001110233333333333010
001110233333333333110
001110233333333333110
001110033333333333100
001110033333333333100
001110033333333333100
001110033333333333110
101110033333333333100
001110033333333333100
001110033333333333100
001110033333333333100
101110033333333333110
101110033333333333100
101110333333333333100
104112333333333333100
104110333333333333100
104110333333333333100
110001143333333333000
110001141333333333000
110011141333333333000
110011143333333333000
110010143333333333000
100000133333333333000
100000133333333333000
100010133333333333000
100010433333333333000
100010433333333333001
100010433333333333011
100111443333333333010
100101443333333333011
100101443333333333010
100001433333333333000
100011443333333333000
100001433333333333000
100001433333333333000
100001433333333333000
100111433333333333000
010003333333333300000
010003333333333300000
010003333333333300000
010003333333333300000
010003333333333300000
040003333333333300000
040003333333333300000
040003333333333300000
040003333333333300000
010003333333333300000
010044333333333300000
010043333333333300000
010043333333333100000
010043333333333100000
110043333333333100000
110033333333333100000
110033333333333000000
110034333333333000000
110034333333333000000
110033333333333000000
000000000001110003333333333333333
000000000001110003333333333333333
000000000001110033333333333333333
000000000001110033333333333333333
000010000001400033333333333333333
000010000001110033333333333333333
000000100001110033333333333333333
000000100011110033333333333333333
010000000000003333330033
000000000000003333333333
000000000000003333333333
100000000000003333333333
010000000000013333333333
010000000000013333333333
000000001000033333333333
000000001000033333300333
000001100000033333333333
000001100000133333333333
000000100000033333333333
000000000000033333333333
000010000000033333333333
000010010010003333333333
000010000010003333333333
010010000000333333333333
000000000300000000000
000000000300000000001
000000000300001000000
000000000000000000000
000000000010000000000
000000000010000000000
100000000010000000000
000001003010000000000
000100144444441333333333333
000000144444441333333333333
000000144444441333333333333
000000044444441333333333333
000000444444441333333333333
001000444444443333333333333
001000444444443333333333333
001001444444413333333333333
114444444444333333333
114444444441333333333
114444444441333333333
114444444440333333333
114444444440333333333
114444444440333333333
114444444440333333333
144444444440333333333
000001114444033333333333
010001014444033333333333
010000014444333333333333
010000114441333333333333
010000114441333333333333
010000114440333333333333
010010114440333333333333
010001014440333333333333
001000100000003333333333
001100100000003333333333
001100101000003333333333
011000100000003333333333
011000000000013333333333
110000000000033333333333
010001000000033333333333
000001000000033333333333
110333333333
110333333333
111333333333
113333333333
113333333333
113333333333
113333333331
103333333331
333333331
333333331
333333331
333333331
333333331
333333331
333333311
333333311
000011000013333333333333001
000011000013333333333333001
000011001003333333333333000
000111001003333333333333000
000111001003333333333333000
000111000003333333333333000
000110000003333333333330000
000110000133333333333330000
010100000013333333333333333000
010100000013333333333333333000
000100100003333333333333333000
010000100003333333333333333000
000000100003333333333333333100
000010110013333333333333333110
000010011013333333333333330110
000000001133333333333333330010
101111111333333333331010
101111111333333333331010
101111111333333333331000
001111110333333333311000
001111110333333333301000
001111113333333333300000
001111113333333333300000
001111113333333333310000
000011033333333333333001
000011033333333333333000
000001133333333333330100
000000133333333333330100
000000133333333333330110
000000033333333333331010
000000333333333333330011
000100333333333333330011
010000033333333330
010100033333333330
000100033333333330
000100033333333330
000100033333333330
000100033333333330
000000333333333300
000000333333333300
000000333333333300
100000333333333300
000333333333333300
003333333333333301
003333333333333301
003333333333333001
003333333333333001
003333333333333001
003333333333333000
003333333333333000
003333333333333000
003333333333333000
400003333333333330
000033333333333330
000133333333333330
000033333333333330
000033333333333310
000033333333333310
000033333333333310
000033333333333310
000033333333333300
000033333333333300
001000001144003333333333333
001000011140003333333333333
001000011440003333333333333
000000011140003333333333333
000001011440003333333333333
010001011440003333333333333
010001011440003333333333333
010001011440013333333333333
300000011001333333333
300000011001333333333
300000011000333333333
100000110000333333333
100000110003333333333
100000110003333333333
000000110003333333333
000000110003333333333
100000011111110333333331
100000111111110333333333
100000111111110333333333
100000111111110333333334
100000111111110330033334
000000111111110303033334
000000111111100333333334
000000111111100333333334
444444444444033333333111
444444444444033333333111
444444444444033333333011
444444444444033333333111
444444444440033333333011
444444444440033333330111
444444444440333333330111
001000000033333333300
000000000033333333300
000000000033333333300
000000000033333333300
000000000033333333300
000000000033333333300
000000000033333333300
000000000033333333300
000000000033333333300
000000000033333333301
000000000033333333301
000001100033333333000
000000100033333333000
000000100033333333000
000000100033333333000
000000111333333133001
000000110333333133001
000000100333333333001
000000100333333333001
010000000333333333000
000010233333333334300
000022233333333343310
000022233333333343310
000021133333333333400
000022133333333333410
000022133333333333400
000021133333333333400
001022133333333333400
001001133333333333400
001002033333333333403
001022033333333333403
001002333333333333103
001022333333333333103
001002333333333333010
001002333333333333010
120021333333333333003
120121333333333333003
102121333333333333013
102221333333333333013
000101333333333344003
110144014013344333344
110144014013344333344
110144014013344333344
110144014033344333344
110144044033344333344
110144044033344333344
110144044033344333344
100044044133144333344
010044044133144333344
100044044033344333344
100444044033344333344
111444040033444333344
111444040033444333344
000444041033444333444
000444041033444333444
000440040133444333344
000440040133444333344
001440040133443333444
101440040133443333444
101440140133444333444
444444003333333333344
444444033333333333344
444444033333333333314
444444033333333333344
444444033333333333344
444444033333333333344
444444033333333333344
444440033333333333344
444440033333333333344
444440033333333333344
444440033333333333344
444440033333333333344
444440033333333333344
444440033333333333344
444440033333333333344
444440033333333333444
444440033333333333444
444440033343333333444
444440033343333333444
444440033333333333444
001001001001010333330
001001001001000333330
001001001001000333330
001000001001000333330
001000001000000333330
001000001001000333330
001000001001000333330
001000000000000333330
001000000000000333330
001000000000301333330
001000000000301333330
000000000000003333330
000000000000003333330
000000000000303333330
000000000001303333330
010010000010303333300
010010000010303333300
010010000010103333300
010010000010103333300
010010010010103333300
000000000000333330100
000000000003333330100
000000000003333330100
100001000003333330000
100000000003333330000
100000000013333330000
000000000003333330000
000000000013333330000
000000000013333330000
010010000003333331000
010010000013333331000
010010001013333330000
010010001013333330000
010010001013333300000
010010001013333330000
010010000003333301100
010010000003333301000
000110000003333301000
000110000003333301000
000000000003333301000
000000000133333300000
000000000131333310000
000000000131333310000
000000000133333010000
000000000133333010000
000000000130333010000
000000000130333010000
000000000030333010100
000000000030333010100
000000100003333010100
000000100033333010100
000000100303333000100
000000100303333000100
000000101303333000100
000000100303333000100
100000101313333000100
100000101313333000100
000000101313333000100
000000101313333000100
000000001333333000000
000000010033333301001
000000000033333301001
000000010033333301001
000000000033333300001
000000000033333300001
000000000133333300000
000000000133333300000
001000000133333300000
001000000133333300000
001000000033333000000
001000000033333000000
001000000033333010000
001000000033333010000
001000100033333010000
001000100033333010000
001000100333333010000
001000100333333010000
000000100333333010010
000000100333333010010
000000100333333010010
000333333333
003333333333
003333333333
003333333333
003333333330
003333333332
033333333332
033333333332
003333333332
003333333332
000000133333
000000033333
000000033333
000001033333
000001033333
000001333333
000001333333
000001333333
110333333333333333
110333333333333333
110333333333333333
110333333333333333
110333333333333333
110333333333333330
110333333333333330
100333333333333330
100333333333333330
100333333333333330
000333333
000333333
000333333
000333333
000333333
003333333
003333333
003333330
000000000000333333333333310
000001010000333333333333300
000001010000333333333333300
101001010000333333333333300
101000000010333333333333300
101000000013333333333333300
100000000003333333333333100
000000000003333333333333100
333100111001000033333333333000
333100000000000333333333333000
333000100000000333333333333000
333000100000000333333333333000
333001100000000333333333333001
333001100000001333333333333001
331001100000001333333333333001
331001110010000333333333330000
000000000333333333333000000
000000000333333333333000000
000000000333333333333000001
000001000333333333333100001
000001000333333333333100001
000001003333333333333000001
001000003333333333333000000
001000003333333333330000000
001000000000000003333333333
000000000000000003333333333
000000000000000003333333333
000000000000010003333333333
000000000000110003333333333
000010010000100003333333333
010010010000100003333333333
010010000000100003333333333
000000100333333333310
000000003333333333300
000000003333333333300
000000003333333333300
000001003333333333300
000001003333333333300
111000010000333333333
110001110100333333333
100000111101333333333
100000110101333333333
110001100101333333333
100001110001333333333
000001333333333333
000000333333333333
000000333333333333
000000333333333333
000000333333333333
000013333333333333
000001033333333
000001033333333
000000033333333
000000033333333
000010033333333
000010133333333
000100444000133333333331
000100444000033333333331
000000444000033333333331
000000444100133333333330
000000444000033333333331
001000444010033333333310
001000440100333333333314
001000440101333333333314
000044400333333333334440
000044440333333333334440
010044440333333333334440
000144400333333333334440
001144400333333333344440
001144000333333333344400
001044000333333333344400
001044103333333333344400
000004444100033333333333
000004444100033333333333
000014444410333333333333
000004444400333333333333
000044444411333333333333
000044440401333333333333
000044441400333333333333
000044441010333333333333
101144443333333333334404
101144443333333333334404
010444443333333333334404
000444443333333333334404
110444443333333333334004
000444443333333333344004
010444433333333333344004
110444433333333333344044
000011001333333333333331
000111011333333333333331
000011001333333333333331
000111001333333333333331
000111100333333333333331
000111001333333333333331
000110110333333333333331
000110111333333333333331
000111111333333333333331
000110113333333333333331
010111003333333333333333100
000111033333333333333333100
001111033333333333333333100
000111033333333333333333400
001111133333333333333333110
101101033333333333333333110
001101033333333333333333100
101101033333333333333333100
101100033333333333333333100
101100033333333333333333100
000010101013333333333333333333
000001111013333333333333333333
000000100013333333333333333333
000011100013333333333333333333
000010000113333333333333333333
000011001003333333333333333333
000001000113333333333333333333
000001000103333333333333333333
000001000013333333333333333333
000101000133333333333333333330
110010113333333333333333300
010000133333333333333333340
110000133333333333333333300
110100133333333333333333310
100000133333333333333333310
100000133333333333333333310
100100133333333333333333300
100100133333333333333333311
100100133333333333333333311
100100133333333333333333301
110010113333333333333333300
010000133333333333333333340
110000133333333333333333300
110100133333333333333333310
100000133333333333333333310
100000133333333333333333310
100100133333333333333333300
100100133333333333333333311
100100133333333333333333311
100100133333333333333333301
000011001333333333333331
000111011333333333333331
000011001333333333333331
000111001333333333333331
000111100333333333333331
000111001333333333333331
000110110333333333333331
000110111333333333333331
000111111333333333333331
000110113333333333333331
010111003333333333333333100
000111033333333333333333100
001111033333333333333333100
000111033333333333333333400
001111133333333333333333110
101101033333333333333333110
001101033333333333333333100
101101033333333333333333100
101100033333333333333333100
101100033333333333333333100
101001113333333300000
101001113333333310000
101001113333333011001
101001113333333011101
101000033333333010001
111000033333333010101
111110033333333010100
110010133333333010100
110011133333333110100
110011133333333010000
100101333333331111000
100001333333341100000
100000333333311100000
100010333333311100000
111011333333301100000
101010333333301000000
011011333333311000100
001011333333311110000
001103333333301100000
001003333333301110000
141111113333333333311111
111111113333333333311111
111111113333333333311111
111111113333333333311111
144111103333333333311111
111111103333333333311111
111111103333333333311111
141111103333333333111111
111113333333333331
111113333333333311
111113333333333311
111103333333333311
110133333333333311
111133333333333311
111133333333333311
111133333333333311
111111133333
111111133333
111111133333
111111133333
111111133333
111111133333
111111333333
111111333333
111113333333333
111113333333333
111113333333333
111113333333333
111113333333333
111113333333333
111113333333333
111113333333333
101133333333001
101133333333000
101333333333000
101333333331100
101333333331110
101333333331110
111333333331110
111333333331110
000001111133333333
000001111133333333
000001111133333333
001001111133333333
001000111033333333
001000111033333333
000011111033333333
000010111033333333
011013333331
111013333331
011013333331
011013333330
111033333330
110033333330
010133333330
110133333330
111133333333
110333333333
110333333333
111333333333
100333333333
100333333331
100333333331
100333333331
003333333333000
003333333333000
033333333333000
033333333333000
033333333333000
033333333333000
033333333333000
033333333333000
033333333333000
033333333330000
000003133333300
000033333333300
000033000330000
000033330330000
000130330333000
000030333303000
000033300300000
000030333333000
000033033033000
000033333033000
000010333333330
000000333333330
000000333333330
000000333333330
000000333333330
000000333333330
000003333333330
000003333333300
000003333333300
000103333333300
000000133333333330000
000000133333333331000
000000133333333331000
000000133333333331000
000000033333333331002
000000033333333330002
000000033333333330000
001000333333333330000
001001333333333330000
001001333333333300000
000000000033333333300
000000000033333333300
000000000033333333300
000000000033333333300
000000000033333333300
000000000033333333300
000000000033333333300
000000000033333333300
000000001033333333000
000000001033333333000
000000001033333333000
000000001033333333000
010000001033333333000
010000001033333333000
010000000333333333000
010000000333333333000
010000000333333333000
010000000333333333000
000000000333333333000
000000000333333333000
000000013333333331
010000013333333331
010000013333333331
010000043333333301
010000013333333301
010000013333333301
010000013333333301
010000043333333300
010000043333333300
000000043333333300
000000043333333300
000000033333333300
000000033333333300
000000033333333300
000000033333333300
000000133333333300
000000133333333300
000000133333333300
000000133333333300
000000133333333310
000000100001333333331
000000100011333333331
000000100011333333331
000000000001333333331
000000000001333333331
000000010011333333331
000000010011333333331
000010010011333333301
000010010011333333300
001010010011333333300
001010010011333333300
001001010011333333300
001001010011333333300
001011010013333333300
000011010013333333300
000001000113333333301
000001100113333333310
000001000113333333310
000000000113333333311
000001000013333333311
004333333330000
004333333300001
004333333300001
003333333310001
003333333310001
003333333300001
003333333300001
003333333300101
003333333300101
004333333300101
004333333300100
003333333300100
003333333300101
003333333300001
003333333300001
003333333300001
003333333300001
013333333300000
013333333300000
043333333300000
000013313333333300000000
000013313333333300000000
000003313333333000000000
000003333333333000000000
000003033333333000000000
000033033333333000000000
000133133333333000000000
000133133333333000000000
000001013333333330000
000001033333333330000
000000133333333330000
000000133333333330000
000000133333333300000
000010133333333300000
000010133333333300000
000010133333333300000
000010010003333300000
000010110003333300000
000010110003333300000
000010100033333100000
000010100033333100000
000010100033333000000
000010100033333000000
000000100033333000000
400003333333333300000
400003333333333300000
400003333333333300000
400033333333333300000
400033333333333000000
001033333333333000000
001033333333333000000
000033333333333000000
000001333000000000010
000011333000000000000
001011333000000000100
000003333000000000100
000003330000000000100
000003330000000001100
000003330000000001100
000013330000000000100
000000010000001033330130000044
000000010000000033330330000044
000000000001000333300330000444
000000000000000333300330000444
000000000000000333300330000444
000000000000000333301300001444
000000000000010333300300101444
000000100000010333300300000444
000100000000103333333301114444
000100000000113333333301104444
000000010000033333333301144444
000000010000033333333301144444
000000000000033333333001144444
000000000000133333333001144444
000000000001033333333010044444
000000000001033333333010044444
000000000000001033333330000444
000000000000000333333330000444
000000000000000333333330004444
000000000000000333333310004444
000001000000000333333330004444
000001000000000333333300004444
000000000000010333333300104444
000000000000010333333300004444
000000100000003333333001444
000000100000003333333001444
000000100000003333333001444
000000000000003333333001444
000000000000003333333004444
000000000000003333333004444
000000000000003333333014444
000000000000033333333014444
013333333
033333333
033333333
133333333
133333333
133333333
000033333331
000033333300
010033333300
000333333300
000333333300
010333333300
011333333300
011333333300
000333333300
000333333300
000333333300
003333333300
001333333330
001333333300
000333333300
003333333300
003333333300
003333333300
000000133333333333
000001133333333333
000001133333333331
000001133333333331
000001133333333331
000001033333333331
000001333333333330
000001333333333330
001333333333333100
001333333333333000
001333333333333000
003333333333333000
003333333333333000
003333333333333000
003333333333333000
013333333333333000
000010103333333300
000010103333333300
000110103333333300
000100133333333300
000100133333333300
000100133333333300
000101033333333300
000101033333333000
000001113333333333
000011113333333333
000011133333333333
000011133333333333
000011133333333333
000011133333333333
000011133333333333
000011133333333333
000003333333333
000003333333333
000003333333333
000003333333333
000003333333333
000003333333333
000003333333333
000003333333333
000033333333333
000033333333333
000033333333333
000033333333333
000033333333333
000333333333333
000333333333333
000333333333333
144433333333441
144333333333440
144333333333440
144333333333440
144333333334440
144333333333440
144333333334440
144333333334440
004433333333344
004433333333344
004433333333344
004433333333344
004433333333344
014433333333344
004433333333344
004333333333444
003333333333300010
033333333333300100
033333333333100100
033333333333100100
133333333333100100
133333333333100100
133333333333000000
033333333333000000
043333333333330
003333333333300
033333333333300
033333333333300
033333333333300
033333333333300
033333333333310
033333333333310
000033333333300
000033333333300
000033333333000
000033333333000
000033333333000
101030333333000
001033333333000
000333333333000
000000004333333333
000000003333333333
000000043333333333
000000044333333333
000000443333333333
000000403333333333
100000113333333333
100000013333333333
000000000000000133333333330
000000001000010133333333310
000000001000010133333333300
000010001000010133333333300
000010000000000133333333300
000010000000000133333333300
000000000000000033333333300
010000000000000033333333300
000033333333333000
000033333333333000
000133333333333000
000133333333333000
000333333333333000
000333333333333000
000333333333330000
000333333333330000
000103333333333000
000103333333333000
000103333333330000
000103333333330000
000113333333330000
000113333333330000
000013333333330000
000033333333330000
000133333333300
000133333333300
000133333333301
000133333333301
000033333333301
000033333333301
000033333333300
000033333333000
000000033333333300000100
000000033333333300000100
100000033333333300000100
100000033333333300000000
100000033333333000000000
100000033333333000000000
000000333333333000001000
000000333333333000001000
000003333333330000001
000003333333330000001
000003333333330000000
000003333333330000000
000033333333330000000
000033333333300000010
000033333333300000010
000033333333340000010
000000133333333330
000000133333333330
000000033333333330
000000133333333330
000000133333333330
000000033333333300
000001033333333300
000001033333333300
011113333333333330110010000
111113333333333330100010000
111113333333333330100010000
111113333333333334100110000
111113333333333334100100000
111113333333333330100100000
111113333333333331100100000
111133333333333331100100000
001000000003333333331
001010000003333333330
001010000003333333330
101110000003333333330
000101000033333333330
000011000033333333330
000011000033333333330
000011000033333333300
100110000033333333310
100110000033333333310
000000003333333333331
000000103333333333331
000000103333333333331
000000013333333333330
000001003333333333330
000001013333333333330
000001033333333333330
000001133333333333300
000000033333333333300
000000133333333333300
444404444400003333333333330
444004444000003333333333300
444004440040033333333333300
444004440000033333333333300
444004440000033333333333300
444404440000033333333333300
444444444000033333333333300
444444444000033333333333300
444444444000033333333333300
444444440000033333333333300
000033333333333333
000033333333333333
000033333333333333
000033333333333333
000333333333333333
000333333333333333
000333333333333333
000333333333333333
000333333333333333
000333333333333330
444444333333333333333
444444333333333333331
444444333333333333331
444444333333333333331
444444333333333333331
444441333333333333331
444441333333333333331
444441333333333333331
444441333333333333331
444441333333333333331
444441333333333333331
444441333333333333331
444441333333333333331
444441333333333333331
444441333333333333331
444443333333333333331
444443333333333333331
444443333333333333331
444443333333333333331
444443333333333333331
144113301333330000303
144103301333330000303
144103301333330000303
144133301033330000303
144133301033330000303
144133001333330000303
144133001333330000303
444133003333330000313
444133003333333000313
444133033333333000313
444133003333333000333
441133033333333000333
441133033333333000033
441133003333333000033
441133003333303000033
441033013333303000033
441033013333303000033
441033013333303000031
441033013333303000031
441133013333303003031
413333333001013331144
413333333011013331144
403333333011113331144
101333333010113331444
111333333010113331444
113333333011113331444
113333333011113331444
113333330000113331444
113333330000113331444
113333333000113331444
113333333010113331444
103333330011113331444
103333330011113331444
103333333010013311444
103333333010013311444
033333333010113311444
033333333010113311444
133333330010103311444
133333330010113311444
133333330010133311444
001444441333333333114110
021444443333333333104110
001444443333333333104110
001444443333333333204110
001444443333333333201110
004444443333333333114110
004444443333333333114110
014444443333333333111110
014444443333333333111100
024444443333333333114100
014444443333333333114100
014444443333333333114100
014444443333333333114100
014444413333333331114100
014444413333333331114100
014444413333333331114100
014444413333333331114100
014444413333333331114100
014444403333333331114100
214444413333333331141100
444444444433333333333333
444444444333333333333333
444444444333333333333333
444444403433333333333333
444444403433333333333333
444444403033333333333333
444444403033333333333333
444444403033333333333333
444444403333333333333333
444444403033333333333333
444444403033333333333333
444444443333333333333333
444444444033333333333333
444444444033333333333333
444444444333333333333333
444444444333333333333333
444444443333333333333333
444444444333333333333333
444444444333333333333333
444444444333333333333333
333333333333333333333330
333333333333333333333330
333333333333333333333330
333333333333333333333330
333333333333333333333330
333333333333333333333330
333333333333333333333330
333333333333333333333330
333333333333333333333330
333333333333333333333330
333333333333333333333330
333333333333333333333330
333333333333333333333330
333333333333333333333301
333333333333333333333301
333333333333333333333301
333333333333333333333301
333333333333333333333301
333333333333333333333301
333333333333333333333301
333333333333333333
333333333333333333
333333333333333333
333333333333333333
333333333333333333
333333333333333333
333333333333333333
333333333333333333
333333333333333333
333333333333333333
333333333333333333
333333333333333333
333333333333333333
333333333333333333
333333333333333333
333333333333333333
333333333333333333
333333333333333333
333333333333333333
333333333333333333
033333333333333333333
033333333333333333333
033333333333333333333
033333333333333333333
033333333333333333333
033333333333333333333
033333333333333333333
033333333333333333333
033333333333333333333
033333333333333333333
033333333333333333333
033333333333333333333
033333333333333333333
333333333333333333333
333333333333333333333
333333333333333333333
333333333333333333333
333333333333333333333
333333333333333333333
333333333333333333333
000001144440000003343333333333330
000001144440000003333333333333300
000000444444000004433333333333300
000000444440000014433333333333300
000001444401001043433333333333300
000000444411001033433333333333300
000010444440000033333333333333300
000011444400000033433333333333300
000000033333333333333
000000033333333333333
000000333333333333333
000000333333333333333
000100333333333333333
000004333333333333333
000004333333333333333
000004333333333333333
000000333333333333333
000000333333333333331
000000333333333333331
000004333333333333331
000004333333333333331
000004333333333333331
000000333333333333330
000000333333333333330
000333333333333333330000
000333333333333333330000
000333333333333333330000
003333333333333333330000
003333333333333333300000
003333333333333333300000
003333333333333333300000
003333333333333333300000
001111444400333333333304444
001111444400333333333304444
001111444400333333333304444
001111444403333333333114444
001114444403333333333114444
001114444403333333333114444
001114444103333333333114444
000144113333333333144441
000141013333333333144440
001141113333333333144441
001141003333333330144441
001441103333333330144440
000441133333333331444440
001441133333333330444440
001441033333333330444410
001104400333333333333311
001104400333333333333311
001004100333333333333311
001044000333333333333310
001044000333333333333310
001044000333333333333314
011044003333333333333114
011044103333333333333114
100013333333333333100101111
100013333333333333101111111
101013333333333333101101111
001013333333333333111111100
111013333333333333101101100
111013333333333333111101110
101113333333333333101111100
000333333333333333333333001001
000333333333333333333333111000
000333333333333333333333101000
000333333333333333333330100000
000333333333333333333330000000
000333333333333333333330100000
000333333333333333333330100000
000333333333333333333330000000
000333333333333333333330110010
000333333333333333333330110010
001333333333333333330
001333333333333333330
001333333333333333330
001333333333333333330
001333333333333333330
003333333333333333330
003333333333333333330
003333333333033333330
003333333333033333330
003333333333333333310
003333333333033333310
003333333333333333310
003333333333333333310
003333333333333333300
003333333333333333300
003333333333333333300
003333333333333333300
013333333333333333300
013333333333333333300
013333333333333333300
000033333333333333333
000033333333333333333
000033333333333333333
000033333333333333333
000033333333333333333
000033333333333333333
000033333333333333333
000033333333333333333
000033333333333333333
000033333333333333333
000033333333333333333
000033333333333333333
000033333333333333333
000333333333333333333
000333333333333333333
000333333333333333333
000333333333333333333
000333333333333333333
000333333333333333333
000333333333333333333
000000333333333333330
000010333333333333330
000010333333333333330
000013333333333333330
000013333333333333330
000013333333333333330
000003333333333333330
000003333333333333330
000003333333333333330
000003333333333333330
000003333333333333330
000003333333333333300
000003333333333333300
000003333333333333300
000003333333333333300
000003333333333333300
000003333333333333300
000003333333333333300
000003333333333333300
000003333333333333300
000003333333333333
000003333333333333
000003333333333333
000003333333333333
000003333333333333
000003333333333333
000003333333333333
000003333333333333
000003333333333333
000003333333333333
000003333333333333
000003333333333333
000003333333333333
000003333333333333
000003333333333333
000003333333333333
000003333333333333
000003333333333333
000003333333333333
000033333333333333
101111111333333
001111111333333
001111111333333
001111111333333
001111111333333
001111111333333
011111111333333
011111111333333
111010333333333333111011
111010333333333333111011
111110333333333331111011
001110333333333331111101
001111333333333331110001
001113333333333331110001
001103333333333331110011
101103333333333331110011
000000010333333333
000000010333333333
000000010333333333
000000000333333333
000000100333333333
000000100333333333
000000100333333333
000000100333333333
000001033333333330
000101333333333330
000101333333333330
000111333333333310
000011033333333310
000010333333333300
000010333333333300
001010333333333300
001103333333333
000113333333333
000113333333333
001113333333333
001113333333333
001113333333333
001113333333333
000103333333333
100000133333333330
100000333333333330
000000333333333330
000000333333333330
000001333333333330
000000133333333330
000001333333333300
000001333333333300
010111444440333333333
011001444443333333333
011011444443333333333
010004444443333333333
010004444443333333333
011004444443333333333
010014444403333333333
110104444443333333333
100000013333333333333
010000013333333333333
000000103333333333333
000000003333333333333
010000103333333333333
010000103333333333333
010000003333333333333
000000103333333333333
001001444400033333333333
001000444400033333333333
001000444400033333333333
001001444400033333333333
001000444100333333333333
000004444001333333333333
000004444000333333333333
000014444000333333333333
044444400011013333333333334
344444400001333333333333334
044444000001333333333333334
044444000000333333333333334
044444401100333333333333034
144444401100333333333333334
444444011110333333333333334
444444010111433333333333344
444400011000133310010000
444400011100133310011100
444400001100133010000000
444400000100133010001000
444400010101333000001000
444400010100333000001000
444400000000333100001000
444000000001333000000000
000010044444333304444000
100000014443333304444000
100000014443333311444000
100010044443333304444001
000001014413333304440000
000000114413333304440001
000010114443303344440010
000010114413303344440000
441000113330000000
440000103330000000
440000113330000000
400000013300000000
400000113300000000
400001103300000000
400001103300000000
410001003300000000
010000000144331444000010
010000000144331444000010
010000001143331444100010
000000000143330444100010
000000000003330440100000
000000001403330441100010
000001011033311441100010
000000001033314440000100
001003333333333333333333111001000000
000003333333333333333333111001000000
000003333333333333333333111001000000
000003333333333333333333111000000000
000003333333333333333333110000000000
000003333333333333333333110000000100
000003333333333333333333110000000100
000033333333333333333333110000000100
000033333333333333333333110000000000
000033333333333333333333110000000000
110111111133333333
110111111133333333
110111110133333333
110111110133333333
110111110133333333
110111110333333333
100111111333333333
101111111333333333
111003333333
111003333333
111033333333
111033333333
111033333333
101033333333
100033333333
100033333333
110000011011114333330000
010000110000014333330010
000001110000013333330030
010001110000113333330030
001101110010043333330001
001101100010043333330000
000100110010043333300000
000100110000143333300001
010404440103333333344
001404440013333333304
001404400013333333301
001444400103333333300
101444401143333333340
100444411143333333340
100114410133333333340
000110400133333333340
100100010101110010333333100
100100010101110010333330100
100100110100111010333331100
110100110110101010333331400
010010110010100100333331401
000010110010100133333330001
010010110010100103333331101
000010100011100113333331001
004000433333333311000
004100433333333311000
104410433333333300000
001010433333333300000
040011333333333301000
001001333333333300000
140001333333333100100
140001333333333410000
000114100003333333333333300
000104100003333333333333300
000114000103333333333333300
000101000103333333333333300
001111000103333333333333301
001111000103333333333333001
001110000103333333333333401
001041000033333333333333001
001010010033333333334000
001010010333333333334020
001010010333333333334000
001110013333333333331100
000000013033333333330000
000110013333333333330100
000101013333333333330100
010110103333333333344100
001101010133333333303200
001000000033333333303000
001001000033333333310200
010001000333333333030000
011100000333333333030110
011100000333333333030010
011002000333333333030001
011011100333333333031001
400000000033333333333333300
400000000033333333333333300
400000000033333333333333000
400000000033333333333333000
400000000333333333333333000
400000000333333333333333000
400000000333333333333333000
400000020333333333333333000
400000000333333333333333000
400000000333333333333333000
000011011110033333333333333
000010111110033333333333333
000010111110033333333333333
000010111100033333333333333
000010111100333333333333333
000110111110333333333333333
000110011110333333333333333
001000000333333333333300
001000000333333333333300
000000000333333333333300
010000000333333333333300
010000000333333333333300
010000003333333333333000
010000003333333333333000
001000000000000003333333
001000000000000033333333
010000000000000033333333
010000000000000033333333
010000000001000033333333
010000000000000033333333
010000000011000033333331
010000000011000033333331
100000000000033333333000
100000000000133333333000
000000000000033333333000
000000000000033333333000
000000000000033333333000
000000000000033333333000
000000000000333333333000
010010001113333333110
010010001113333333010
010010001113333333010
010010001113333333010
010010001113333333010
000010001103333333010
000010001103333333010
000000001103333333010
000000001003333333010
100000011003333333000
100000011103333333010
100000011133333333000
100000011133333333000
100000011133333333000
100000011133333333000
100100011133333333000
100100011133333333000
100100011133333333000
100100011133333333000
100100011133333330100
113314333333333
113314333333333
013314333333333
013344333333333
010344333333333
010344333333333
100343333333333
100343333333333
133143333333330
000333333330
000333333300
000333333300
000333333300
003333333300
003333333300
003333333300
003333333300
003333333300
003333333300
033333333333
033333333333
033333333333
033333333333
033333333333
333333333333
333333333333
333333333333
333333333333
333333333333
000000033333333333300
000000133333333333310
000000133333333333310
000000133333333333300
000000133333333333300
000000133333333333300
000000133333333333300
000000033333333333300
000000033333333333100
000000333333333333100
333333333333333333333301
333333333333333333333301
333333333333333333333301
333333333333333333333300
333333333333333333333320
333333333333333333333300
333333333333333333333300
333333333333333333333300
333333333333333333333300
333333333333333333333000
333333333333333333333000
333333333333333333333000
333333333333333333333000
333333333333333333333000
333333333333333333333000
333333333333333333333010
333333333333333333333010
333333333333333333333010
333333333333333333333010
333333333333333333333010
333333333333333333330
333333333333333333330
333333333333333333330
333333333333333333330
333333333333333333330
333333333333333333330
333333333333333333330
333333333333333333330
333333333333333333330
333333333333333333330
333333333333333333330
333333333333333333300
333333333333333333300
333333333333333333300
333333333333333333300
333333333333333333300
333333333333333333300
333333333333333333300
333333333333333333300
333333333333333333300
333333333333333333333
333333333333333333333
333333333333333333333
333333333333333333333
333333333333333333333
333333333333333333333
333333333333333333333
333333333333333333333
333333333333333333333
333333333333333333333
333333333333333333333
333333333333333333333
333333333333333333333
333333333333333333333
333333333333333333333
333333333333333333333
333333333333333333333
333333333333333333333
333333333333333333333
333333333333333333333
001333333333333333333
001333333333333333333
001333333333333333333
001333333333333333333
001333333333333333333
001333333333333333333
001333333333333333333
001333333333333333333
001333333333333333333
001333333333333333333
011333333333333333333
001333333333333333333
001333333333333333333
001333333333333333333
011333333333333333333
011333333333333333333
011333333333333333333
011333333333333333333
011333333333333333333
011333333333333333333
010000333333333333333111111111111000
010000333333333333333111111111110000
110000333333333333333111111111101000
110100333333333333333111111111100000
110400333333333333333111111111100000
110100333333333333333111111111100000
110101333333333333333111111111000000
110101333333333333331111111111000000
111001333333333333331111111111100000
000003333333333333331111111111110000
110011010333333333333333011110111
110001010333333333333333011110111
110001003333333333333333111110111
110001003333333333333333111110111
110000103333333333333333111110111
110010103333333333333333111110111
100000103333333333333333111111111
100010103333333333333333101111111
100100003333333333333333111111111
100100003333333333333333111101111
000000333333333333333333333333
000000333333333333333333333333
000000333333333333333333333333
000000033333333333333333333333
000000033333333333333333333333
000000333333333333333333333333
000000333333333333333333333333
000000333333333333333333333333
000000333333333333333333333333
000000333333333333333333333333
000000000033333333333001010000001
000000000033333333333001010000001
000000000033333333333000010000001
000000000033333333333000010000011
000001000333333333333000010000010
000001000333333333333010010000010
000001001333333333333010010000010
000000001333333333333010110000000
000000001333333333333010110000000
000000000333333333330010100000000
010000441000304403333333300000
000000441000344403333333300000
000000441000044403333333300000
000001441000344433333333300000
000001441000344333333333300000
100101441001044433333333300000
100101441001044433333333300000
100101440003144133333333300000
100101410003144133333333300000
100101410000044133333333300000
333333333333333333333331
333333333333333333333331
333333333333333333333331
333333333333333333333330
333333333333333333333330
333333333333333333333330
333333333333333333333331
333333333333333333333330
333333333333333333333330
333333333333333333333330
000101333333333333443333333311010
000111333333333333443333333311001
000101333333333333343333333310001
000003333333333333333333333011001
001003333333333333433333333111001
101003333333333333433333333111001
101101333333333333433333333111101
001103333333333333433333333110100
001003333333333333433333333110100
001003333333333334333333333110100
011000100333333333333333330441100
111000003333333333333333330440100
110000003333333333333333310440010
111000003333333333333333310440110
111100013333333333333333341410010
111100013333333333333333300410010
111100003333333333333333301411000
110001013333333333333333301440100
110101043333333333333333304400000
110001013333333333333333304411000
101103333133044444310100000000
101103333300044444310100000000
011103333330444441310000000100
011103333330444441312000001100
011103333331444444302000000110
011113333331444441000010000110
011133333031444443000010001110
011133330033444443100110000110
011133331031444443100000000100
011033331330444443121000000002
011333333333333333333333333330000
011333333333333333333333333310000
011333333333333333333333333300000
130334333333333333333333333310000
030333333333333333333333333310000
300334333333333333333333333300000
300333333333333333333333333311000
300333333333333333333333333301000
300333333333333333333333333300000
301333333333333333333333333300000
110110033333333333333330111111
110110033333333333333330111111
111110033333333333333331111111
110110033333333333333331111111
110110033333333333333331111111
110110033333333333333331111111
110110033333333333333331111111
110110333333333333333331111111
111110333333333333333301111111
111110333333333333333301111114
110001113333333333333333333333331
110001113333333333333333333333331
111001113333333333333333333333331
111001113333333333333333333333331
110001113333333333333333333333311
110001113333333333333333333333311
111001133333333333333333333333311
111001113333333333333333333333311
110001133333333333333333333333311
110011133333333333333333333333311
004444113333333333333333333333301
004444103333333333333333333333311
044444103333333333333333333333011
004444103333333333333333333333111
044440103333333333333333333333111
044441103333333333333333333333111
044441103333333333333333333333111
044441103333333333333333333333011
044441103333333333333333333333011
044441103333333333333333333333011
104411333333333333333333333333
104400333333333333333333333333
144401333333333333333333333333
104411333333333333333333333333
144411333333333333333333333333
044411333333333333333333333333
044111333333333333333333333333
444011333333333333333333333333
044010333333333033333333333333
444013333333333033333333333333
