000100000000010000000000001100001000
000100000000010000000000001000001000
000100000000010000000000001000010000
000000000000000001000000000010000001000000000010000000
000000000000000001000000000000000001000000000010000000
000000000000000001000000000100000001000000000010000000
101000100001000000001000001000000100
111110100001000000000000000000000000
111100000000000000000000010000000000
110000000000000000010000010000000000
000001000010100000000000000000000000
000000000000100000000000100000000000
000010000000100000000000100000000000
000010000000000000000000100000000000
444444444444444441111444111000000000000110000011000000100000000000
444444444444444441111441011000100100000110000011000000100000000000
444444444444444411111441011000000100000110000011000001100000000000
444444444444444411111441010000100100000110000111000001000000000000
444444444444444411111441010000000100000100000110000001000000000000
000000000000000000001011000000
000000000000000000001011000000
000000000000000000000110000000
000000000000000000010110000000
000010000000000000
000100000000000000
000100000000000000
000100000000000000
110000000000000000000000000000
100000000000000000000000000000
000000000000000000000000000001
000000000100010000000000100000
001100000000100100000000
001100000000100100000000
011000000000101100000000
011000000000001000000000
000000000000000000000000000000000000
000000000000000000000010000000000000
000000000000000000000000000000000000
000000000000000000000000000000000000
000000000000000000000000000000000000
000000000000000000000000000000
000000000000000000000000000000
000000000000000000000000000000
000000000000000000000000000000
000000000000000000000000000000
000000000000000000000010000000100000
000000000000000000000010000000100000
000000000000000000101110000000100000
000000000000000000101010000000100000
000000000000100000101010000000000000
000000000000100000101010000000000000
000000000000100000101110000001000000
000000000000100000101010000000000000
000000000000100000000000000001000000
000000000000100000000000000001000000
000100000001000000000000000000000010
000100000001000000000000000000000010
000100000001000000000000000000100100
000100000001000000000000000000100100
000000000001000000000000000001100100
000000000001000000000000000001100100
000000000000000000000000000001000100
000000000000000000000000000001000100
000000000000000000000000000001000100
000000000000000000000000000001000100
000100000001000000100000000000000000010000040000000000
000100000001000000000000000000000000010000440000000000
000100000001000001000000000000000000110000440000000000
100000000000000000000000000000000000000000000000
100000000000000000000000000000000000000000000000
100000000000000000000000000000000000000000000000
000000000000000000000000000000004444444444
000000000000000000001000000000044444444444
000000000000000000000000000000044444444444
000000000000000000000000000000044444444444
000000000000000000000000000000000000000000044444
000000000000000000000000000000000000000000044444
000000000000000000000000000000000000000000444444
000000000000000000000000000000000000000000444444
000000000000000000
000000100000000000
000000100000000000
000000001000000000000000
000000010000000000000000
000000010000000000000000
001101110000000000000000000001
001001100000000000000000000001
001001100001000000010000100000
001011100001000000000000100010
000001101110100110110101001000
000001111110101010100101011000
000001011010101011100101010000
000001011010101011100101010000
000000000000010000000000000000000000
000000000000010000000000000000000000
000000000000000000000000000000000000
000000000000000000000000000000000000
000000000000000000000000000000
000000000000000000000000000000
000000000000000000000000000000
000000000000000000000000000000
000011110000000000000000000000
000001110000000000000000000000
000011100000100000000000000000
010111100000100000000000000000
000011100000100000000000000000
000000000000000000000000000000000000
000000010000000000000000000000000000
000000010000000000000000000010000000
000000010000000000000000000010000000
110001111100000000000000011000000000000000
110001111100000000000000011000000000000000
100011111100000000000000010000000000000000
100011111100000000000000010000000000000000
000100000010000000010000000000000010000000100000000000
001000000010000000010000000000000010000000100000000000
001000000010000000010000000000000100000000100000000000
001000000010000000010000000000000100000001100000000000
001110010000000000100000000100000000000000
001010100000000000100000001100000000000100
001010110000000000100000001000000000000100
001100110000000000100000001000000000000000
000000000000000010001000000000010000
000000000000000000000000000000010000
000000000000000000010000000000000000
000000000000000100010000000000010000
001000000000000010
001000000000000010
001000000000000110
001000000000000100
011000000000000100
000000000001110000000000100000000000000000
000000011001100000000000100000000000000000
000000000001100000000000000000000000000000
000000000001100000000000000000000000000000
000000010000100000000001000000000000000000
000101001110001000000000000000
000100001100010000000000000000
001001011000010000000000000000
001001011000010000000000000000
001001011000010000000000000000
010000000000010000000000000000000001
010000000000010000000000000000000001
000000000000000000000000000000000001
000000000000000000000000000010000000
100001000000000000010000000010000000
000000000000000000000100000000000101001000
000000000000100000000000000000000101001100
001000000000100000000000000000000001000100
001000000000000000000000000000000000000100
000000000000000000000000000000000000010100
001000010000000000010000000000000000000011000000
000000010000000000010000000000000000000010000000
000000000000000000000000000000000000000110000000
000000100000000000100000000000000000000110000000
000000000010000000000000000000000000000000
000000000010000000000000000000000000000000
000000000000000000000000000000000000000000
000000000110000000000000000000000000000000
000000000000000000000000000000000000000000000000
000000000000000000000000000000000000000000000000
000000000000000000000000000000000000000000000000
000000000000000000000000000000000000000000000000
000000000000000000000000000000000000000000000000
000000000000000000000000000000000000000000000000
110011011000001100000000000000000000000000
110011011000001100000000000000000000000000
110010001000001100000000000000000000000000
100011011000001100000000000000000000000000
100011011000001100000000000000000000000000
100011011000000100000000000000000000000000
110011001000001100000000000000000000000000
100111001000001000000000000000000000000000
100111001000001000000000000000000000000000
100111110000011000000000000000000000000000
110000000000000000000010000000000000000000
110000000000000000000010000000000000000000
110000000000000000000010000000000000000000
100000000000000000000000000000000000000000
100000000000000000000000000000000000000000
110000100000000000000000000000000000000000
110000100000000000000000000000000000000000
100000000000000000000100000000000000000000
100000000000000000000100000000000000000000
100000000000000000000100000000000000000000
100000000000000000000000000000
000000000000000000000000000001
300000000000000000000000000000
000000000000000000000000000001
000000000000000000000000000000000000000000
000000000000000000000000000000000000000000
000000000000000000000000000000000000000000
000000000000000000000000000000000000000000
010000000011000001101110111111
000000000011000101111100111111
100000010010000011011100111111
100001000110000011111100111111
010000000011000001101110111111
000000000011000101111100111111
100000010010000011011100111111
100001000110000011111100111111
000000000110010100000101000000
000000000100100100000101000000
000000001100100000001100000000
000000001100100000001010000000
000000000110010100000101000000
000000000100100100000101000000
000000001100100000001100000000
000000001100100000001010000000
001011100010010000000100000100000000000010000000
001011100010011000000000000100000000000010000000
000001000011111000000000000100000000000000000000
010101000010101000001000000000000000000000000000
010111000100100000001000001000000000000100000000
100000001000000000000000
000000011000000000000000
000000010000000000000000
000000010000000000000000
000000010000000000000000
000000000000000000000000100001000001
100000000000000000000000000001000001
100000000000000000000000000001000001
000000010000000000000000000000000010
000000000000000000000001000010000010
000001000000000000001000000000000000100001
000000000000000000000000010000000000100001
000000000000000000000000010000000000100001
000010000000000000010000010000000001000001
000000000000000000010000000000000001000011
000000000000000000000000000000000000000100000000000000
000000000000010000000000000000000000000100000000000000
000000000000010000000001000000000000000001000001000000
000000000000000000000001000000000000000001000001000000
000000000000000000000000000000000000000000000001000000
111144444444444444444440000111000000001111
111144444444444444444440000110000000001110
111144444444444444444440000111000000011110
000000010000000000100000000100000001000000
000000100000000000100000000000000001000000
000000100001000000000000000000000010000000
000000000000100000000000000000000000000001
000000001000100000000000000000000000000000
000000001000100000000000000000000000000000
000000001000100000100000000000000100000000
000000001000100000100000000000000100000000
000000001000000000100000000000000100000000
000000000000000000100000000000000000000000
000000000001000000000000000000000000000010
000000000001000000000000000000000000000010
000000000001000000000000000000000000000010
444444404100000000000000000000000001000000
444444404100000000010000000000000001000000
444444404100000000010000000000000001000000
444444440100000000010000000000100000000000
444444414100000000010000000000100000000000
444444444000000000000000000000000000000000
444444444000000000000000000000000000000000
444444440000000000000000000000000000000000
444444440000000000000000000000000000000000
444444041000000000000000000000000010000000
110000000000000010000000000100000000000000
100000000000000010000000000100000000000000
110000000000000010000000000100000000000000
110000000000000010000000000100000000000000
110000000000000010000000000100000000000000
100000000000000110000000000100000000000000
100000000000000110000000000100000000000000
100000000000000100000000001100000000000000
100000000000000100000000001000000000000000
100000000000000100000000001000000000000000
000000000000000000001100000000001000000000
000000000000000000001100000000001000000000
000000000000000000001100000000001000000000
000000000000000000001000000000001000000000
000000000000000000001000000000001000000000
000000000000000000001000000000010000000000
000000000000000000001000000000010000000000
000000000000000000011000000000010000000000
000000000000000000011000000000010000000000
000000000000000000011000000000010000000000
000000000000000000000000000000000001000000000000
000000000000000000000000000000000000000000000000
000000000000000000000000000000000000000000000000
000000000000000000000000000000000000000000000000
000000000000000000000000000000000010000000000000
000000000000000000000000100000000000000000000000
000000000000000000000000100000000000000000000000
000000000000000000000000100000000000000000000000
000000000000000000000000100000000000000000000000
000000000000000000000001100000000000000000000000
110000000000111111111111111111111111111100
111000000000111111111110111111111111111100
110000000001111111111100111111111111111100
110000000001111111111110111111111111111100
100000000001111111111100111111111111111100
110011011101000000010111100000000000000000000000000000000000
110011010101000000010001100000000000000000000000000000010100
110110011101000000001011100000000000000000000000000000010100
100111110100000000100111100000000000100000000000000000000000
000000000000000000000000110000001000
000000000000000000000000010100001000
000000000000000000000001010100010000
000000000000100000000001000100010000
410000000000000100100000100000000000000000000000
400100000000000101100000100000000000000000000100
400100000000000101000000100000000000000000000100
111111110000000000000000000000000010
111111111000000100000000000000000010
111111100000000100000000000000000010
410000010000001000000000000000000000001000
400000000000001000000001000000000000010000
410000000000001000000001000000000000010000
400000000000001000000001000000000000010000
000100000000010000000001000000001000100000
000000000000011100000010000000001000100000
000000000000010000000010000000001000100000
000000000000010000000010000000001001000000
444441100010001111011100000000001110000000000011
444410100000001111011100000000001100000000000011
444411000010011110111000000000001100000000000011
444410000010001110111000000000001100000000000111
444400100110011110111000000000011100000000000110
101001000001100000000000000000000000000000000000000000
111000000001100000000000000000000000000000100000000000
111001000011000000000000000000000000000000000000000000
111000000011000000000000000000000000000000000000100001
011000000011000000000000000000000000000000000000000000
101001000001100000000000000000000000000000000000000000
111000000001100000000000000000000000000000100000000000
111001000011000000000000000000000000000000000000000000
111000000011000000000000000000000000000000000000100001
011000000011000000000000000000000000000000000000000000
000000000000000000000001101000000000
000000000001010000000011010000000000
000000000001010000000011010000000000
000000000101010000000011010000000000
111111111111100000000000000000001111
111111111111100000000000000000101111
111111111111000000000000000000001111
111111111111000000000000000000111110
012000000001
010000000000
010100000011
010100100010
100000100010
100000100010
100000000000
100000000100
001000000000000000000000000000000000000000
000000000000000000000000000000000000000000
000000000000000000000000000000000000000000
000000000000000000000000000000000000000000
010000000000000000000000001000000000000000
000000000000000000100000000001
000000000000000000100000010001
000000000000000000000000010000
000000000000000001000000010000
000000000000000001000000000010
000100000010000000000000010000000000
000100000000000000000000100001000000
000000000000000000000000100001000000
000000000000000000000000100001000000
000000000000000000000000100001000000
000000000100000000000000100000000000
001000000100000000000000100000000000
001000000100000000000000100000000000
001000000100000000000000100000000000
001000000100000000000000100000000000
000000000000000000000100000000000001
000000000000000000000000000000000001
000000000000000000000000000000000001
000000000000000010001000000000000001
000000000000000010001000000000000001
000000000000000010001000000000000001
000000000000000010001000000000000001
000000000000000010001000000000000001
000000000000000010001000000000000001
000000000000000000001000000000000010
000000000000000000000000000000000000000000000000
000000000000000000000000000000000000000000000000
000000000000000000000000000000000000000000000000
000000000000000000000000000000000000000000000000
000000000000000000000000000000000000000000000000
000000000000000000000000000000000000000000000000
000000000000000000000000000000000000000000000000
000000100000000000000000000000000000000004444444
000000100000000000000000000000000000000004444444
000000000000000000000000000000000000000004444444
000000000000000000000000000000000000000004444444
000000000000000000000000000000000000004444444444
000000000000000000000000000000000000004444444444
000000000000000000000000000000000000004444444444
000000000000000000000000000000000000044444444444
000000000000000000000000000000
000000000000000000000000000000
000000000000000000000000000000
000000000000010000
000000000000000000
000000000000100000
000000000000011010000000000000
000000000000001010000000000000
000000000000001010000000000000
000000000000110010000000000001
000101011011100100000101000000
000101011011100100000101000000
000001011011000100000001000000
001001011011000000001010000000
000000000000000000000000000000
000000100000000000000000000000
000000100000000000000000000000
000000000000000000000100000000
000000400000000000000000000000
000004400000000000000000000000
000004400000000000000000000000
000004000000000000000000000000
000000000100000000000000000000000000
000000000100000000000000000000000010
000000000000000000000000000000000000
000000000000000000000000000000000000
100000000000000000001000000000000000
100000000000000000001000000000000000
000000010000000000001000000000000000
000000010010000000000000000000000000
000000000000000000000000000000000000000000000000000000000000
000000000000000000000000000000000000000000000000000000000000
000000000000000000000000000000000000000000000000000000000000
000000000000000000000000000000000000000000000000000000000000
000001000010000000000000000000
001000000010000000000000000000
001000000000000000000000000010
001000000100000000000000000000
000000001100000000000001000000000000000000001000000000
000000001100000000000001000000000000000000001000000000
000000001000000000000011000000000000000000001000000000
000000001000000000000010000000000000000000001000000000
044410001101000000000000100000000000000000
444400001111000000000000100000000000000000
444400001110000000000000100000000000000000
444400001010000000000001000000000000000000
000100000000000000000000
000100000000000000000000
000000000000100000000000
000000000000100000000000
000000000000000000000000
000000000000100000000000000000000000000000040000
000000000000100000000000000000000000000000040000
000000000000000000000000000000000000000000400000
000000000000000000000000000000000000000000400000
002000000000000000000000000000000000000000400000
111110011111100000100001000000000001
111110011011100000100001000000000101
111110011011100000100001000000000001
111110010111100001111000000000000101
111110010111100001111000000000000101
111111010011100001100000000000000101
111111010011100001100000000000000001
111100010011100001000000000000000001
111100110011100001000000000000000001
111100111111000001000000000000000011
001002000001000000000010000000
001000100001000000000010000000
002000000001000000000010000000
011000100001000000000011000000
011000100001000000000010000000
001000100011000000000000000000
011000100011000000000100000000
011000100011000000000001000000
011000100010000000000001000000
011020100010000000000100000000
100000000010000000000000000000000000
000001000000000000000000000000000000
000001000000000000000000000000000000
000001000000000000000000000000000000
000001000000000000000000000000000000
000011000000000000000000000000000000
000011000000000000000000000000000000
000011000000000001000000000000000000
000011000000000001000000000000000000
000000000100000001000000000000000000
000001000000000100000000000000000000
100011000000001100000000000110000000
100001000000001100000000000110000000
000001010000001100000000000000000000
000001000000001100000000000000000000
000101000000001000100000000000000000
000101000000001000100000000000000000
000000000000001000100000001000000000
000100000000001000000000001000000000
000010000000001000001000001000000000
000000001000000000000000000000000000
000000000000000000000000000000000000
000000000000000000000000000000000000
000000000000000000000000000000000000
000100000000000000000000000000000000
000000000000000000000000000000000000
000000000000000000000000000000000000
000000000000000000000000000000000000
000000000000000000000000000000000000000000000000
000000000000000000000000000000000000000000000000
000000000000000000000000000000000000000000000000
000000000000000000000000000000000000000000
000000001000000000000000000000000000000000
000000000000000000000000000000000000000000
000000000000000000000000000000000000000100
000000000000000000000000000000000000000100
000000000000000000000000000000000000000100
000000000000000000000000000000000000000100
000000000000000000000000000000000000000100
000000000000000000000000000000000000000000
000000000000000000000000000000000000000000
000000000000000000000000000000000000001000
000000000000000000000000000000000000001000
000000000000000000000000000000000000001000
100000000000100000000000000000000001000000
100000000000100000000000000000000001000000
100000000000100000000000000000000001000000
100100010000000000000000000000000000000000
100100010000000000000000000000000000000000
100100010000000001000000000000000000000000
100100010000000001000000000000000000000000
000000000000000001000000001000000010010000
000000000000000001000000001000000010010000
000000000001000000000000000000000010010000
111110110111000000000000111000001101001001111110
111110110111000000000000101000001100001001111110
111110110011000000000000101000011010000011111100
111111111010000000000000100000011010010011111100
011001110100000000001100000000000000000000
110001100000000000001111000010000000000000
110001101000000000011100000000000000000000
100001101000000000011100000000000000000000
000000000000000100000000000000100000
000000000000001000000000000000100000
000000000000001000000000000000100000
000000000000001000000000000000000000
010000100110000000010000011000000100
010001000110000000010000010000000000
010001000110000000100000010000001000
010001000100000000100000010000001000
000000000010000000000000010000010100
000000000110000000000000010000000101
000000001110000000000000010000000100
010000000110000000000000010001101000
001010000001000000000001001000
000010000000001000001001000000
000010000000001000001001000000
000010000000001000001001000000
000010000000001000001001000000
010000000000001000001000010000
010000000000001000001000010000
010100000010000000000000010000
010100000010000000000000010000
010100000010000000000000010000
000100001000000000000000000100
000100001000001000000000000100
000100001000001000000000000100
000100000000001000010000001000
000100000000001000010000001100
000100000000001000010000001000
000100000000001000010000001000
001000010000001000010000001000
001000010000001000010000001000
001000010000000000000000001000
000000010000000000000000110000000000000000
100000000000000000000000110000000000000000
000000100000000000000000100000000000000000
000000000000000000000000100000000000000000
000000000000000000001100000000000000000001000000
000000100000000000001100000000000000000001000000
000000000000000000001100000000000000000010000000
000000000000000000000100100000011000000011000000
000000000000000000000000000000110000000011000000
000000000000000000001000000000010000000010000000
000000000000000000001000000000001000000010000000
000000100001100000000010000000010000000000
000001100001100000000010000000010000000000
000001100001100000000010000000010000000000
000001100001100000000000000000010000000000
000001100001100000000000000000010000000000
000001000001100000000100000000010000000000
000001000001100000000100000000010000000000
000001000001000000000100000000100000000000
000001000001000000000100000000100000000000
000001000011000000000100000000100000000000
110000000000000000001000000000000001100000
110000000000000000011000000000000001100100
100000000000000000010000000000000001100100
100000000000000000010000000000000001000100
100000000000000000010000000000000001000100
114444444444440000000000000000000000000000000000
144444444444440000000000000000000000000000000000
144444444444440000000000000000001000000000000000
144444444444440000000000000000001000000000000000
144444444444440000000000000000001000000000000000
000000000000000000000000000000000000
000000000000000000000000000000000000
000000000000000000000000000000000000
000000020000000000000000000000000000
000000000000000000000000000000000000
000000000000000000000000000000000000
000000000000000000000000000000000000
000000000000000000000000000000000001
000000000000000000000000000000000001
000000000000000000000000000000000000
000100000010000000000000000000
001100000010000000101000000000
001100000010000000101000000000
001000100010000000101000000000
001000000010000000101000000000
001000001010000010001000000000
001000001010000010001000000000
001000000100000000001000000000
001000000100000000001000000000
001000000100000000000000000000
010000100100000000100000000010011000000000000000101000111000
000000000100000000000000001010001010000000000001111010000100
000100010100000000000011000010111000000000000111100000000100
100000010011100000000010010000110100000000000111100001000100
100100111010010000000010000001000100000000001001100000011100
000000000000010000100001000000000000000000000000000000000000
000000000000010000100000000000000000000000000000000000000000
000000000000010000100010000000000000000000000000000000000000
000000000000010000000010000000000000000000000000000000000000
000000000000000001000010000000000000000000000000000000000000
000000001000000000000100011111111000000114444440000000000100
000000000000000000000100011111111000000104444410000000000100
000000000000000000000000011111010000000144444410000000000100
000000010000000000000000011111110000000144444410000000001100
000000010000000000001000011111110000000144444410000000001000
000000000000000002110000001000000000100000100000010000000000000000
000000010001000000100000000000000001100000100000010000000000000000
000000010001200000100000000000000001000000000000100000000000000000
000000010001000000100000010000000001000000000000100000000000000000
000000000000002020100000010000000001000001000000100010000000000000
000000000010000000000000000000000000000000001000000000000100000000
000100000000000000000000000000000000000000001000000000000100000000
000100000000000000000000000000000000000000000000000000000100000003
000100000100000000000000000000000000000000010000000000000100000000
000100000100000000000000000000000000000000010000000000001000000000
000000000100000000000000000010000000001000000000000000000000
000000000100000000000000000010000000001000000000000000000000
000000001000000000000000000000000000001000000000000000000000
000000001000000000000000000100000000001000000000000000000000
000000001000000000000000000100000000011000000000000000000000
000000000000000000000200000000010000000000100000000000000010
000000000000000000000000000000010000000000000000000000000010
000000000000000000000000000000000000000000000000000000000000
010000000000000000000000000000000000000000000000000000000100
010000000000000000000000000000100000000001000000000000000100
