001000000000000000000111111111111111111110000000010000
011000000000000000000111111111111111111100000000010000
011000000000000000001111111111111111111100000000110000
000000000000111111111111111111100000
000000000000111111111111111111000000
000000000000111111111111111111000000
000000000000111111111111111111000000
000000010000011111111111111111111000000000
000000010000011111111111111111111000000000
000000010000011111111111111111111000000000
000000100000011111111111111111111000000000
000000100000111111111111111111111000000000
000000001111111111111111
000000001111111111111111
000000001111111111111111
000000001111111111111111
000111111111111111111100
000111111111111111111100
000111111111111111111000
000111111111111111111001
000000011111111111111111111111110000
000000011111111111111111111111110000
000000011111111111111111111111100000
000000011111111111111111111111100000
000000111111111111111111111111100100
001000000000001111111111111111110000
001000000000001111111111111111110000
001000000000001111111111111111110000
001000000000001111111111111111110000
001000000000001111111111111111100000
011000000000001111111111111111100000
011000000000001111111111111111100000
011000000000001111111111111111100000
011000000000011111111111111111100000
011000000000011111111111111111100000
000111111111111111111111111100000000000000
000111111111111111111111111100000000000000
001111111111111111111111111100000000000000
001111111111111111111111111000000000000000
000000000000000000000111111111000000000001000000004444444444
000000000100000000000111111111000000000001000000004444444444
000000001000000000001111111111000000000000000000044444444444
000000001000000000001111111110000000000010000000044444444444
000011111111111111111000
000011111111111111111000
000011111111111111111000
010011111111111111111111111110
010011111111111111111111111110
010011111111111111111111111110
010111111111111111111111111100
000000000111111111111111111100
000000000111111111111111111100
000000001111111111111111111100
000000001111111111111111111100
000114444441111111440000
000114444441111111440000
000114444441111111110000
001114444411111111410000
000000000000100111111111111111100000
000000000000100111111111111111100000
000000000000101111111111111111000000
000000000000101111111111111111000001
000000111111111111111111100001000000
000000111111111111111111100000000000
000001111111111111111111000010000000
000001111111111111111111000010000001
000000000011111111111111111111110010000000
000000000011111111111111111111110010000000
000000000011111111111111111111110010000000
000000000111111111111111111111100000000000
000000000111111111111111111111100000000000
000011111111111111111111111111
000011111111111111111111111111
000111111111111111111111111111
000111111111111111111111111111
000111111111111111111111111111
000111111011111111111111111111000000010000
000111111011111111111111111111000000010000
000111111011111111111111111111000000000000
000111111011111111111111111111000000000000
000111110111111111111111111111000000100000
000000000000001111111111111111111000
000000000000001111111111111111111000
000000000000001111111111111111110000
000000000000001111111111111111110000
000000000000001111111111111111111111000000000000
000000000000001111111111111111111111000000000000
000000000000001111111111111111111110000000000000
000000000000011111111111111111111110000000000000
001000000000000000010000000000000011000000
001000000000000000010000000000000011000001
001000000000000000010000000000000011000000
000000000000001000000000000000000011000000
000000000000001000000000000000000011000000
000000000000001000000000000000000010000000
000000000000000000000000000000000010000000
000000000000000000000000000000000010000000
000000000000000000000000000000000010000000
010000000000000000100000000000000110000000
000000000000000000001111111111111111111110000000
000000000000000000001111111111111111111110000000
000000000000000000001111111111111111111110000000
000000000000000000011111111111111111111110000000
001100000000000111111111111111111111111111
001100000000000111111111111111111111111111
001100000000001111111111111111111111111111
001100000000001111111111111111111111111111
010101010000000010000001111111111111111111111111
100101010000000010000001111111111111111111111111
101001100000000010000011111111111111111111111110
101000100000000110000011111111111111111111111110
010001000000011111111111111111111111
000001000000011111111111111111111111
000001000000011111111111111111111111
000000000000011111111111111111111111
100000000000111111111111111111111111
000011000111111111111111111111111100000000
000010001111111111111111111111111000000001
000010001111111111111111111111111000000001
000010001111111111111111111111111000000001
000010001111111111111111111111111000000001
000100111111111111111111111000000000000000
000100111111111111111111111000000000000000
000000111111111111111111110000000000000000
000000000000001111111111001111110000100000
000000000000001111111101011111110000100000
000000000000001111111101001111110000100000
000000000000001111111101011111110000100000
000000000000001111111101011111110000100000
000000000000001111111110001111110000000000
000000000000001111111111001111110000000000
000000000000011111111111101111110000000000
000000000000011111111111101111110000000000
000000000000011111111111011111100001000000
000000000111111111111111111110000000100000
000000000111111111111111111110000000100000
000000000111111111111111111110000000100000
000000001111111111111111111110000000000000
000000001111111111111111111110000000000000
000000001111111111111111111100000001000000
000000001111111111111111111100000001000000
000000001111111111111111111100000001000000
000000001111111111111111111100000001000000
000000001111111111111111111100000001000000
011111111111111111111100
011111111111111111111100
011111111111111111111000
011111111111111111111000
011111111111111111111000
000001000000000000001111111111111111111110000010001000
000001000000000000001111111111111111111101000000001000
000000000000000000001111111111111111111101000000001000
000000000000000000001111111111111111111100000100000000
000111100000000000001111111111111111111110
001111010000000000001111111111111111111110
001111100000000000001111111111111111111110
001000000000011111111111111111111444444440
001000000000011111111111111111111444444440
000000000000111111111111111111111144444440
000000000000111111111111111111111444444440
000000000111000000000011111111111111111111111100
000000000111000000000011111111111111111111111100
000000000110000000000011111111111111111111111100
000000001110000000000011111111111111111111111100
000000001110000000000011111111111111111111111000
000000000011111111111111111111111111111000000000
000000000011111111111111111111111111110000000000
000000000011111111111111111111111111110000000000
000000000111111111111111111111111111110000000000
000000000111111111111111111111111111110000000000
000000000001111111111111111111111111111100100001
000000000001111111111111111111111111111100100001
000000000001111111111111111111111111111000100000
000000000001111111111111111111111111111000100000
000000000011111111111111111111111111111001000100
000000001001111111111111111111100000
000000000001111111111111111111110000
000000000001111111111111111111100000
000000010011111111111111111111100000
000011111111111111
000011111111111111
000111111111111111
000111111111111111
000000000000011111111111111111000000
000000000000111111111111111111000000
000000000000111111111111111111000000
000000000000111111111111111111000000
000000000000111111111111111110000000
000000000100000000001111111111111111000000
000000000100000000001111111111111111000000
000000000100000000001111111111111111000000
000000000100000000001111111111111111000000
000000000100000000001111111111111111000000
000000000100000000011111111111111111000000
000000000100000000011111111111111111000000
000000000100000000011111111111111110000000
000000000100000000011111111111111110000000
000000001000000000011111111111111110000000
001111111111111111111111111111000000000000
001111111111111111111111111111000000000000
001111111111111111111111111111000000000000
001111111111111111111111111111000000000000
000000000000000000000000111111111111110000000044444444
000000000000000000000000111111111111110000000044444444
000000000000000000000001111111111111110000000044444444
000000000000000000000001111111111111100000000444444444
011111111111111110
011111111111111110
011111111111111110
011000000111111111111111111111111110
011000001111111111111111111111111100
010000001111111111111111111111111100
110000001111111111111111111111111100
000000000111111111111111111100
000000000111111111111111111100
000000001111111111111111111000
000000001111111111111111111000
000000000111111111144444444410000000
000000001111111111144444444100000000
000000001111111111144444444100000000
000000001111111111144444444100000000
000111111111111111111111111000000000
000111111111111111111111111000000000
000111111111111111111111111000000000
000111111111111111111111111000000000
001100001111111111111111100000000000
001000001111111111111111100000000000
011000011111111111111111000000000000
011000011111111111111111000000000000
004000444444444444444111444444440000
000004444444444444444111444444440400
000004444444444444444114444444400400
010004444444444444441114444444400400
040004444444444444441114444444400000
001111111111111111111111110000000000
001111111111111111111111110000000000
001111111111111111111111110000000000
011111111111111111111111110000000000
011111111111111111111111110000000000
011111111111111111111111100000000000
011111111111111111111111100000000000
011111111111111111111111100000000001
011111111111111111111111100000000000
011111111111111111111111100000000000
011111111111111111111111111111111111111111111100
111111111111111111111111111111111111111111111100
111111111111111111111111111111111111111111111100
111111111111111111111111111111111111111111111100
111111111111111111111111111111111111111111111100
111111111111111111111111111111111111111111111100
111111111111111111111111111111111111111111111100
111111111111111111111111111111111111111111111101
111111111111111111111111111111111111111111111101
111111111111111111111111111111111111111111111001
000000001111111111111111111111111000000000
000000001111111111111111111111111000000000
000000001111111111111111111111110000000000
000000001111111111111111111111110000000000
000000000000001111111111111111111111111111111111110000
000000000000011111111111111111111111111111111111110000
000000000000011111111111111111111111111111111111110000
000000000011111111111111111111111111111111
000000000011111111111111111111111111111111
000000000011111111111111111111111111111111
000010000011111111111111111111111111111111
000010000011111111111111111111111111111111
000010000011111111111111111111111111111111
000010000011111111111111111111111111111111
000000000011111111111111111111111111111111
000000000011111111111111111111111111111111
000000000111111111111111111111111111111111
000010000100000000111111111111111111111111
000010000100000001111111111111111111111111
001000000100000001111111111111111111111111
001100000100000001111111111111111111111110
011111111111111111111111111111
011111111111111111111111111111
111111111111111111111111111111
111111111111111111111111111111
000100000001001111111111111111111111111111
000100000001001111111111111111111111111111
000100000010001111111111111111111111111111
000000000010001111111111111111111111111111
000100110011111111000000000000000100000000
000000100111111111000000000000000100000000
000000100111111111000000000000001000000000
000000100111111110000000000000000000000000
000000111111111111111114444111
000000111111111111111114444111
000000111111111110111114444111
000000111111111111111114444111
000000111111111111111114444111
000000111111111111111114444111
000000111111111111111114444111
000001111111111111111114441111
000001111111111111111114441111
000001111111111111111144441111
111111111111111111111111100000
111111111111111111111111100000
111111111111111111111111100000
111111111111111111111111100000
000000000000000111111111111111111111111111
000000000000000111111111111111111111111111
000000000000001111111111111111111111111111
000000010000011111111111111111100000001100
000000110000011111111111111111100000001100
000000110000011111111111111111100000001100
000000110000011111111111111111000000001000
000000110000011111111111111111000000001000
000000110000011111111111111111000000001000
000000110000011111111111111111000000001000
000000100000111111111111111111000000011000
000000100000111111111111111111000000011000
000000100000111111111111111111000000011000
001000111111111111111111
010000111111111111111111
010000111111111111111111
010001111111111111111111
010001111111111111111111
000000111111111111111111441111111111111110
000101111111111111111111441111111111111110
000001111111111111110111441111111111111110
000001111111111111111111414110011111111110
000001111111111111111111414110011111111110
000001111111111111111111441111111111111100
000001111111111111111111411111111111111100
000001111111111111111111444111111111111100
000001111111111111111111444111111111111110
001001111111111111111111414111111111111100
000000000000000000004444414111111111111111111111111111111111111110000000
000000000000000000004144111111111111111111111111111111111111111140000000
000000000000000000041444414111111111111111111111111111111111111110000000
000000000000000000044441444111111111111111111111111111111111111100001000
000000000000000000041444141111111111111111111111111111111111111100001000
001111111111111111111111111111111111111111110100010100
001111111111111111111111111111111111111111100000000100
001111111111111111111111111111111111111111100000011100
011111111111111111111111111111111111111111101000101000
011111111111111111111111111111111111111111101000101000
000111111111111111111111111111111111111100000001000000000000000100
000111111111111111111111111111111111111000000010002000000010000100
000111111111111111111111111111111111111100000010000000000010001100
001111111111111111111111111111112111111000000010000000000010001000
001111111111111111111111111111111111111000000000000000000010001100
111111111111111111111111111111000100000011111100000000001000
111111111111111111111111111111000100000011111100000000001000
111111111111111111111111111110000100000011111100000000000000
111111111111111111111111111110000100000011111100000000010000
111111111111111111111111111110001100000111111100000000010000
