000010000000000000002222222222222222222210000000
000000000000100000012222222222222222222000000000
000100000000100000012222222222222222222000000000
000000000100000000000001222222222222222222220100000000
000000000100000000000002222222222222222222222000000000
000000000000000000000012222222222222220222221000000000
000100000000000122222221000000001000000010
000100000000000222222220000000001000000100
000100000000000222222220000000001000000100
000000000000000000000000222222210000000000000001000000
000000000100000000000000222222200000000000000010000000
000000000100000000000001222222120000000000000010000000
000000001000000000000002222222222222100000
010000000000000000000002222222222222100000
010000010000000000000002222222222220100000
010000010001000000000002222222222220000000
000100000000000000000022222222222000
000100000000000000000222222222220000
000100000000000000000222222222220000
000000000000000000000222222222220000
000000000000000002222200001000000000
000000000000000022222200000000000000
000000000000000022222200000000000000
000000000000000022222200010000000000
000000000000000222222222220000
000000000000000222222222200000
000000000000002222222222200001
000000000000002222222222200001
001000000000000022222222222222222222200110
001000000000000022222222222222222222200110
001000000000000222222222222222222222200100
001000000000000222222222222222222222200100
010000000000000222222222222222222222000100
001000000000000022222222222222222222200110
001000000000000022222222222222222222200110
001000000000000222222222222222222222200100
001000000000000222222222222222222222200100
010000000000000222222222222222222222000100
000000000000002222222222000011000000000000
000000000000002222222222100011000000000000
000000000000002222222220000111000000000000
000000000000022222222220000010000000000000
000000000000022222222220000011000000000000
000000000000002222222222000011000000000000
000000000000002222222222100011000000000000
000000000000002222222220000111000000000000
000000000000022222222220000010000000000000
000000000000022222222220000011000000000000
000000222222222222222222221111
000000222222222222222222221111
000000222222222222222222221111
000001222222222222222222221111
111222222222222222222210000110
111222222222222222222210000100
111222222222222222222210000100
111222222222222222222120000100
002222222220000000000000
002222222220000000000000
002222222220000000000000
022222222220000000000000
000001000000222222222211
000001000000222222222211
000010000001222222222211
000010000002222222222111
011122222222222222100001
011122222222222222100001
111122222222222222000011
111222222222222221100010
001122222222222222
001122222222222222
001222222222222222
011222222222222222
000112222222
000112222222
000112222221
000112222221
001112222201
001122222111
001122222111
011122222111
000000002222222222222222222222220000
000000022222222222222222222222220000
000000022222222222222222222222220000
000000022222222222222222222222220000
000000022222222222222222222222220000
000000002222222222222222222000
000000002222222222222222222000
000000002222222222222222222000
000000022222222222222222222000
000000022222222222222222220000
000000002222222222220000000100000000
000000022222222222220000000000000000
000000022222222222220000000000000000
000000022222222222200000000000000000
000000022222222222200000000000000000
000000000022222222220000000000
000000000022222222220000010000
000000000022222222220000000000
000000000022222222200000000000
000000000022222222200000000000
000000000010000000011222222222222200010000
000000000010000000011222222222222200010000
000000000000000000011222222222222200000000
000000000000000000011222222222222200000000
000001000100000000011222222222222200000100
000001000100000000011222222222222200000100
000001000100000000011222222222222000000100
000001000100000000011222222222222200000100
000001000100000000012222222222222200100100
000001000100000000012222222222222200100100
000001000000000000122222222222222001
000001000000000000122222222222222001
010001001000000001122222222222222001
010001001000000001122222222222222001
010001001000000001122222222222222000
010001001000000001122222222222222000
010001001000000001122222222222222010
010001001000000001122222222222222010
000001000000000001222222222222222010
000001000000000001222222222222222010
000000000000010000000000001222222220100000
000000000000010000000000001222222220100000
000000000000010000000000001222222220100001
000000000000010000000000001222222220100001
000000010000000000000000001222222200100001
000000010000000000000000001222222200100001
000000010000000000100000001222222201000001
000000010000000000100000001222222200000001
000000010000100000100000001222222201000000
000000010000100000100000001222222201000000
000000000000000111000001000000222222222222
000000000000000111000001000000222222222220
100000000000000111000000000001222222222220
100000000000000111000000000001222222222220
000000000000000110000000000001222222222220
000000000000000110000000000001222222222220
000000000000010110000010000000222222222221
000001000000010110000000000000222222222221
000001000000011110000010000002222222222221
000001000000011110000010000002222222222221
000002222222222222222222222222000000000000
000002222222222222222222222220000000000000
000022222222222222222222222222000000000000
000022222222222222222222222220000000000000
000001222422222222222222222222222220000000000000
000001222422222222222222222222222220000000000000
000001222422222222222222222222222220000000000000
400000022222222222222000000000000000010000
000000022222222222220000000000000000010000
000000222222222222220000000000000000010000
000000222222222222220000000000000000100000
440000222222222200000000000000000000000000000010
440000222222222000000000000000000000000000000110
400000222222222000000000000000000000000000000110
400002222222222000000000000000000000000000000100
000000100000000000000000000022222222222222220000000444444444
000000100000000000000000000022222222222222221000004444444444
000000100000000000000000000222222222222222201000004444444444
000000000000000000000000000222222222222222200000004444444444
000000000010000000000000000000000000000222222222200000000000000044444444
000000000010000000000000000000000000000222222222000000000000000044444444
000000000010000000000000000000000000000222222222000000000000000044444444
000000000010000000000000000000000000000222222222000000000000000044444444
000000000000000000000000002222222221000000000000444444
000000000000000000000000000222222220000000000000444444
000000000000000000000000002222222210000000000000444444
000000000000000000000000002222222210000000000004444444
022222222222222222000000
122222222222222222000100
222222222222222220000100
122222222222220000
122222222222200000
112222222222200000
011000002222220100000000
011000002222200000000000
111000002222201000000000
000022200000
000222200000
000222000000
000000022222222222222222222222
000000022222222222222222222222
000000022222222222222222222222
000000222222222222222222222221
001002222222222222222222222221
001002222222222222222222222221
001002222222222222222222222211
010012222222222222222222222211
000000122222222222211110000100
000000122222222222211100001000
000000122222222222211100000100
000001122222222222201100000100
000010022222222222222222222200
000110022222222222222222222000
000110022222222222222222222000
000110022222222222222222222000
000000000001000222222222200000
000000000001000222222222200000
000000000001000222222222000000
000000000011000222222222000000
000002222222224444444444222000
000002222222224444444444222000
000002222222224444444444222000
000022222222224444444442222000
000000000000000022222000000000
000000000000000002220000000000
000000000000000022220000000000
000000000000000022220100000000
000000000002222000000000000000
000000000002222000000000000000
000000000002222000000000000000
000000000002220000000000000000
000000000000000022222222222221101002222201
000000000000000022222222222222111010222201
000000000000000022222222222222111012222200
000000000000000022222222222211100102222010
000000000000000022222222222211010102222010
000000000022222222222222222222
000000000022222222222222222222
000000000022222222222222222222
000000000122222222222222222222
000000000000022222220001000000000000
000000000000022222220000000000000000
000000000000222222222010000000000000
000000000000222222220010000000000000
000000000000222222220010000000000000
000002222222200001000000000000
000002222222000000000000000000
000022222222000000000010000000
000022222222000000000010000000
000000000012222222222222221021010000
000000000012222222222222221001010000
000000000012222222222222221111010000
000000000012222222222222221111000000
010000000110222222222222222211111000100000000000
010000001110222222222222222211111000100000100000
010000001112222222222222222211111000100000100000
100000001102222222222222222211110001100000100000
000000000100001122222220000000
000000000100001122222210000000
000000000000001222222210000000
000000001000011222222220000000
000000000011222222211101
000000000011222222111101
000000000112222222111111
000000000112222222111010
000000000000000000000000022222222222222222
000000000000000000000000022222222222222222
000000000000000000000000222222222222222221
000000000000000000000000222222222222222221
010000010000000001000000000222222222222222222222010000
100000000000000000000000002222222222222222222222000000
100000000000000010000000002222222222222222222220100001
100000000000000010000000002222222222222222222220100001
000000000000000222222222000000000000
000000000000002222222222000000000000
000000000000002222222222000000000000
000000000000002222222222000100000000
000010000000002222222222220000010000
000000000000022222222222220000010000
000100000000022222222222220000010010
000100000000022222222222200000110000
000000000000000002222222222222200000
000000000000001002222222222222200000
010000000000001022222222222222200000
010000000000001002222222222222200000
000000000000001222222222222222000200
000010000000000022222222222222222222222222
000000000000000022222222222222222222222222
000000000000000022222222222222222222222220
000100000000000022222222222222222222222220
000100000000000022222222222222222222222220
000000000000000122222000000000
000000000010000222222000000000
000000000010000222222000000000
000000000000000222222000000000
000000000000001222222000000000
000222222222222222222222222222
000222222222222222222222222222
000222222222222222222222222222
002222222222222222222222222222
002222222222222222222222222222
000222222222222222222222222222
002222222222222222222222222222
002222222222222222222222222222
002222222222222222222222222222
002222222222222222222222222222
000000010022222222
000000010022222222
000000000022222222
000000000022222222
000000100022222222
110000000000000222222222222221
110000000000000222222222222211
110000000000000222222222222211
110000000000000222222222222211
100000000000002222222222222211
000010222222222222222222222200000000
000012222222222222222222222200001000
000002222222222222222222222200010000
000002222222222222222222222200000000
010002222222222222222222222001010000
010100002222222222222222210000000000000000
000100012222222222222222200000000000000100
100100012222222222222222200000000000000100
100100022222222222222222200000000000000100
100100022222222222222222200000000000000100
000122222111000000000000100000
000222222110000000000000000000
000222222100000000000000100000
001222222100010000000000000000
001222222010000000000000000000
100000100000222222200000000000000000
000000100000222222200000000000000000
001000100001222222200000000000000000
001001100001222222000000000000000001
001001000001222222000000000000000001
000002222222222222222222222222222222220000
000002222222222222222222222222222222220000
002002222222222222222222222222222222200000
002022222222222222222222222222222222200000
010022222222222020222000000000010000000000
010022222222222022222000000000010000000000
100022222222222222222000000000000000000001
100222222222222022222000000000100000000001
100000000222222010000000000000100000
000000000222222000001000000000100000
000000002222222100000000000001000000
000000002222220100000000000001000000
002222222222220000000000000000
002222222222220000000000000000
002222222222220000000000000000
022222222222220000000000000000
000000000000222222222222222222222222222200000000
000000000000222222222222222222222222222020000000
000000000000222222222222222222222222222020000000
000000000000002222222222222222222222220000000000
000000000000002222222222222222222222200000000000
000000000000002222222222222222222222200000000000
000000000002222222222220000000000000
000000000022222222222202000000000000
000000000022222222222200000000000000
000000000022222222222200000000000000
000000000000222222222200000000000000000000
000000000002222222222000000000000000000000
000000000002222222222000000000000000000000
000100000000022222222222222222222221111000
000100000000022222222222222222222211111100
000100000000022222222222222222222221111100
000100000000022222222222222222222211111000
000100000000022222222222222222222211111000
000100000000022222222222222222222211111000
000100000000022222222222222222222211111000
000100000000022222222222222222222211111000
000100000000022222222222222222222211111000
001000000000022222222222222222222211111000
000000000000022222222222222222222212222222
000000000000022222222222222222222222222222
000000000000022222222222222222222222222222
000000000000222222222222222222222222222222
000000000000222222222222222222222222222222
000000000000222222222222222222222122222222
000000000000222222222222222222222222222222
000000000000222222222222222222222222222222
000000000000222222222222222222222222222222
000000000000222222222222222222222122222221
000000000110001100001000000011402222222000
000000000110001100000000000011422222221000
000000000110001100000000000011422222221000
000000000100001100010000000001422222211000
000000000100001100010000000001422222221000
000000000000001000010000000001422222211001
000000000000001000010000000001422222211001
000000000100011000010000000011422222211000
000000000100011000010000000001422222211000
000000001100011000010000000114022220210000
000000000000011000000112222222222222222222222222
000000000000000000000112222222222222222222222222
000000000000000000000112222222222222222222222220
000000000000000000000122222222222222222222222200
000000000000000000002222222222222222222222000110
000000000000000000002222222222222222222222000010
000000000000000000002222222222222222222222000000
000000000000000000002222222222222222222222000010
100000001000000000022222222222200000000000
100000000000000000022222222222000000000010
100000000010000000022222222222000000000000
000000000000000000022222222222000000000110
100000000000100222222222
100000000000000222222222
000000000000002222222222
000000000000002222222222
000000000000000012222222222222201111000010
000000000000000112222222222222211110000110
000000000000000112222222222222211110000110
000000000000000122222222222222211100000110
100000000000000112222222222221000011100011
100000000000000112222222222221000011000011
100000000000000112222222222221000011100011
100000000000000112222222222221001111100010
001000100100101122220000000100000110000000
001000000110011122200000000100000100000000
000001000100011222200000001000000100000000
010000001001011222200000001000000100000001
000100000000000000002222001000000000000000
000100000000000000002222110000000000000001
001000000000000000022222110000000000000001
001000000000000000022220010000000000000001
000222222222222222222222222220001110100000000010222222222222011000000000
010222222222222222222222122220001110100000000012222222222221010000000000
012222222222222222222222222220011101000000000002222222222221110000000000
012222222222222222222222222200011101000000000102222222222221110000000000
000222222222222222222222110000
001222222222222222222222110000
002222222222222222222221100000
002222222222222222222221100001
000001022222222222201100000000
000001022222222222101100000000
000000222222222222101000000000
000000222222222222111000000000
000000002222222201101110
000000002222222201101110
000000022222222211101100
000000002222222011001100
000000001000022222222222222222221111001100
000000001001022222222222222222221111001100
000000000001222222222222222222221110011100
000000000001222222222222222222211110011000
000000000000000112222222222222222111
000000000000000112222222222222222111
100100000000000112222222222222222111
100100000000000112222222222222222111
100100000000001112222222222222221111
100100000000001122222222222222221111
100100000001001112222222222222221111
100100000001001112222222222222222111
000000000001001122222222222222221111
000000000001001122222222222222221111
000000001000122222222211110000010001
001000001001122222222011010000000000
001000001001122222222211010000000000
001000000001122222222011010000000000
001000000001122222222011010000000010
001000000001122222222011010000000010
001000000001122222222011010000000010
001000010001222222222011110000100010
001000010001222222222011110000100010
000000010001222222222110100000100010
000000010000001122222211111000000000
000000010000001122222211111000000000
000000000000011122222211111000000000
000000000000011122222211111000000000
000000100000011122222111110000000000
000000100000011122222111110000000000
000000100000011122222111110000000000
000000100000011222222111110000000000
000000100000011222222111110000000000
000000100000011222222111110000000000
022222222222222222222000000000
222222222222222222222200000000
222222222222222222222200000000
222222222222222222222200000000
222222222222222222220001000001
010000010001222222222222222222222221
010000010010222222222222222222222211
100000100012222222222222222222222210
100000100002222222222222222222222210
100000100002222222222222222222222210
000000222222222200000000000100
000000222222222200000000000100
000010222222222200000000000000
000000222222222200000000001000
000002222222222000000000001000
010000000000010222221100000001
000000001000002222221100000000
010000001000012222220110000000
000000000001102222211010000000
100000000000102222211000000010
001000000000000000100022222222222244444440
001000000000000000100222222222222244444440
001000000000000000100222222222222244444400
011000000000000001000222222222222444444400
000000001110000000000122222011000000000000
000000001110000000000122220011000000000000
000000001110000000001122220011000000000000
110000000001000000000000000000000000110000
010000000001000000000000000000000000110000
110000000001000000000100000010000000110000
110000000000000222222222222222222222200000
110000000000000222222222222222222222200100
110000000000000222222222222222222222200100
100000000000000222222222222222222222210100
100000000000000222222222222222222222210100
100000000000000222222222222222222222200100
100000000000000222222222222222222222200100
100000000000012222222222222222222222000001
100000000000002222222222222222222222000001
100000000000002222222222222222222222000001
000000000000000002222222222222222222222000
000000000000000022222222222222222222222010
000000000000000022222222222222222222222010
000000001000000022222222222222222222222000
000000001000000022222222222222222222222000
000000001000000022222222222222222222222000
000000001000000022222222222222222222222000
000000000000000022222222222222222222220000
000000000000000022222222222222222222220000
000000000000000022222222222222222222220000
001000010000100222222222220000001000000010
000000000000000222222222220000001001000000
000000000000000222222222220000001001000000
000000000000002222222222220000001001000000
000000000000002222222222220000000001000000
010000100000002222222222220000000001000100
010000100000002222222222220000000001000100
010000100001002222222222220000000000000100
010000100001002222222222220000000000000100
010000100001002222222222200000010000000100
010000000000100222222222222000000010000000
010010000000102222222222222100000010000000
010010000000100222222222222100000010000000
000010000000002222222222222100000010000000
000010000000002222222222222100000010000000
000010000000002222222222222100000010000001
000010000000002222222222222100000010000001
100010000001002222222222222100000000000001
100010000001002222222222222100000000000001
100000000001002222222222220000000100000000
000000000010000122222222222222222220000100
000000000010000122222222222222222200000100
000000000010000122222222222222222200000100
000000000010000122222222222222222200000100
000000000010000122222222222222222200000100
000000000100000122222222222222222200001000
000000000100000122222222222222222200001000
000000000100000122222222222222222201001000
000000000100000122222222222222222200001000
000000000100001222222222222222222200001000
000000000000000002222222222222222220000000
000000000000001002222222222222222201000000
000000000000001002222222222222222220000000
000000000000001002222222222222222201000000
000000000000001002222222222222222201000000
000000000000001022222222222222222201000000
000000000000001022222222222222222201000000
000000000000001022222222222222222200000000
000000000000001022222222222222222200000000
000000000000000022222222222222222200000000
001000000000100222222222220010000010000001
001000000000100222222222220110000010000001
001000000000100222222222220110000010000001
001000000000102222222222220100000010000001
001000000000102222222222220100000010000001
010000000000102222222222220100000010000011
010000000000102222222222220100000010000001
010000000000102222222222220100000110000010
010000000000102222222222220100000110000010
011000000001002222222222201100000100000010
000000000102222222222200000000010000000100
000000000102222222222010000000000000000000
000000000102222222222010000000000000000000
000000000022222222222010000000100000001000
000000000022222222222010000000100000001000
000000001022222222222010000000100000001000
000000001022222222222010000000100000001000
000000001022222222222000000000100000001000
000000001022222222222000000000100000001000
000000001022222222222000000000100000001000
000200000222222222222222222222222222222220
000000002222222222222222222222222222222222
000000002222222222222222222222222222222220
000000002222222222222222222222222222222220
000000022222222222222222222222
000000022222222222222222222222
000000022222222222222222222222
000000022222222222222222222222
000000022222222222222222222222
000000222222201010
000000222222201000
000000222222200100
000000222222200010
000002222222001000
000022222222200000
000022222222200000
000022222222000000
000222222222000000
000222222222000000
111111100000000001000000002222222222222222222222222000
111111100000000000000000002222222222222222222222222000
111111100000000000000000002222222222222222222222222000
111111000000000010000000002222222222222222222222222000
000000000000000000001000000000002222222220000022022222222222
000000000000000000001000000000002222222200000022022222222220
000000000000000000001000000000002222222200000020022222222220
000000000000000000000000000000022222222200000220222222222220
000000000001000000000002222222222200000000000000
100000000000000000000002222222222200000000000000
100000000010000000000022222222222000000001000101
000000000010000000000022222222222100000001000101
000000000010000000000001000002222222222222
000000000010000010000000000022222222222222
000000000010000010000010000022222222222222
000000000100000000000010000022222222222222
000000000001000000001222222222222222222222220111
000000000000000000022222222222222222222222211111
000000000000000000002222222222222222222222211011
000000000000000000022222222222222222
000000000000100000122222222222222222
000000000000100000122222222222222222
111111110000000000010222222211
111111110000000000102222222211
111111100000000000102222222211
010000000000000000022222222210010000011000
000000000000000000222222222110011000111000
100000000000000000222222222110110000110000
000000000000222222222222222222200000010000
000000000000222222222222222222200000000000
000000000002222222222222222222000000010000
000000000002222222222222222222000000010000
000000010022222222222222222220000000011000
000000110002222222222222222200000000110000
000000010022222222222222222200010000110000
000000110022222222222222222001000000110000
100000000000222222222222222011000000000000
100000000000222222222222220011000000000000
000000000000222222222222220010000000000000
000000000000222222222222220010000000000000
001000000000000000220000100000000000000000
001000000000000002200000100000000000000000
001000000000000002200000100000000000000000
010000000000000002200000100000000000000000
000000000000000000000000000222222222222222222222222222222211
000000000000000000000000002222222222222222222222222222222211
000000000000000000000000002222222222222222222222222222222211
000000000000000000000000002222222222222222222222222222222011
000000000000000000000000002222222222222222222222222222222011
000000000000022222222222222222222222222222222110
000000000000022222222222222222222222222222220111
000000000000022222222222222222222222222222220110
000000000000022222222222222222222222222222200110
000000000000222222222222222222222222222222200110
000000000000022222222222222222222222222222222110
000000000000022222222222222222222222222222220111
000000000000022222222222222222222222222222220110
000000000000022222222222222222222222222222200110
000000000000222222222222222222222222222222200110
000000000000000000000000000222222222222222222222222222222211
000000000000000000000000002222222222222222222222222222222211
000000000000000000000000002222222222222222222222222222222211
000000000000000000000000002222222222222222222222222222222011
000000000000000000000000002222222222222222222222222222222011
000000000000000000000222222222222220110000100000
000000000000000000000222222222222211110000100000
000000000000000000000222222222222111110001000001
000000000000000000000222222222222211110001001000
000000000000000000002222222222222101110001000101
010011100000000000022222222222221111100110
000010100000000000022222222222221111101110
000011100000000000022222222222221111101100
000011100000000000022222222222211111101100
000001000000000000022222222222210111001100
010011100000000000022222222222221111100110
000010100000000000022222222222221111101110
000011100000000000022222222222221111101100
000011100000000000022222222222211111101100
000001000000000000022222222222210111001100
000000000000000000000222222222222220110000100000
000000000000000000000222222222222211110000100000
000000000000000000000222222222222111110001000001
000000000000000000000222222222222211110001001000
000000000000000000002222222222222101110001000101
110122222222222222222222221111
010122222222222222222222221111
100022222222222222222222211111
000222222222222222222222211101
111111002222222222222222221111111111
111101002222222222222222211011111111
111101002222222222222222211111111111
111101022222222222222222211111111111
111112222222201111111111111011
111112222222211111111111101011
111112222222211111110111101011
111112222222211111110111110111
111100001022222222101111111111
101100001022222222101111111111
101010001022222222111111111111
101100000122222221111111111111
011111222222222222221101
011111222222222222221000
011111222222222222221101
011112222222222222221001
000011112222222222221111
000111122222222222221111
000111122222222222221111
000111122222222222221111
112222222102
112222222200
112222222200
122222222102
001122222222
001122222222
001222222222
001222222222
000000000022222222222222222222220001
010000000022222222222222222222220001
000000000022222222222222222222220000
000000000022222222222222222222220000
000000000222222222222222222222200000
000000002222222222222222222220000000
000000022222222222222222222220000000
000000022222222222222222222220000000
000000022222222222222222222200000000
000000022222222222222222222200000000
000022222222222220000000000000
000022222222222220000000000000
000022222222222200000000000000
000022222222222200000000000000
000222222222222200000000000000
000000000022222222222100000000000000
000000000022222222222100000000000000
000000000222222222222100000000000000
000000000222222222220000000000000000
000000000222222222220000000000000000
000000000000000000000001122222222222200000
000000001000000000000001122222222222000000
000000001000000000000001122222222222000000
000000001000000000000011122222222222210001
000000001000000000000011122222222222010001
000000000000000000000011122222222222010001
000000000000000000000011222222222222010001
000000000000000000000011222222222222010000
000000000000000000000011222222222222010001
000000000000000000000011222222222222000000
000000000001000000000000012222212222222222
000000000001000000000000012222212222222222
000000000010000000000000012222212222222222
000000000010000000000000012222212222222222
000000000010000000000000012222212222222222
000000000010000000000000012222212222222222
000000000010000000000000022222212222222222
000000000010000000000000012222222222222222
000000000010000000000000022222112222222222
000000000010000000000000022222122222222222
000001000100000000000001122222222220000000
010001000100000000000001122222222220000000
010001000100000000000001122222222220000000
010000000000000000000001122222222220000000
010000000000000000000001122222222220000000
010000000000000000000001122222222220100000
010000000000000000000001122222222220000000
010010001000000000000011222222222200000000
000010001000000000000011222222222200100000
100010001000000000000011222222222200000000
000101111100000002222222210000010010
000101100100010002222222200000100010
000101100100010002222222200000100010
000001100000000002222222100000100000
000001000000000002222222200000100000
001001101000010002222222100000100000
001001101000010002222222100000100000
001001101000000022222222100000100000
001001101000000022222222100000100000
001011111000000022222222100000100100
000022222222222222222222222222222000000000
000222222222222222222222222222222000000000
000222222222222222222222222222222000000000
000222222222222222222222222222222000000000
000000222222222222222222222222220000000000
000002222222222222222222222222220000000000
000002222222222222222222222222220000000000
000002222222222222222222222222200000000000
222222222222200000000000000000000000000000
222222222222200000000000000000000000000000
222222222222200000000000000000000000000000
222222222222200000000000000000000000000000
000002222222220000000000000000000000000000
000022222222220000000000000000000000000000
000022222222220000000000000000000000000000
000022222222200000000000000000000000000000
000000000010000000000002222222222202222200000000104444444444
000000000000000000000002222222222202222200000000104444444444
100000000000000000010002222222222222222200000000004444444444
000000000100000000000022222222222022222000000001044444444444
000000000000000000000000001222222222222222222000000444444444
000001000000000000000000002222222222222222220000000444444444
000000000000010000000000002222222222222222220000000444444444
000000000000000000000000012222222222222222220000004444444444
000000000000000000000000022222222200000000000000000044444444
000000000000000000000000022222222200000001000000000044444444
000000000000000000100000222222222200000001000000000444444444
000000000000000000000000222222222200000001000000000444444444
000000000000000000000222222220000000000000004444444444
000000000000000000000222222220000000000000004444444444
001000000000000100002222222220000000000010004444444444
001000000000000000002222222220000000000010004444444444
001122224444422222224422222244422222222211110000000000000000
001222244444422222244422222244422222222211110000000000000000
011222244444222222444222222244422222222211110000000000000000
011122244444222222244222222244222222222111100000000000000000
011122244444222222244222222244222222222111100000000000000000
000221000000
002220000001
022220000001
021222220000
021222200100
012222200100
100000000122222222222222222222220000
000000000122222222222222222222220000
000000000222222222222222222222220000
000000001222222222222222222222220000
000000000002222222222222222222222222
000000001002222222222222222222222222
000000001022222222222222222222222222
000000001022222222222222222222222222
000000000222222222222000110000000000
000000000222222222222000110000000000
000000001222222222222000110000000000
000000001222222222220000110000000000
000000002222222222222201000000100000
010000002222222222222210000100100000
000000012222222222222210000100100000
000000012222222222222011000100000000
000000001222222222222000000000
000000001222222222222000000000
100000002222222222222000000100
100000012222222222220000000100
000100000022202000000000000000
001100000022202000000000100000
001100000222222000000000100000
001000000022220000000000000000
000000100000000222222222222222222222221100000000000000
000000000000000222222242222222222222220100000000000000
000000000000000222222222222222222222220000000000000000
000000000000000222222222222242222222210000000000000000
000000000000000222222222222222222222211000000000000000
000000022222222222222222222010000000
000000022222222222222222222000000000
000000222222222222222222222000000000
000000222222222222222222202000000000
000000004000000222222222222222222222200000
000000000000000222222222222222222222000000
000000000000002222222222222222222202000000
000000040000002222222222222222222222000000
000000000000222222222222200000000000001000
000000000000022222222222200000000010000000
000010000000022222222222000000000010000000
000010000000222222222222000000000010000000
400000000002222222222222220000000000
400000000002222222222222220000000000
400000000002222222222222220000000000
000000000002222222222222200000000001
001000122222222222222222222111111100
000000122222222222222222222111111100
010000222222222222222222222111101000
010001222222222222222222222111111000
000001122222222222222220000010
000011222222222222222220000100
000011122222222222222200000100
000011122222222222222200000100
000000002222222222200000000001110100
000000000222222222200000000001110100
000000000222222222200000000001100010
000000002222222222200000000010100011
000000000000011100002222222222222211100100
000000000000111100022222222222222211100100
000000000000111000022222222222222211101100
000000000000111000022222222222222111101000
000010000000011222222222222222222222110000
000100000000011222222222222222222221100000
000100000000011222222222222222222221100000
000100000000011222222222222222222221100000
000000000000001122222222000010000000
000000000000001222222221000010000000
000000000000001222222220000100000000
000000000000011222222210000100000000
000000000000100222222000010000000002444421000000000000001000000001
000000000000102222222000000000000024444221000001000000000000000000
000000000000102222222000000000000024444220000001000000000000000010
000000000000122224222000000000000224444220000001000000000000000010
000000000000022222220000000000000224444210000000000000000000000010
000011122222222211000001
000111122222222211000001
000111122222222211000001
000111222222222110000001
001111122222222222222222220000000000
011111222222222222222222200000001000
011111222222222222222222200000000000
011111222222222222221222200000000000
011111222222222222221222000000000000
000000000000000222222222222222022222222200
000000000000000222222222222220022222222000
000000000000000222222222222220222222222000
000000000000002222222222222200022222222000
000000000000002222222222222220222222222000
000000000000000122111102101000
000000000000000121111120101000
000000000000000122111020001000
000000000000000222121020001000
000000000000001221111221000000
400440400442222222222222244444
400440040412222222222222244444
400444040412222222222222244444
404444000412222222222222244444
404444000412222222222222244444
404440000412222222222202444444
404440400412222222222212444444
004444400112222222222222444444
004440400112222222222222444444
004440000422222222222222444444
444444222211400444
444440222214411444
444440222214411444
444440222214410444
444440222214410444
444441222214410444
444441222214410044
444442222214110444
444442222214110444
444442222114000444
000000000002222201000000
000000000002222210000000
000000000002222210000000
000000000002222200000000
000000000002222200000000
000000000002222000000000
000000000002222000000000
000000000012222000000000
000000000012222000000000
000000000022222010000000
000222222244422222222222222222222220
000222222244422222222222222222222200
000222222244422222222222222222222200
000222222444422222222222222222222200
000222222444422222222222222222222200
002222222444222222222222222222222200
000222222444222222222222222222222200
002222222444222222222222222222222200
002222222444222222222222222222222200
002222222444222222222222222222222220
000000000000000222222000000000
000000000000000222222000000000
000000100000000222222000000000
000000100000000222222000000000
000000000000002222222000000000
000000000010202222122220222222200000001000
100000000010002222222022222220000000001000
000000000010022222222022222220000000001000
000000000010002222222222222220002000011000
000000000010002222222222222220002000011000
000000000000222222222222222220000200011000
000000000000202222222222222220000200011000
000000000100222222222222222200000200010000
000000000100222222222222222200000200010000
000000000100022222222202222200000000010000
100000202202200000
100000202222200010
100000202222200010
000000222022000010
000000222022000010
000000022020000010
000000022020000010
000002022020000010
000000222220000010
000002022020000000
000001000000000100000000022220
000001000000000100000000022220
000001000000000100000000222222
000011000000000000000000022220
000011000000000000000000022220
000011000000001000000002222200
000011000000001000000002222200
000010000000001000000002222220
000010000000001000000002222220
000010000000001000000000222200
000000222222222222222222222221000000000000
000000222222222222222222222221000000000000
000001222222222222222222222221000000000000
000002222222222222222222222201000000000000
000000022222222222221222210011100000
000000222022222202221220210010100000
000000222222222202222220200010100000
000000222222222222222222100010100000
000000000022222222210000000000
000000000222222222210000000000
000000000222222222210000000000
000000000222222222110000000000
000000000022222222220000000000000000000000
000000000222222222220000000000000000000000
000000000222222222200200000000000000000000
000000000222222222220000000000000000000000
000000000222222222222222222200000000000000
000000002222222222222222222000000000000000
000000002222222222222222222200000000000000
000000010222222222222222222222222220
000000012222222222222222222222222220
000000002222222222222222222222222200
000000102222222222222222222222222000
000000000022222222222200000000000000000000
000000000222222222222200000000000000000000
000000000222222222222200000000000000000000
000000000222222222222222200000000000000000
000000000222222222222222200000000000000000
000000000222222222222222200000010000000000
000222222222440222222222012100000000000000
000222222222422220222022112100000000000000
000222222222420222222022112100000000000000
000222222222422222222122112100000000000000
002222222222222222222122112100000000000000
002222222222420222222221012100000000000000
002222222222220022222221012100000000000000
002222222222422222222221112100000001000000
002222222222422222222221012000000001000000
002222222222422222222221121000000000000000
010000022222222222222222222211111000000000
000000022222222222222222222211110000000000
000000022222222222222222222211110000000000
000000022222222222222222222211110000000000
000000022222222222222222222211110000000000
000000222222222222222222222211110000000000
000000222222222222222222222211110000000000
000001222222222222222222222211110000000000
000001222222222222222222222211110000000000
100001222222222222222222222111110000000000
000000100000000000000002222220000000000000
000000100000000000000002222220000000000000
000000100000000000000012222220000000000000
000000000010000000000002222200000000000000
000000000010000000000012222200000000000000
000000000010000000000012222200000000000000
000000000010000000000012222200000000000000
000000000000000000000012222200000000000000
000000000000000000000012222200000000000000
000001000000000000000022222200000000000000
000000000000000000002222222000000000000000
000000000000000000002222222000000000000000
000000000000000000002222222000000000000000
000000000000000000022222222000000000000000
000000000000000000022222222000000000000000
000000000000000000022222222000000000000000
000000000000000000022222222000000000000000
000000000000000000022222222000000000000000
000000000000000000022222222000000000000000
000000000000000000022222222000000000000000
100000000000000002222222222222220111
100000001000001022222222222222220110
010000001000000022222222222222221110
010000001000000022222222222222201110
100000000000000002222222222222220111
100000001000001022222222222222220110
010000001000000022222222222222221110
010000001000000022222222222222201110
100101100001100010000022222222
000110100001000010000022222222
001010100001000000000022222222
001010000001000000000022222222
100000000001022222222222222222222222
100000000010022222222222222222222222
100000000010222222222222222222222222
000000000010222222222222222222222222
000001022222222222222222222222222200
000001022222222222222222222222222200
000001222222222222222222222222222200
000000222222222222222222222222222000
010010000010000000222222222222
000000000000000000222222222222
100100000000000000222222222222
100100000000000000222222222222
000000000000000000222222222222
000000000000000002222222222222
000000000000000002222222222222
000000000000000002222222222222
000100000000000112222222222220010101100110000001
000101000000000122222222222220000101101100000001
000110000000000122222222222220001101001100000001
010001000000000122222222222220001001001100000001
010000000000122222222222222110000111000010000000
010000000000122222222222222001101111000010000000
100000000000022222222222222000111111000010000000
100000000001222222222222220101111111000100000000
000000001100022220010000011000000011101100
000000001000002220010000011000000111111100
010000001000002220010000011000000101011100
000000001100002220110000010000000111011000
010000000000000002222200110000001000000011
010000000000000002222100110000001100000010
010000000000000002222000101000001000000110
000000000000000002222000100000011000000110
000000000010222222222222221111110000
000010000010222222222222221111110000
000010000010222222222222221111110000
000010000112222222222222211111100000
000010000112222222222222211111100000
000010000112222222222222211111100000
000010000102222222222222211111100000
000010000102222222222222211111110000
000010000102222222222222211111110000
000000000102222222222222211111100000
010010101001001122222222222221
000000000001001122222222222221
000000001001001122222222222221
100100000010001122222222222221
000100000010001122222222222221
100101010010001222222222222211
100101010010001222222222222221
100101010010001222222222222211
100101010010001222222222222211
100101010010011222222222222211
000000000000000000010012222111
000000000000010000110012222111
000000000000010000110012222111
000000000100010000100012222111
000000000100010000000012222111
000000000100010000100122222111
000000000100010000100122222111
000000000000010000100122222111
000000000000000000100122222111
000000000000100000100122221111
000010101001012222221110110000000000
100011101001012222221110100000000000
100010101001012222221110100000000000
100010101000022222221100100000000000
100010101000012222221100100000000000
100010001010122222221100100001000000
100010000010122222221100100001000000
100111010010122222211110100001000000
000111010010122222211110100001000000
000111010010122222211101100001000000
001100011100111122222222222222222210000100000100
001111011100111122222222222222222210000000000000
011100011000111222222222222222222210001100001100
011101111000111222222222222222222100001200001000
000000000000000000111022222222222222020000
000000000000000000111022222222222222002000
000000000000000000110022222222222222000000
010000001100000001100002112210000000110000001110
110000011000000001100001102210000000110000001100
110000011000000011100002122210000000100000001110
001000000000000002000000000000000000001000
011100000000000100000000000000000000001000
011100000000000000000000000000000000000000
010000000000000000000000100000000000000000
000001000000000000010222222222222222222000
000011000000000000010222222222222222222000
000011000000000000010222222222222222222000
000011000000000000110222222222222222222000
000011000000000000110222222222222222222000
000011000000000000112222222222222222222000
000011000000000000112222222222222222222000
000011000000000000102222222222222222220000
000011000000000000102222222222222222220000
000010000000000000102222222222222222220000
000000001000000011222222222221000001100000
000000001000000012222222222221000001100000
000000001000000012222222222221000001100000
000000001000000010222222222220000001000000
000000001000000010222222222220000001000000
000000001000000012222222222210000011000000
000000001000000012222222222210000011000000
000000011000000012222222222210000011000000
000000011000000012222222222210000011000000
000000010000000112222222222210000011000000
022222222222222222222222222000
022222222222222222222222220000
022222222222222222222222220000
022222222222222222222222220000
022222222222222222222222222000
000022222222222222222222222222222220
000222222222222222222222222222222220
000222222222222222222222222222222202
000222222222222222222222222222222200
000001222222220000
000002222222220000
000002222222220000
000002222222220000
000000002222222200
000000002222222200
000000022222222200
000000022222222200
000000022222222200
000000222222222222222222222222222222222221
000000222222222222222222222222222222222221
000000222222222222222222222222222222222221
000002222222222222222222222222222222222221
000002222222222222222222222222222222222221
000001222222222222222222222222222222222221
000001222222222222222222222222222222222201
000001222222222222222222222222222222222210
000001212222222222222222222222222222222211
000000222222222222222222222222222222222210
000100012222222222222222222222221000100001
000100022222222222222222222222221000100001
000100022222222222222222222222221000100001
000000022222222222222222222222200000000001
000000022222222222222222222222200000000001
000100022222222222222222222222220001100000
000000022222222222222222222222221001100000
000100012222222222222222222222210001000010
000100012222222222222222222222210001000010
000000122222222222222222222222210000100010
100022222222211000000000
100222222222200100000000
100222222222200000000000
100022222222200100000000
100022222222200100000000
100022222222200100000000
100022222222200100000000
100022222222000100000000
100022222222000100000000
000222222222101000000000
000000000100000010000000001222222222
000000000100000000000000001112222222
000000000100000010000000001122222222
000000001100000010000000012122222222
000000001100000010000000012122222222
000000001100000010000000012222222222
000000001000000010000000012222222222
000000001000000010000000011222222222
000000001000000010000000011222222222
000000001000000000000000011222222222
012222222222222222222222222222222222222222222222222000000000
122222222222222222222222222222222222222222222222222000010000
122222222222222222222222222222222222222222222222220000010010
122222222222222222222222222222222222222222222222220000011100
122222222222222222222222222222222222222222222222220000010100
000022222222222222222222222222222222222222000000000100000000
000222222222222222222222222222222222222220000000000000000000
000222222222222222222222222222222222222220000000000000000000
000222222222222222222222222222222222222220000000000000000000
000222222222222222222222222222222222222220000000000000000000
000222222222211100001000002222222222200000000000000000022222222221
100222222222210000000000012222222222200000000000000000222222222221
000222222222110000000000012222222222200000000000000000222222222200
002222222222111000000000012222222222100000000000000000222222222200
002222222222110000000000022222222222100000000000000000222222222200
000000000000000000001422222400000000000000222222222000000000000000
000000000000000000002422222400000000000002222222222400000000000000
001000000000000000002222222400000000000002222222222100000001000000
000000000000000000002222220000000000000002222222222000000000000000
000000000000000000012222224000000000000002222222222000000000000000
000001100002222222222222222222222222222000000000000011000000
000001100012222222222222222222222222220000000000000011000000
000010100022222222222222222222222222200000001000000011000000
000100000022222222222222222222222222220000001000000010000000
000011000022222222222222222222222222200000001000000110000000
011000002222222222001011100000002222222220111000000000000000
111000002222222222001011000000002222222220110000000000000000
111001002222222222000111100000002222222220110000000000000000
111000022222222222000111000000022222222200110000000000000000
111000022222222220010111000000022222222210110000000000000000
000000112222222222222222222222222222222222222222020010000000000000
000000112222222222222222222222222222222222222222220010000000000000
000000112222222222222222222222222222222222222222222010000000000000
000000122222222222222222222222222222222222222222200010000000000000
000000122222222222222222222222222222222222222222020010000000000000
222222222220101001000022222222222000001000000201112222222200
222222222221111010000022222222222000011000002001122222222220
222222222221110000000022222222222000011000000201122222222220
222222222221110000000022222222221002011000000001122222222200
222222222201111010000022222222220012210000000011122222222100
100122222222222210000000112222222222100000000000000122222222
000022222222222210000001112222222222100000000000000122222222
000122222222222100000001112222222221100000000000000222222222
000022222222222100000001102222222221000000000000000222222222
000222222222222100000001102222222201000000000000000222222220
001000222222222222222222222222221110000001000000000000000000000000
000002222222222222222222222222111110000001000000100000000000010000
000002222222222222222222222221111110000001000000100000000000000000
010002222222222222222222222222221100000000000000100000000000000000
010002222222222222222222222212211100000000000000000000000000000000
000000000222222222222222222222222222222022000000000000000000
000000022222222222222222222222222222222000000000000000000000
000000002222222222222222222222222222220020001000000000000000
000010002222222222222222222222222222220000000000000000000000
000000022222222222222222222222222222222000001000000000000001
000220000000000001000000001022222000000000000000000010000000001111
000222000000000001000000001022222000000000000000000010000000011111
000220000000000001000000000022222000000001000000000010000000011111
002220000000000001000000000022220000000001000000000010000000011111
002220000000000000000000000022220000000001000000000100000000011111
000222222222200000000000110200002222222220010000001111111111
000222222222200000000000110020002222220000010000001111111111
000222222222200000000000102020022222220000010000001111111111
102222222222200000000000102220022222220000000000001111111111
102222222222000000000001100000022222220000000000001111111111
