000000000000033333333333333333333333300000000000
000000000000033333333333333333333333000000000000
000000000000333333333333333333333333000000000000
000000004444440000000000333333333333333330000000000100
000000004444410000000001333333333333333330000000000100
000000044444400000000001333333333333333330000000001000
100001000001000000333333333333333333330110
000000000000000013333333333333333333310110
000000100010000003333333333333333333310110
000000000010000003333333333333333333300110
001000000000000000333333333333333333333311
000000000000000000333333333333333333333111
010000000000000000333333333333333333333111
010000000000000003333333333333333333333111
000000110000000111103333333333333333333330
000000110000001111033333333333333333333330
000000100000001111033333333333333333333340
000000100000001110033333333333333333333300
000000100000001110033333333333333333333300
000000110000000111103333333333333333333330
000000110000001111033333333333333333333330
000000100000001111033333333333333333333340
000000100000001110033333333333333333333300
000000100000001110033333333333333333333300
111111111000333333333333333333111441
111111111003333333333333333331111411
111111111003333333333333333331111411
111111111003333333333333333331111411
000003333333333333333331
000003333333333333333331
000003333333333333333314
000033333333333333333314
000010111110000011333333333333333300000000
000111111110000010333333333333333300000000
000111111100010013333333333333333300001001
000111111100100113333333333333333100000001
011100001111333333333333301011
011110001111333333333333301010
011100001113333333333333100110
011000001113333333333333010110
110111000033333333333333333333100000
100111000033333333333333333333000000
100010000033333333333333333333000000
001110000333333333333333333333000000
000110000333333333333333333333000000
000000111110000333333333333333300000
000000111110003333333333333333300000
000000101110003333333333333333300000
000001101100003333333333333333000000
000001111110003333333333333333000000
010000001010000100000033333333333333333300
010000001010000100000033333333333333333300
000000111000000100010133333333333333333300
000000111000000100010133333333333333333300
000000111100001100010133333333333333333300
000000111100001100010133333333333333333300
100001010100001100010133333333333333333300
100001010100001100010133333333333333333300
100001010100001100010033333333333333333000
100001010100001100010033333333333333333000
000000000000001000000000010333333333333330
000001000000001000000000010333333333333330
000001000000001000000001013333333333333330
000001000000001000000001013333333333333330
000000000000000000001001003333333333333330
000000000000000000001001003333333333333330
000000000000000000001001003333333333333300
000000000000000000001001003333333333333300
000000000010000000001000103333333333333300
000000000010000000001000103333333333333300
000000000000000000033333333333333000000000
000000000000000000033333333333330000000000
000000000000000000333333333333330000000000
000000000000000000333333333333330000000000
440000001000000100000333333333333331111111100000
440000000000000000003333333333333331111111000000
400000010000000000003333333333333331111110000000
000000000000000000010000000000000103333333333333333333000000000044444444
000000000000000000010000000000000103333333333333333330000000000044444444
000000000000000000100000000000001033333333333333333330000000000444444444
000000000000000000100000000000001033333333333333333330000000000444444444
000000000001000001000000001103333330333333333333000000444444
000000000001000000000000001133333333333333333333000004444444
000000000010000010000000001033333333333333333330000004444444
000000000010000010000000011033333303333333333330000004444444
033333333333333333000000000100
333333333333333333000000000000
333333333333333330000000000000
000000003333333333333333333333
000000103333333333333333333333
010000003333333333333333333333
111011000110011133333333333333333333
111011100110011133333333333333333333
111011000110011333333333333333333333
110011000100111333333333333333333331
000000000000011333333333333333333331
000000000000011333333333333333333330
000000000000010333333333333333333330
000000000000110333333333333333333330
000000000044400000003333333001004444444100
000000000044400000033333333011044444444000
000000000444400000033333330010044444444000
000000000444400000033333330001044444441000
144400110033333333333333333114004444
144400100003333333333333333130104441
144401100033333333333333333130004441
144401100033333333333333330130014441
010010100033333333333333333333
010001100333333333333333333333
000000100033333333333333333333
000001000333333333333333333333
100011000333333333333333333333
100000000000033333333333333333
100000000000003333333333333333
000000000010333333333333333333
000000000010333333333333333333
000000000000000000010000003333333333
000000000000000000010000003333333333
000000000000000000110000003333333333
000000000000000000110000033333333333
001000000000000000001003333333333333333333
001000000000000000001003333333333333333333
001000000000000000010003333333333333333333
010000000000000000010003333333333333333333
000000000000000000100000000000033333333333333333333300
000000000000000000000000000000133333333333333333333000
000000000000000000000000000000133333333333333333333010
000000000000000001000000000000333333333333333333333101
000000000100010001000001001000100333333333333333330101
000000000100110010000001001000103333333333333333300101
000000000100100010010000001000103333333333333333300101
000000000100100010010000010000103333333333333333300010
000000000000000000000000000333333300100000
010000000000000000000000003333333300100000
000000000000000000000000003333333300000000
100000000000000000000000003333333300000000
000000000000000000000000033333333300000000
000001000000000011110000333333333333333333
000000000000000001100000333333333333333333
000000000000000011000000333333333333333333
000010000000000111100001333333333333333333
000010000000000111001001333333333333333333
333333333333333333333333300110
333333333333333333333333300110
333333333333333333333333301111
333333333333333333333333000111
333333333333333333333333000111
000000000100011333333333333333
100000000000013333333333333333
000000000000013333333333333333
100000001000013333333333333333
100000001000113333333333333333
000103333333333333333333333333333333333333333333
000103333333333333333333333333333333333333333333
100103333333333333333333333333333333333333333333
100133333333333333333333333333333333333333333333
000033333333333333333333333333333333333333333333
444440000133333333333333333333333333333100000101
444440000333333333333333333333333333333100000100
444400100333333333333333333333333333333001000100
444400111333333333333333333333333333330001000000
444400110333333333333333333333333333331001000010
000000000000333333333333333333333333333333333333333333333100000000
000000000000333333333333333333333333333333333333333333333000000000
000010000003333333333333333333333333333333333333333333330100000000
000010100003333333333333333333333333333333333333333333330000000000
100000111333333333333333333331000000100000
100000111333333333333333333331000000000000
000000110333333333333333333331000000000000
000001113333333333333333333330000001000000
000110444444411110100033333333333333333333000044
000114444444411100000333333333333333333333011444
000114444444411101000333333333333333333330011444
000114444444411100000333333333333333333330011444
000000011111110011111100033333333333333000111100
000000111111100111111000033333333333333000111001
000000111111110111011000333333333333331000111001
000000111111010111111000333333333333331001110001
100111144444011114433333333333333333331110
100111144444111114433333333333333333331111
100111144441111114133333333333333333311110
100111144441111114133333333333333333311110
100111144441111114333333333333333333311110
000111144441011114333333333333333333301101
000111144441111114333333333333333333301100
000111144441111114133333333333333333301100
001111444441111144133333333333333333311100
001111444441111144333333333333333333311100
111000000110144333333333333333333333000101
111000010111144413333333333333333333000100
111000011011144413333333333333333333000101
111000011011144433333333333333333333000100
111000001001144333333333333333333333000000
110000000101143433333333333333333333000000
110000000001143333333333333333333333000000
110000001001143333333333333333333333000000
110000001001443333333333333333333333000000
110000011101443333333333333333333333000010
000000000100000000000011141000000333333333333333333333333333333333
000000000100000000000011111100000333333333333333333333333333333333
000000000000010000000011111100003333333333333333333333333333333333
000000000000010000000111111100003333333333333333333333333333333333
000000000110100000000000003333333333333333333333
000000000110100100000100103033333333333333333333
000000000100100000000100003033333333333333333333
000100000100000000000000033333333333333333333333
000000100000144444444444444411333333333333333333333333
000001000000144444444444444413333333333333333333333333
000001000000144444444444444413333333333333333333333333
000001000001044444444444444113333333333333333333333333
000100000010111144444441033333333333333333333333
001100000010011144444440033333333333333333333333
001100000100011144444440333333333333333333333333
001100000001101144444410333333333333333333333333
111103333333333333333333
111103333333333333333333
111113333333333333333331
111033333333333333333331
000000011111000001001033333333333333333333333333000010
000000011111000000001033333333333333333333333333000010
000000011110000010000033333333333333333333333330000000
000000111110000010010333333333333333333333333330000000
100011111111111110333333333333333333333011001000
100011111111111113333333333333333333333010001000
100011111111111113333333333333333333333010000000
000011111111111103333333333333333333331110000000
001000010000003333333333333333333300
001000100000033333333333333333333000
000000100000033333333333333333333000
000000100000033333333333333333333000
010000100000033333333333333333333000
400000000333333333333333333333333100
000000003333333333333333333333333100
000000103333333333333333333333333100
000000003333333333333333333333333000
000000003333333333333333333333331000
310000000000011110000013333333333333333333
310000000000011110000013333333333333333333
300000000000011110000003333333333333333333
100000000000111100000003333333333333333333
444444444444444444444440003333333333333333111111
444444444444444444444440003333333333333330101111
444444444444444444444440003333333333333330011111
000001001202203333333333333333333343340003
000001002022233333333333333333334333311003
000001002222233333333333333333334333311003
000001002012133333333333333333333333400100
000001002022133333333333333333333333401100
010200002221133333333333333333333333400003
010200012211133333333333333333333333400003
010012012221133333333333333333333333400103
010012020211133333333333333333333333400103
000010010021033333333333333333333434400033
444444444440000333333333333333333333334444
444444444440003333333333333333333333334444
444444444440003333333333333333333333331444
444444444440003333333333333333333333334444
444444444440003333333333333333333333334444
444444444440003333333333333333333333344444
444444444440003333333333333333333333344444
444444444400003333333433333333333333344444
444444444400003333333433333333333333344444
444444444400003333333333333333333333344444
000100000100000000000103333333333301100000
000100000100000001000133333333333300100000
000100000100000001000133333333333300100000
100100000110000001000133333333333000000000
100100000100000001000133333333333300000000
100100000100000000001033333333333001010000
000100000100000000000033333333333001000000
000000010100000000001033333333333001000000
000000010100000000001033333333333001000000
001000001000000000000033333333333011000000
000001000000001000003333333333300010000010
000001000000000000003333333333300110000010
000001000000001000003333333333300110000010
000001000000010000003333333333300100000010
000001000000010000003333333333300100000010
000001000000010000133333333333300100000000
000001000000010000133333333333300100000000
000010000000010000133333333333300100000100
000010000000010000133333333333300100000100
000010000000010000033333333333000100000100
000000000001103333333333
000000000001033333333333
000000000001033333333333
000000000011033333333333
000000333333333333
000003333333333333
000003333333333333
000003333333333330
333333100001111010000010000000033333333333333333333333000001
333333100001010000000000000001333333333333333333333333000001
333331000001110000000000000001333333333333333333333333000001
333331000001110100000100000000333333333333333333333330000000
000010000000000000000000010100000033333333333333333333
000000000100000100000000010000000033333333333333333333
000100000100000100000000010000000033333333333333333333
000100000100000000000000011000000033333333333333333333
111010000000011100010001333333333333333333
111100000011111000110001333333333333333333
110000000001111110100011333333333333333333
000000000010003333333333333333
000000000110003333333333333333
000000000100013333333333333333
000001014444440000333333333333333333333444444400
000001014444404000333333333333333333333444444000
001001004444404000333333333333333333333444444000
000001104444410003333333333333333333333444444000
110110144444444433333333333333333333333344400044
100010144444444433333333333333333333333444400044
001100444444444333333333333333333333333444400044
010100444444444333333333333333333333333444400444
011001111011000333333333333333333333333333333333110100
000001111011003333333333333333333333333333333333110000
010011111011003333333333333333333333333333333333110000
010001111010003333333333333333333333333333333333410000
010011111010103333333333333333333333333333333333111000
111000001000111333333333333333333333333333333333330100
011000010000113333333333333333333333333333333333334000
111000010000113333333333333333333333333333333333330101
111000110000113333333333333333333333333333333333331101
110000010000113333333333333333333333333333333333331001
000000011111000011333333333333333333333333333311
000000111110011110333333333333333333333333333311
000000011110010111333333333333333333333333333311
000000111111010111333333333333333333333333333311
000000111110110103333333333333333333333333333311
110111000010101333333333333333300100010001
110111010110101333333333333333301100010000
110110000110111333333333333333001110010010
110110000111111333333333333333011110110010
110110000101013333333333333333001100000010
114414111111111033333333333333333333331111111111
111111111111111033333333333333333333331111111111
111111111111111033333333333333333333331111111111
111411111111111033333333333333333333311111111111
111111111111113333333333
111111111111113333333333
111111111111133333333333
111111111111133333333333
110011133333333333333331010110
110011133333333333333331010100
110111333333333333333331010100
110111333333333333333311110100
011111001333333333333310
111110001333333333333310
001110011333333333333310
011110011333333333333300
000333333333333333333333000000
000333333333333333333333000000
003333333333333333333333000000
003333333333333333333333000000
003333333333333333333330000000
000000001000333333333333333300
000000000003333333333333333300
000000000003333333333333333000
000000000003333333333333333000
000000010003333333333333333000
000000000000000001003333333333333333300000
000000000000000001003333333333333333300000
000100000000000001003333333333333333300000
000100000000000001003333333333333333300000
000100000000000000033333333333333333300000
000100000000000000033333333333333333300000
000100000000000000033333333333333333300000
000100000000000000033333333333333333300000
000000000000000010033333333333333333000000
000000000000000010033333333333333333000000
000001000100100100000111333333333333333010
000001000001100100001111333333333333333010
000001000001100100001111333333333333333010
000001000101000100000113333333333333333010
000000000101000100000113333333333333333010
000000000001001000011113333333333333333011
000000000001011000011113333333333333333110
000000001001001000011113333333333333330110
000000001000001000011113333333333333330101
000010001001001000001113333333333333330101
000000001033301333333333333333300000000000000000
000000001333301333333333333333300000000000000000
000000010333311333333333333333000000000000000000
000000010333313333333333333333000000000000000000
000000001100011000000333333333310000000000
000000001100111000000333333333300000000000
000000001100111000000333333333300000000000
000000001000110000003333333333100000000000
000000000013333330000000000000000000011000
000000001013333330000000000000000001010000
000010001013333330000000000000000001110000
000000000133333330000000000000000000110000
000000100000000000000000100333333333333333300011111444444444
000000100000000000000000111333333333333333300011110444444444
000000000000001000000001003333333333333333300110104444444444
000000000000001000000001003333333333333333300110104444444444
000000000000100000000000000033333333333333000014444444
000000000000100000000000000033333333333333000014444444
000000000000100000000000000033333333333333000114444444
000000000000000000000000000333333333333333000114444444
000000033333333333333010
000000033333333333330000
001100033333333333330000
000013333333333333333000
000013333333333333330000
000003333333333333330000
000013333333333333333333333333100000
000013333333333333333333333333000000
000013333333333333333333333333000000
000133333333333333333333333333000000
000000000111111333333333333333333333
000000001111111333333333333333333333
000000001111113333333333333333333333
000000001111113333333333333333333333
000000003333333333333333333333
000000033333333333333333333333
000000033333333333333333333333
000000033333333333333333333333
000044443333333333333333334444
000144443333333333333333334444
000044443333333333333333334444
000044433333333333333333344444
004333333333333333333333333000
000333333333333333333333330000
003333333333333333333333330100
003333333333333333333333330100
000000000000040443333333333333333333
000000000000040033333333333333333333
010000000000014133333333333333333333
010000000000004143333333333333333333
000000033333333333333333333333000000
000000033333333333333333333333000000
000000133333333333333333333330000000
000000133333333333333333333330000000
000000103333333333333333330001
000000103333333333333333330001
000000103333333333333333330010
000000103333333333333333300010
000000000333333333333333333300000000000010
000000000333333333333333333000000000000110
000000000333333333333333333000000000000100
000000000333333333333333333400000000000100
011111111133333333333333333333333304111000011000000000
111111111133333333333333333333333300110000011000000000
111111111133333333333333333333333301110000011000000000
111111111333333333333333333333333341110000111000000000
000000000001000133333333333333333333333310
000000000001100333333333333333333333333310
000000000001110333333333333333333333333010
000000000000001333333333333333333333333000
000000000010010333333333333333333333333000
000000033333333333333333333333333333
000000033333333333333333333333333333
000000033333333333333333333333333333
000000033333333333333333333333333333
000000333333333333333333333333333330
144444111333300013333333333303000000330333
144441110333300313333333333303000000330333
144441110333300313333333333303000000300333
144441113333300013033333333303000000300333
144441113333300013033333333003000000300333
144441103333000113333333333003000000300333
144441103333000113333333333003000000300333
444441103333000133333333333003000000301331
444441103333000133333333333033000000301331
444441113333003133333333333033000003301331
000114444444444413333333333333333333111144111000
002114444444444433333333333333333333110144111000
000114444444444433333333333333333333110144111000
000114444444444133333333333333333331210144111000
000114444444444133333333333333333331210114111000
000144444444444133333333333333333331111144111000
000144444444444133333333333333333331111144111000
001144444444444133333333333333333331111114111000
001144444444444033333333333333333331111114110000
022144444444444133333333333333333331111441110000
333333333333333333333333333333333333333333333300
333333333333333333333333333333333333333333333300
333333333333333333333333333333333333333333333300
333333333333333333333333333333333333333333333001
333333333333333333333333333333333333333333333001
333333333333333333333333333333333333333333333001
333333333333333333333333333333333333333333333001
333333333333333333333333333333333333333333333001
333333333333333333333333333333333333333333333001
333333333333333333333333333333333333333333333001
003333333333333333333333333333333333333333
003333333333333333333333333333333333333333
003333333333333333333333333333333333333333
033333333333333333333333333333333333333333
033333333333333333333333333333333333333333
033333333333333333333333333333333333333333
033333333333333333333333333333333333333333
033333333333333333333333333333333333333333
033333333333333333333333333333333333333333
033333333333333333333333333333333333333333
000000010000033333333333333333333333333333
000000000004033333333333333333333333333333
000000000004333333333333333333333333333333
000000000004333333333333333333333333333333
000003333333333333333333333333333333333000000000
000003333333333333333333333333333333333000000000
000003333333333333333333333333333333333000000000
000033333333333333333333333333333333333000000000
000001144441111033333333333333333330114444444410
000000144411011333333333333333333331144444444400
000011144411111333333333333333333330144444444410
000011144411000333333333333333333300144444444110
100101001133333333333333333333333333110001110011111010
110101001133333333333333333333333333110111111011111110
110011001133333333333333333333333333110011110111111010
000013333333333333333333303333333333333100
000013333333333333333333333333333333333100
000013333333333333333333333333333333333100
000013333333333333333333333333333333333000
000013333333333333333333333333333333333000
000033333333333333333333333333333333333000
000033333333333333333333333333333333333000
000133333333333333333333033333333333333000
000133333333333333333333033333333333333000
000133333333333333333333333333333333331000
000000000003333333333333333333333333333300
000000001003333333333333333333333333333000
000000001003333333333333333333333333333000
000000001033333333333333333333333333333000
000000001033333333333333333333333333333000
000000001033333333333333333333333333333000
000000000033333333333333333333333333333000
000000000033333333333333333333333333333000
000000000033333333333333333333333333333000
000000000033333333333333333333333333333000
100011111111111111333333333333
000011111111111111333333333333
000111111111111111333333333333
000111111111111111333333333333
000000000000011000333333333333333333
000000000000011000333333333333333333
000000000000011000333333333333333333
000000000000010000333333333333333333
000011110133333333333333333333
000001111133333333333333333333
000001111133333333333333333333
000010111033333333333333333333
001100101014444444444403333333333333333333
001111000014444444444433333333333333333333
001110001114444444444033333333333333333333
011100010044444444444433333333333333333333
000011000010444444410000033333333333333333333333
000010000004444444400001033333333333333333333333
000010000004444444400000033333333333333333333333
000010000114444444400000033333333333333333333333
444444440000001110010001133333301000001001000000
444444440000001110110000133333301000001011100000
444444440000000010100000133333011000000001000000
444444400000000000100001133333001000000010000000
444010000000111133333000000000000000
444000000001110033333000000000000000
444000000001111033333000000000000000
440100000001001033330000000000000000
000010000033333333333333333333333333333333333333111110000010000000010000
000000000033333333333333333333333333333333333333111110000010000000010000
000000000333333333333333333333333333333333333333111110000010000000010000
000000000333333333333333333333333333333333333333111110000000000000000000
000000000333333333333333333333333333333333333333111100000000000000000000
111111000333333333333333
111011000333333333333333
111010003333333333333333
111010003333333333333333
011001440444444001110433333333333333334440
010010440444444101011433333333333333330440
010010410144440100011333333333333333330410
000010414140440000110333333333333333330400
000440000101433333333333333333331011000000
000041100001433333333333333333331010000000
110440401001433333333333333333310000010000
010410001001433333333333333333340100000000
000010001000001103003333333333333333333340000000
000010011100001103333333333333333333333340012000
000010011001001103333333333333333333333340010000
000110111100011033333333333333333333333414110000
440000000000000000033333333333333333333333333333300000
440000000000000000033333333333333333333333333333300000
440000000000000200033333333333333333333333333333000000
440000000000000000033333333333333333333333333333000000
440000000000000000333333333333333333333333333333000000
000110000000000000333333333333333333333333330000
000110000000000003333333333333333333333333330000
000100000000000003333333333333333333333333300000
100000000000000000000000003333333333333333000000
100000000000000000000000103333333333333333000000
000000000000000000000000003333333333333333000000
101130331444333333333333333333
101130331444333333333333333333
011030331443333333333333333333
011030334443333333333333333333
033333333333333333333333
033333333333333333333333
033333333333333333333333
033333333333333333333333
033333333333333333333333
333333333333333333333333333333333333333333300010
333333333333333333333333333333333333333333300010
333333333333333333333333333333333333333333300010
333333333333333333333333333333333333333333300000
333333333333333333333333333333333333333333302000
333333333333333333333333333333333333333333300100
333333333333333333333333333333333333333333300100
333333333333333333333333333333333333333333300100
333333333333333333333333333333333333333333300100
333333333333333333333333333333333333333333000100
333333333333333333333333333333333333333333
333333333333333333333333333333333333333333
333333333333333333333333333333333333333333
333333333333333333333333333333333333333333
333333333333333333333333333333333333333333
333333333333333333333333333333333333333333
333333333333333333333333333333333333333333
333333333333333333333333333333333333333333
333333333333333333333333333333333333333333
333333333333333333333333333333333333333333
011100010000333333333333333333333333333333111111111111111111111010000000
011100010001333333333333333333333333333333111111111111111111101000000000
111100010001333333333333333333333333333331111111111111111111100010000000
111101100001333333333333333333333333333331111111111111111111110000000000
101000400003333333333333333333333333333331111111111111111111110100000000
000000000000333333333333333333333333333333333333333333333333
000000000000333333333333333333333333333333333333333333333333
000000000000333333333333333333333333333333333333333333333333
000000000000033333333333333333333333333333333333333333333333
000000000000033333333333333333333333333333333333333333333333
011000010001444411000001300444440333333333333333330000000000
010000010001444411000001304444440333333333333333330000000000
010000010001444410000003014444410333333333333333330000000000
010000010011444110000003314444413333333333333333330000000000
010000010011444110000000304444313333333333333333330000000000
010001100013333333333333333333333333444333333333333333311111001001
010001111011333333333333333333333333444333333333333333311111010011
000001110013333333333333333333333333344333333333333333311100010010
000001000033333333333333333333333333343333333333333333011110010010
000011000033333333333333333333333334433333333333333333111110010010
100111110133333333133331044444444441301000100100000000010100
100111110333333333300301044444444443301000100100000001010100
001111110333333330303303444444444413311000010100000000110100
001111110333333331303301444444444413311020000000000010110000
001111100333333331333310444444444443310221000000000000101002
111100111100003333333333333333333333333333333301111111111111
111100111100003333333333333333333333333333333301111111111111
111110111100033333333333333333333333333333333311111111111111
111101111100033333333333333333333333333333333011111111111111
111101111100033333333333333333333333333333333011111111111114
000444444441111033333333333333333333333333333333333333333333310111
000444444441110033333333333333333333333333333333333333333333311111
004444444441110033333333333333333333333333333333333333333333001111
000444444441110033333333333333333333333333333333333333333333101111
004444444401110033333333333333333333333333333333333333333333101111
