000001000000001111114444444444444444000010000001
000000000000001111114444444444444444000010000010
000010000000001011114444444444444440000010000010
010000000000000004444444444444444444444444
010000000000000144444444444444444444444440
010000000000000144444444444444444444444440
000010000001000001000100011444444444444444444440000001
000100000011000001000000014444444444444444444440000001
000100000011000011000000014444444444444444444440000011
000000000000000000000004444444444444444444444444441001000010
000000000000000000000014444444444444444444444444411011000000
000000000000000000000004444444444444444444444444411011000100
010000000000000144444444444444444400
000000000000000144444444444444444400
100000000000001144444444444444444400
100000000000001144444444444444444000
100000010000000000044444444444444441000100
000000010000000001444444444444444410000000
000000000000000001444444444444444411001000
100000000000000000444444444444444400001000
000000000000000000444444444444444444
000000000000000104444444444444444444
000000000000000104444444444444444444
000000000000000104444444444444444444
000000000000144444444444444444444444
000000000001044444444444444444444444
000000000001044444444444444444444444
000000000001044444444444444444444444
000000000000144444444444444444444444
000000000000144444444444444444444444
000000000000444444444444444444444444
000000000000444444444444444444444444
000000000000444444444444444444444444
000000000000114444444444444444444444
000000000000144444444444444444444444
000000000000144444444444444444444440
000000000000144444444444444444444440
000000000001144444444444444444444440
000000000001444444444444444444444444
000000000001444444444444444444444444
000000000001444444444444444444444440
000000000014444444444444444444444440
000000000014444444444444444444444440
100000000001444444444444444444444444444444
100000000004444444444444444444444444444444
110000000014444444444444444444444444444444
010000000014444444444444444444444444444444
010000000014444444444444444444444444444444
000001000000444444444444000010000000
000001000001444444444444000010000000
000000000001444444444444000010000000
000000000001444444444440000000000000
000010000001444444444440000100000000
100000000000000014444444444444400000000110
000000000000000004444444444444400000000110
000000000000100004444444444444400100000110
000000000000100014444444444444400100001100
100000000000100144444444444444000000001100
000000000000144444444444444444441100
000000000000444444444444444444441100
000000000001444444444444444444411100
000000000001444444444444444444411100
444444444444444444
444444444444444444
444444444444444444
444444444444444444
001000000444444444444444444411000011
001000000444444444444444444411000011
001000001444444444444444444410000011
001000001444444444444444444110000011
000444444444444444444444444411
000444444444444444444444444411
000444444444444444444444444411
000444444444444444444444444011
000111440441444444444444
000111440441444444444444
000111440440444444444444
001114444440444444444444
100114444444444444441000
000144444444444444441001
101144444444444444440001
000144444444444444440001
000114444444444444444444
000114444444444444444444
001144444444444444444444
001144444444444444444444
000000004444444444444444444444440000000000
000000004444444444444444444444400000000000
000000104444444444444444444444400000000000
000000104444444444444444444444400000000000
000000044444444444444444444444400000000000
000000004444444444444444444440100000
000000004444444444444444444440100000
000000144444444444444444444440100000
000000044444444444444444444440000000
000000044444444444444444444440000000
000444444444444444444000000000
000444444444444444444100000000
000444444444444444441000000000
000444444444444444440000000000
000444444444444444440000000000
000000000014444444444444444444400000
000000000014444444444444444444400000
000000000004444444444444444444000000
000000000044444444444444444444000000
000000000144444444444444444444000000
000000010000000000011444444444444444110000
000000010000000000011444444444444444110000
001000010000000000111444444444444444100000
001000010000000000111444444444444444100000
001000010000000000114444444444444444100000
001000010000000000114444444444444444100000
000000010000001000114444444444444444100000
000000000000001000114444444444444444100000
000000000000001000114444444444444444100000
001000100000001000114444444444444444100000
000000014444444444444444444410
000000014444444444444444444410
000000014444444444444444444400
000000014444444444444444444400
000000114444444444444444444400
000000114444444444444444444400
000000114444444444444444444400
000000114444444444444444444400
000000144444444444444444444100
000000144444444444444444444100
000000010000000000144444444444444101
000000010000000000144444444444444101
000000000000000000144444444444444101
000000000000000000144444444444444101
000000000000000000144444444444444101
000000000000000000144444444444444101
000000100000000000144444444444441001
000000100000000000144444444444441001
000000100000000001144444444444441001
000000100000000001144444444444441001
010010000000000000000100000044444444444100
010010000000000000000100000044444444444100
000000001000000000000100000044444444444100
000000001000000000000100000044444444444100
000000001000000000000000000044444444444000
000000001000000000000000000044444444444000
100100001000000000001000000044444444444000
100100001000000000001000000044444444444000
100100000000000000001000000044444444441000
100100000000000000001000000044444444441000
000000044444444444444444444444441000000000
000000144444444444444444444444441000000000
000000144444444444444444444444441000000000
000000444444444444444444444444441000000000
010011444444444444444444444444444010000000
000001444444444444444444444444444010000000
100011444444444444444444444444444010000000
100114444444444444444444444444441100000000
000000114444444444444444444444444400000000
000000114444444444444444444444444400000000
000001114444444444444444444444444100000000
000001144444444444444444444444444000000000
000000000001000000000044444444444444444444400000000044444444
000000000001000000000044444444444444444444400000000044444444
000000000001000000000444444444444444444444000000000044444444
000000000001000000000444444444444444444444000000000044444444
000000000000000000000000444444444444444444444000000004444444
000000000000000000000000444444444444444444440000000004444444
000000000000000000000004444444444444444444440000000044444444
000000000000000000000004444444444444444444440000000044444444
000000000000000000000004444444444444444444400000004444444444
000000000000000000000004444444444444444444400000004444444444
000000000000000000000004444444444444444444400000004444444444
000000000000000000000004444444444444444444400000004444444444
000000000000000000000044444444444444444000000004444444
000000000000000000000144444444444444444000000004444444
000000000000000000000444444444444444444000000044444444
000000000000000000000444444444444444444000000044444444
000000000000000000000144444444400000000000000004444444
000000000000000000000444444444400000000000000004444444
000000000000000000000444444444400000000000000004444444
000000000000000000000444444444400000000000000044444444
000000001444444444444444
000000001444444444444440
000000004444444444444440
444444444444444444444444444444440000
444444444444444444444444444444400000
444444444444444444444444444444400000
000014444444444444444000
000144444444444444444000
000144444444444444444000
444444444444444444400000
444444444444444444400000
444444444444444444401000
000000002444444444444444444444
000000014444444444444444444444
000000014444444444444444444444
000000014444444444444444444444
011000000001444444444444444444
110000000002444444444444444444
110000000002444444444444444444
110000000004444444444444444444
000000000244444444444444444444
000000000244444444444444444444
000000001444444444444444444444
000000001444444444444444444444
000000100002444444444444444444444444
000000000002444444444444444444444444
000001000002444444444444444444444442
000001000014444444444444444444444442
000000001444444444444444444444
000000000444444444444444444444
000000000444444444444444444444
000000004444444444444444444444
000044444444444444444444444444
000444444444444444444444444444
000444444444444444444444444444
000444444444444444444444444444
000000000000444444444444444440
000000000000444444444444444441
000000000001444444444444444440
000000000001444444444444444440
000004444444444444444444444440
000004444444444444444444444400
000004444444444444444444444400
000004444444444444444444444400
000144444444444444444440000000044401
000144444444444444444440000000044001
000044444444444444444440000000044001
001144444444444444444440000000044000
001144444444444444444410000000044000
000144444444444444444444000000
000144444444444444444440000000
000144444444444444444440000000
001144444444444444444440000000
001144444444444444444440000000
000000000000144444444444444400
000000000000144444444444444100
000000000000444444444444444000
000000000000444444444444444000
000000000044444444444444440004
000000000044444444444444440044
000000000144444444444444400044
000000000144444444444444400044
000000000001004444444444444444
000000000001004444444444444444
000000000001044444444444444444
000000000001044444444444444444
001000000000000444444444444000
001000000000000444444444444000
001000000000001444444444444000
001000000000001444444444444000
010000000000001444444444444444444410000000
010000000000001444444444444444444410000000
100000000000001444444444444444444410000000
100000000000011444444444444444444010000000
000001000000000000144444444444444444444444444000
000001000000000000144444444444444444444444440000
000001000000000001444444444444444444444444440000
000001000000000001444444444444444444444444440000
000000001000000044444444444444444444444000000000
000000000000001444444444444444444444440001001000
000000000000000444444444444444444444440000001000
000000000000000444444444444444444444440000001000
014444444444444444444444411001110010000110
004444444444444444444444410011110011010110
004444444444444444444444400011110010010100
044444444444444444444444400011100110101110
010000110000104444444444444444444444001000
100000100000104444444444444444444444001001
110000110000114444444444444444444440001001
100000100000144444444444444444444440001001
000110100000001444444444444444444444410011
001101100010001444444444444444444444400010
001011000010001444444444444444444444100010
001001000010014444444444444444444444100100
000000000000010444444444444444444400
000000000000011444444444444444444400
000000000000004444444444444444444400
000000000000104444444444444444444100
000000000000104444444444444444444000
000001444444444444444444444444
000001444444444444444444444444
000004444444444444444444444444
000004444444444444444444444444
000014444444444444444444444444
000000000044444444444444
000000000144444444444444
000000000044444444444444
000000000444444444444444
000000001444444444444444
000100000000444444444444444444444444444440
000100000001444444444444444444444444444440
000100000001444444444444444444444444444440
000100000001444444444444444444444444444400
000000000001444444444444444444444444444400
101104444444444444444444444444
111044444444444444444444444444
011144444444444444444444444442
111144444444444444444444444441
111144444444444444444444444441
044444444444444444444444201044
044444444444444444444444000044
444444444444444444444444111044
444444444444444444444444010040
444444444444444444444442010440
000014444444444444444444444444
000014444444444444444444444444
000014444444444444444444444444
000114444444444444444444444444
000144444444444444444444444444
000444444444444444444444444444
002444444444444444444444444444
004444444444444444444444444444
004444444444444444444444444444
004444444444444444444444444444
044444444444444444444440000000000000000000
044444444444444444444440000000000000000000
044444444444444444444440000000000000000000
044444444444444444444400100000000001000000
044444444444444444444400000000000000000000
100444444444444444444444444010000000000000
100444444444444444444444444000000000000000
100444444444444444444444444000000000000000
001444444444444444444444444000000000000000
001444444444444444444444440100000000000000
010001001444444444444444444444000100000000
010000001444444444444444444444100000000000
000000001444444444444444444444000000000000
000000001444444444444444444440111000000000
100010014444444444444444444440001000000000
000100000144444444444444444444440000000000
000100000144444444444444444444400000000000
000100000444444444444444444444400010000000
000000000444444444444444444444410010010000
001000001444444444444444444444410010010000
110000000011004444444444444444444000011000
100000000011004444444444444444444000011000
100000000110004444444444444444444000110000
100000000110004444444444444444444000110000
000000000000001444444444444444444444444444444440001000
000000000000001444444444444444444444444444444440001001
000000000000004444444444444444444444444444444400001001
000000000000014444444444444444444444444444444400011001
001444444444444444444110001000000000
011444444444444444444100000000000000
014444444444444444444100010000000000
014444444444444444444100010000000000
000001000014444444444444444444444144001000
000001000014444444444444444444441444001000
000000000014444444444444444444440444001000
000010000044444444444444444444441444000001
010444444444444444444444444444444444444000000000
010444444444444444444444444444444444444000000000
114444444444444444444444444444444444440000000000
000000011144444444444444444444444400000000000100
000000111044444444444444444444444400000000000000
000000111044444444444444444444444000000000000000
000000144444444444444444444444444444444400
000000144444444444444444444444444444444400
000000144444444444444444444444444444444400
000000444444444444444444444444444444444400
000000444444444444444444444444444444444400
000000444444444444444444444444444444444400
000000444444444444444444444444444444444400
000000444444444444444444444444444444444400
000000444444444444444444444444444444444400
000001444444444444444444444444444444444000
014444444444444444444444444444444444400000
014444444444444444444444444444444444400010
014444444444444444444444444444444444400010
014444444444444444444444444444444444400000
014444444444444444444444444444444444410000
014444444444444444444444444444444444400000
014444444444444444444444444444444444400000
144444444444444444444444444444444444000000
144444444444444444444444444444444444000000
144444444444444444444444444444444444000000
000000000000000144444444444444444444444444
000000000010000444444444444444444444444441
000000000010000444444444444444444444444441
000000000010001444444444444444444444444441
000000000010001444444444444444444444444441
000000000010001444444444444444444444444440
000000000010001444444444444444444444444440
000000000100001444444444444444444444444440
000000000000001444444444444444444444444440
000000000000001444444444444444444444444440
000000000000000444444444444444444444444444
000000000000000444444444444444444444444444
000000000000000444444444444444444444444444
000000000000001444444444444444444444444444
000000000000001444444444444444444444444444
000000000000000444444444444444444444444444
000000000000000444444444444444444444444444
000000000000000444444444444444444444444444
000000000000000444444444444444444444444444
000000000000004444444444444444444444444444
000000000000000000104444444444444444444444444000
000000000000000000104444444444444444444444441000
000000000000000000004444444444444444444444440000
000010000000000000004444444444444444444444440000
000000000000000000014444444444444444444444400000
000000000000100000014444444444444444444444400000
000000000000100000014444444444444444444444400000
000000000000100000014444444444444444444444000000
000000000000000014444444444444444444440011
000000000000000144444444444444444444440011
000000000000000144444444444444444444400011
000000000000000144444444444444444444410011
000000001000001444444444444444444444444410
000000001000014444444444444444444444444400
000000000000014444444444444444444444444400
000000000000014444444444444444444444444410
000000000000000144444444444444444444
000000000000000444444444444444444444
100000000000001444444444444444444444
100000000000001444444444444444444444
000000101010004444444444444444444444
000101111000014444444444444444444444
000101101011044444444444444444444444
000001110000044444444444444444444444
100000001001100014444444444444444444440000
010000010001000114444444444444444444440000
000000010001000144444444444444444444400000
000000010011000144444444444444444444400000
110000001110011111000144444444444444444444444444
100000011010011111101444444444444444444444444444
100000111001011111101444444444444444444444444444
100000011001111100101444444444444444444444444444
000000000000044444444444444444444011010000101000
000000000000044444444444444444444001010000100000
100000000000044444444444444444440101000000110000
100000000000444444444444444444440101100000110000
010010000010444444444444444444444444444444444000
000000000014444444444444444444444444444444444000
100100000014444444444444444444444444444444441000
100100000114444444444444444444444444444444441000
000004444444444444444444444444444001000010000000
000004444444444444444444444444444001000010000000
000014444444444444444444444444444000000011000000
000044444444444444444444444444444010000101000001
100100000444444444444444444444444444
100100011444444444444444444444444444
000000010444444444444444444444444444
000000014444444444444444444444444444
010000001444444444444444444444444411
010000001444444444444444444444444411
010000001444444444444444444444444410
010000001444444444444444444444444410
010000001444444444444444444444444410
010000001444444444444444444444444410
110000001444444444444444444444444110
100000001444444444444444444444444110
100000004444444444444444444444444110
100000004444444444444444444444444110
000014444444444444444444444444444100001000
000114444444444444444444444444441000010000
000114444444444444444444444444441000010000
000114444444444444444444444444441000010000
000144444444444444444444444444441000010000
014444444444444444444444444444444410001400001100
144444444444444444444444444444444400000400011100
144444444444444444444444444444444400004000001100
144444444444444444444444444444444400001400011000
144444444444444444444444444444444000014100011000
000144444444444444444444444444
000144444444444444444444444444
000144444444444444444444444444
001044444444444444444444444444
001444444444444444444444444444
114444444444444444444444444444444000001000
144444444444444444444444444444441000001000
144444444444444444444444444444440000010000
144444444444444444444444444444440000010000
144444444444444444444444444444440000010000
000001000001444444444444444444444440000000
000001000001444444444444444444444440000000
000000000000444444444444444444444440000001
000010000014444444444444444444444440000001
444400000110014444444444444444444444000000010000
444400000100004444444444444444444440000000000000
444000000100104444444444444444444440000000100000
444000001100144444444444444444444440000000000000
000003333330444444444444444440000000
000033333330444444444444444440000000
000033333334444444444444444400000000
000033333334444444444444444410000000
440000004444444444444444440000000000
440000114444444444444444440000000000
440000114444444444444444440000000000
100100000014444444444444444444401001011000
100000000014444444444444444444400001110001
100000000014444444444444444444400001110001
100000000014444444444444444444410001111101
100000000014444444444444444444410101111101
100000000014444444444444444444410111101101
100000000014444444444444444444410101101101
100000000114444444444444444444400111111101
100000000104444444444444444444400111111101
100000000104444444444444444444010010110001
100000220244444444444444444440011000000010
100000220144444444444444444440011010000000
100000220144444444444444444440010010000000
100002200144444444444444444440010010000000
110002200144444444444444444440010010000000
110002200144444444444444444410011010000000
110002200144444444444444444410011010000000
100002202144444444444444444420111010000000
100002202144444444444444444410111010000000
000002202444444444444444444411110000000000
111111100110001444444444444444401110100000
111111000110011444444444444444401010000000
111111000110011444444444444444401010000000
111111000110010444444444444444001011000000
111111000110010444444444444444001011000000
111111000100010444444444444444001101000000
111111000100010444444444444444011101000000
111111000100014444444444444444011101000000
101111000100014444444444444444011101000000
110111001100014444444444444444011101000000
000000000000144444444444444444444111010100
000000000000144444444444444444444111010000
000000000000144444444444444444444111010000
000010000000144444444444444444440101100000
000010000000144444444444444444440101110000
000010000000444444444444444444440101100000
000010000000444444444444444444440100101000
000000000000444444444444444444440100101000
000000000000444444444444444444440100101000
000000000001444444444444444444441110101000
000000100000044444444444444444400010001000
000000100001044444444444444444400000000000
000000100001044444444444444444400010000000
000000100001444444444444444444400000010000
000000100001444444444444444444400000010000
000001100001444444444444444444000100010000
000001100001444444444444444444000100010000
000001000001444444444444444444000100010000
000001000001444444444444444444000100010000
000001000000444444444444444444000100010000
100000000004444444444444444000010000000100
100000000004444444444444441000100000000000
100000000004444444444444441000100000000000
100000000104444444444444441000100000000100
100000000114444444444444441000100000000100
100000000144444444444444440000100000000000
100000000144444444444444440000100000000000
100000000144444444444444440000100000000000
000000000144444444444444440000100000000000
000000000044444444444444440000100000001000
000000014444444444444444440000000001000100
000000004444444444444444440000000001000000
000000004444444444444444440001000001000000
000000014444444444444444440001000001000000
000000014444444444444444440001000001000000
000000014444444444444444400001000000000000
000000014444444444444444400001000000000000
000000104444444444444444400000000010000000
000000114444444444444444400000000010000000
000000144444444444444444400000000010000000
000044444444444444444440
000044444444444444444440
000144444444444444444440
000444444444444444444440
000444444444444444444440
000044444444444444444444
000044444444444444444441
000144444444444444444440
000144444444444444444440
000444444444444444444440
011444444444444444444444
011444444444444444444444
014444444444444444444444
114444444444444444444444
114444444444444444444444
000000444444444444444444
000000444444444444444440
000004444444444444444440
000004444444444444444440
000004444444444444444440
000000000000004444444444444444444444000001000000
000000000000004444444444444444444444000011010000
000000000000004444444444444444444440000010010000
000000000000044444444444444444444440000010010000
000000000000044444444444444444444444444100100444
000000000000044444444444444444444444444000100444
000000000000044444444444444444444444444200000444
000000000000044444444444444444444444444000004444
000000044444444444444444444444000000000001
000000044444444444444444444444000010000000
000000044444444444444444444440000010000000
000000444444444444444444444440000010000010
000004444444444444444444444444444440400000101010
000004444444444444444444444444444440100000100010
000044444444444444444444444444444404110000000000
000044444444444444444444444444444404010001000000
000011100110101044444444444444444444444400
000011100110100444444444444444444444444400
000111001101000444444444444444444444444400
000000000004444444444444444444444444444444
000000000004444444444444444444444444444444
000000000004444444444444444444444444444444
110111111101000011444444444444444444
111011111110000001444444444444444444
101111111110000000444444444444444444
000000000000044444444444444444444444444444400000
000000000000044444444444444444444444444444400000
000000000000444444444444444444444444444444000000
000000000014444444444444444444444444440000100001
000000000014444444444444444444444444400011100001
000000000114444444444444444444444444400000000001
000000000144444444444444444444444444400010100011
100000000010444444444444444444444444410101
000000000104444444444444444444444444410101
000000000104444444444444444444444444401101
000000100104444444444444444444444444401001
000000014444444444444444444444400000000110
100000014444444444444444444444400000000100
000000044444444444444444444444400000001100
000000044444444444444444444444410000001000
000000011444444444444444444444444444444444
000000010444444444444444444444444444444444
000000014444444444444444444444444444444444
000000114444444444444444444444444444444444
000014444444444444444444444444444444444444
000004444444444444444444444444444444444444
000014444444444444444444444444444444444444
000044444444444444444444444444444444444444
000044444444444444444444444444444444444444
010000444444444444444444444444444444444400
001000444444444444444444444444444444444400
101000444444444444444444444444444444444400
000014444444444444444444444444444444444100
110014444444444444444444444444444444444100
011000000000111444444444444444444444444444444440001000
011000000000011444444444444444444444444444444440000000
011000000000104444444444444444444444444444444440000000
010000000000114444444444444444444444444444444400000000
010000000000114444444444444444444444444444444400000000
111001111111444444444444444444444444444444401010
011001111110444444444444444444444444444444111011
010001111100444444444444444444444444444444110110
010011111011444444444444444444444444444444000110
111011111014444444444444444444444444444444010110
010000444444444444444444444444444444444400
001000444444444444444444444444444444444400
101000444444444444444444444444444444444400
000014444444444444444444444444444444444100
110014444444444444444444444444444444444100
000000000004444444444444444444444444444444444444444444444441
000000000004444444444444444444444444444444444444444444444440
000000000004444444444444444444444444444444444444444444444440
000000000004444444444444444444444444444444444444444444444440
000000000004444444444444444444444444444444444444444444444440
111001111111444444444444444444444444444444401010
011001111110444444444444444444444444444444111011
010001111100444444444444444444444444444444110110
010011111011444444444444444444444444444444000110
111011111014444444444444444444444444444444010110
000014444444444444444444444444444444444111100100
000014444444444444444444444444444444444100101000
000004444444444444444444444444444444444111100001
100014444444444444444444444444444444444111100011
000144444444444444444444444444444444441111000001
000000110000000144444444444110000000000000
000001110000000044444444444110110000000000
000001110000001444444444444101110000000000
000001110000001444444444444101010000000001
000001110000001444444444440101010000000000
111011100000010144444444444444441000110000000010
100111000001000444444444444444440001110000000010
110111000011101444444444444444440001100000000010
101111010010100444444444444444440001100000000100
101111000110000444444444444444400001100000000000
011044444444444444410000100110100000
010444444444444444400010000111100000
000444444444444444400000100110110000
010444444444444444011010001110100000
010444444444444444001010001110100000
000000004444444444444444444101011000000000
000000004444444444444444444001010000000000
000000004444444444444444444100011000000010
000000004444444444444444441000110000000011
000000044444444444444444440000110000000001
000000001444444444444444444444010000
000000004444444444444444444444100000
000000004444444444444444444444100000
000000014444444444444444444444100000
111444444444444444444444444444411111
111444444444444444444444444444400111
111444444444444444444444444444400111
111444444444444444444444444444400111
000000014444444444444444444444110000
000000014444444444444444444444110000
000000004444444444444444444441100001
000000004444444444444444444441100001
111444444444444444444444444444411111
111444444444444444444444444444400111
111444444444444444444444444444400111
111444444444444444444444444444400111
001144444444444444
000144444444444444
000044444444444444
001444444444444444
000044444444444444444444
000444444444444444444444
000444444444444444444444
000444444444444444444444
000144444444444444
000144444444444444
000144444444444444
001444444444444444
000000014444444444444444444000000000
000000014444444444444444444000000000
000000014444444444444444444000000000
000000004444444444444444444000000000
000000104444444444444444444000000000
000000144444444444444444400000
000000144444444444444444000000
000000144444444444444444000000
000000444444444444444444000000
000000444444444444444444000000
000444444444444444444000000000
011444444444444444444000000000
010444444444444444440000000000
010444444444444444440000000001
014444444444444444440000000001
000000000004444444444444444444444401
000000000044444444444444444444444401
000000000044444444444444444444444401
000000000044444444444444444444444101
000000000044444444444444444444444101
000000000044444444444444444444444111
000000000044444444444444444444444111
000000000144444444444444444444444011
000000000144444444444444444444444011
000000000044444444444444444444444011
100000000000000000000000444444444444444444
100000000000000000000001444444444444444444
100000000000000000000101444444444444444444
100000000000000000000104444444444444444444
100000000000000000000104444444444444444444
100000000000000000000104444444444444444444
100000000000000000000104444444444444444444
100000000000000000000104444444444444444444
000000000000000000000104444444444444444444
000000000000000000000004444444444444444444
000000000001144444444444444444400000
000000000001144444444444444444410000
000000000001144444444444444444410000
000000000001144444444444444444400000
000000000001144444444444444444400000
010000000001144444444444444444400000
010000000001144444444444444444400000
000000000001444444444444444444100000
000000000001444444444444444444100000
000000000011444444444444444444400000
000000000000000000000101444444444444444444
000000000100000000100100444444444444444444
000000000100000000100101444444444444444444
000000000000000000100001444444444444444444
000000000000000000100001444444444444444444
000100000000000000100014444444444444444444
000000000000000000100014444444444444444444
000000001000000000001004444444444444444444
000000000000000000001004444444444444444444
000000000000000000000014444444444444444444
000004444444444444444444444444444444444400
000004444444444444444444444444444444444400
000014444444444444444444444444444444444400
000044444444444444444444444444444444444000
000000044444444444444444444444440000000000
000000144444444444444444444444400000000000
000000144444444444444444444444400000000000
000000144444444444444444444444400000000000
000011444444444444444444444444444110000000
000111444444444444444444444444441110000000
000114444444444444444444444444441100000000
000114444444444444444444444444441100000000
000000004444444444444444444444444444400000
000000014444444444444444444444444444100000
000000044444444444444444444444444444000000
000000044444444444444444444444444444000000
000000000000000000000444444444444444440040000444444444
000000000000000000000444444444444444440040000444444444
000000000000000000004444444444444444400400004444444444
000000000000000000004444444444444444400400004444444444
000000000000000000144444444444444444444400000444444444
000000000000000000144444444444444444444400000444444444
000000000010000000444444444444444444444400000444444444
000000000000000001444444444444444444444000004444444444
000000000000000000444444444444444444444000000000444444
000000000000000000444444444444444444444000000004444444
000000000000000000444444444444444444444000001004444444
000000000000000004444444444444444444440000000004444444
000000000000000010000000000444444444444444444414400004444444
000000000000000010000000000444444444444444444404400004444444
010000000000000000000000001444444444444444444404400044444444
010000000000000000000000001444444444444444444404000044444444
001444444444444444
001444444444444444
001444444444444444
000000000104444444444444444440
000000001144444444444444444400
000000001044444444444444444400
000144444444400000000000000100
001144444444400000000000000100
001144444444400000000000001000
000144444444444444
001044444444444444
000444444444444444
000001111444444444444440000011000000
000001011444444444444440000000000000
000001000444444444444420000100000000
000001012444444444444400000100000000
000001002444444444444444444444440000
000001004444444444444444444444440000
000001014444444444444444444444440000
000001014444444444444444444444420000
000000101100024444444444444444444444
000000101110004444444444444444444444
000000001010024444444444444444444444
000000001010044444444444444444444444
100000000144444444444444444444444000
100000000144444444444444444444440000
000000001244444444444444444444440000
000000001444444444444444444444440001
000004444444444444444400000000
000014444444444444444400000000
000104444444444444444400000000
000144444444444444444400000000
044444444444444444000400000000
044444444444444444000000000000
044444444444444444004000000000
144444444444444444004000000000
000000000444444444444444400000
000000001444444444444444400000
000000001444444444444444000000
000000001444444444444444000000
000000044444444444444444444444
000000044444444444444444444444
000000444444444444444444444444
000000444444444444444444444444
000010444444444444444444000000000000
000010444444444444444444000000000001
000100444444444444444444000000000001
000100444444444444444444000000000000
001044444444444444444444444444400001
001044444444444444444444444444400001
001044444444444444444444444444410000
010044444444444444444444444444400010
000044444444444444444444
000044444444444444444444
000044444444444444444444
000444444444444444444444
000444444000444444444444444444
000404444400444444444444444444
000404044401444444444444444444
000404044401444444444444444444
000000014444444444444444444440000000
000000004444444444444444444440000000
000000114444444444444444444440000000
000000044444444444444444444440000000
000001444444444444444444444444110000
000001444444444444444444444441101000
000001444444444444444444444440110001
000014444444444444444444444440110001
001000004444444444444444444444010000
010000104444444444444444444441010000
010000004444444444444444444441010000
010000044444444444444444444441010000
000004444444444444444444444401
000104444444444444444444444001
000044444444444444444444444001
000144444444444444444444444011
000000001444444444444444444400000000
000000001444444444444444444400000000
000000001444444444444444444000000000
000000000444444444444444444000000000
000000000444444444444444444444440000
000000000444444444444444444444440000
000000001444444444444444444444400000
000000004444444444444444444444400000
000000104444444444444444444400
000000104444444444444444444000
000000144444444444444444444000
000001044444444444444444444000
001044444444444444444444444444444444
001444444444444444444444444444444444
001444444444444444444444444444444440
010444444444444444444444444444444440
000000000014444444444444444444444444444000
000000000104444444444444444444444444444000
000000000104444444444444444444444444444000
000000000144444444444444444444444444440000
000000000144444444444444444444444444440000
144444444444444444444444444444
144444444444444444444444444444
144444444444444444444444444444
044444444444444444444444444444
444444444444444444444444444444
104444444444444444440000
144444444444444444440000
044444444444444444440000
044444444444444444440000
044444444444444444440000
000000400044440000000444444444444444444444
000000400044400000001444444444444444444444
000000000044400400001444444444444444444444
000000000444400400001444444444444444444444
000004000444400400004444444444444444444444
000000014444444444444444444444444444444100
000000114444444444444444444444444444444000
000000114444444444444444444444444444444000
000000144444444444444444444444444444441000
000000144444444444444444444444444444441000
000000144444444444444444444444444444441000
000000144444444444444444444444444444441000
000000144444444444444444444444444444441000
000000144444444444444444444444444444441000
000000144444444444444444444444444444441000
000000000000144444444444444444444422101002
000000000001044444444444444444444400000002
000000000001044444444444444444444420100000
000000000000444444444444444444444421000000
000000000000444444444444444444444421000000
000000000000444444444444444444444420011002
000000000001444444444444444444444400010002
000000000001444444444444444444444421010002
000000000001444444444444444444444421010002
000000000001444444444444444444444221011000
000000144444444444444444444444444444444444
000000444444444444444444444444444444444444
000000444444444444444444444444444444444444
000000444444444444444444444444444444404444
000001444444444444444444444444444444404444
000001444444444444444444444444444444444444
000001444444444444444444444444444444444444
000001444444444444444444444444444444444444
000001444444444444444444444444444444444444
000001444444444444444444444444444444444444
414444444444444444444444444444444444
014444444444444444444444444444444444
014444444444444444444444444444444444
014444444444444444444444444444444444
044444444444444444444444444444444444
004441444444444444444444444444444444
044440444444444444444444444444444444
044444444444444444444444444444444444
044444444444444444444444444444444444
144444444444444444444444444444444444
444444444444444444444444444444444444444000
444444444444444444444444444444444444444000
444444444444444444444444444444444444444000
444444444444444444444444444444444444444000
444444444444444444444444444444444444444000
444444444444444444444444444444444444444000
444444444444444444444444444444444444444000
444444444444444444444444444444444444440001
444444444444444444444444444444444444440001
444444444444444444444444444444444444440001
044444400044444444444444444444444444440000
044444400044444444444444444444444444440000
044444400044444444444444444444444444440000
444444000044444444444444444444444444441000
444444000044444444444444444444444444441000
444444000444444444444444444444444444400000
444444000444444444444444444444444444400000
444444100444444444444444444444444444400000
444444100444444444444444444444444444400000
444444000444444444444444444444444444400000
444444444444444444444444444444444444444440
444444444444444444444444444444444444444440
444444444444444444444444444444444444444440
444444444444444444444444444444444444444440
444444444444444444444444444444444444444440
444444444444444444444444444444444444444400
444444444444444444444444444444444444444400
444444444444444444444444444444444444444410
444444444444444444444444444444444444444410
444444444444444444444444444444444444444400
000000000000444444444444444444444444444444444444010000
000000000004444444444444444444444444444444444440010000
000000000004444444444444444444444444444444444440000000
000000000004444444444444444444444444444444444410000000
444444444444444444444444444440000000000000001000
444444444444444444444444444400000000000000000000
444444444444444444444444444400000000000000000000
444444444444444444444444444400000000000000000000
000004444444444444444444440000000000
000004444444444444444444444000000000
000044444444444444444444444000000000
000044444444444444444444440000000000
444444444444444444444444444441000100000000
444444444444444444444444444444000110000000
444444444444444444444444444444000100000000
444444444444444444444444444444000100000000
000000000000444444444444444444444444444444444000000000
000000000001444444444444444444444444444444444000000000
000000000000444444444444444444444444444444444000000000
000000000011144444444444444444444444444440000000
000000000111144444444444444444444444444440000000
000000000111144444444444444444444444444410000000
000000001444444444444444444444444444440000
000000001444444444444444444444444444440000
000000004444444444444444444444444444400000
000000004444444444444444444444444444400000
000000000000114444444444444444444444444100000000
000000000000114444444444444444444444444000000000
000000000010014444444444444444444444444000000000
000000004444444444444444444444444444444444
000000004444444444444444444444444444444444
000000004444444444444444444444444444444444
000000004444444444444444444444444444444444
000000004444444444444444444444444444444444
000000004444444444444444444444444444444444
000000004444444444444444444444444444444444
000000044444444444444444444444444444444444
000000044444444444444444444444444444444444
000000044444444444444444444444444444444440
000144444444444444444444444444444444444000
000144444444444444444444444444444444444000
000144444444444444444444444444444444444000
000144444444444444444444444444444444444000
000144444444444444444444444444444444444000
000444444444444444444444444444444444444000
000444444444444444444444444444444444444000
001444444444444444444444444444444444444000
001444444444444444444444444444444444444000
001444444444444444444444444444444444444000
000000004444444444444444444444444444444400
000000004444444444444444444444444444444400
000000004444444444444444444444444444444400
000000014444444444444444444444444444444000
000000014444444444444444444444444444444000
000000044444444444444444444444444444444000
000000044444444444444444444444444444444000
000000044444444444444444444444444444444000
000000044444444444444444444444444444444000
000000044444444444444444444444444444444000
000000144444444444444444444444444444444444
000000144444444444444444444444444444444444
000000144444444444444444444444444444444444
000000144444444444444444444444444444444444
000000144444444444444444444444444444444444
000001444444444444444444444444444444444444
000001444444444444444444444444444444444444
000001444444444444444444444444444444444444
000001444444444444444444444444444444444444
000001444444444444444444444444444444444444
001000000444444444444444444444400100000001111111111111
001000000444444444444444444444000100000011111111111111
001000000444444444444444444444000010000010111111111111
000000001444444444444444444444000010000010111111111111
000000110000000000111144411111111111111110
000000110000000000111144411111111111111110
000000010000000000111444411414411111111101
000001000000000001111444111114111111111101
000000000000444444444444444444444444
000000000000444444444444444444444444
000000000001444444444444444444444444
000000000001444444444444444444444444
000000001111444444444444444444
000000011114444444444444444444
000000011114444444444444444444
000000011114444444444444444444
000000144444444444444444444444
000000144444444444444444444444
000000444444444444444444444444
000001444444444444444444444444
000011444444111111141111111111110000
000011444444111114411111111111110000
000011444441111144411111111111110000
000011444441111114411111111111000000
000000000001110144444444444444444444444444
000000000011001144444444444444444444444444
000000000001000044444444444444444444444444
000001000010000144444444444444444444444444
000100014444444444444444444444444444444444
000000014444444444444444444444444444444444
000110044444444444444444444444444444444444
000000044444444444444444444444444444444444
001100000001110014444444444444444444444444
001100000000100104444444444444444444444444
001000000001100144444444444444444444444444
001100000001100044444444444444444444444444
101100000000144444444444444444444444444444
001100000000044444444444444444444444444444
001000000000044444444444444444444444444444
001110000000144444444444444444444444444444
000000010000000001444444001100000000000000
000000110000000001444444011000000000000000
000000100000000004444444000100000000000000
000000100000000004444444000100000000000000
100000004444444444444441000100000000000110
100000004444444444444440011100000000000110
011000044444444444444400001100000000000100
000000044444444444444400101100000000000100
000000000000000044444441000000010001100000
000000000000001144444400000000110001100000
000000000000001044444410000000110011100000
000100000000011444444410000000110011100000
000000000010000444444444444010000000000010000000
000000000110004444444444444010000110000010000000
000000000010004444444444441000010000000000000000
000001000000004444444444440000010000000000000000
000001110000004444
000001100000004444
000001100000004444
000001100000004444
100000001444444444444444
100000004444444444444444
000000004444444444444444
000000014444444444444444
010000044444444444444444444444444444444400
010000144444444444444444444444444444444400
000000444444444444444444444444444444444400
101000444444444444444444444444444444444400
101000000000000144444444444444444444440000
100000000000000144444444444444444444400000
100000000000000444444444444444444444400000
000000000000000444444444444444444444400000
100000010044444444444444444444444440000010
100000010044444444444444444444444440000110
100000100044444444444444444444444440000111
000000110144444444444444444444444440000101
010100014444444444444444444444444010
010100004444444444444444444444444010
010100004444444444444444444444444010
000100044444444444444444444444440000
000100044444444444444444444444440000
000100144444444444444444444444440000
000000044444444444444444444444440000
100000144444444444444444444444440000
100000144444444444444444444444440100
101000144444444444444444444444440101
000000000100000110000114444444444444444411000011
000100000100000110000114444444444444444411000011
001100000100000100001114444444444444444410000011
001000001100001100001144444444444444444100000011
000001000001114444444444444444444444444441000001
000001000001114444444444444444444444444440001001
000001000001144444444444444444444444444410001011
000001000011144444444444444444444444444410001010
110000000000114444444444441000000001000000000000
101000001000104444444444410000000000000000001000
000000010000114444444444400000000000100000010000
010000000000144444444444400000010000000000010000
000000000000004444444444444444444444444400000110
000000000000044444444444444444444444444401000101
000000000000144444444444444444444444444400001110
000000000000144444444444444444444444444000001110
000100000110144444444444444441000111000000
000110001111144444444444444440000010000000
000110001111144444444444444441000110000000
410000000000004444444444444444444444444000
000000000001044444444444444444444444444000
000000000001044444444444444444444444444000
110000100000110001144444444444444444444400
100001100000110001444444444444444444444400
100001000001110011444444444444444444444000
011000001101444444444444444444444444440000
011000011101444444444444444444444444444000
011000011101444444444444444444444444401000
011000011011444444444444444444444444401000
000000144444444444
000001144444444441
000001144444444441
000001144444444441
000001144444444441
000004444444444444444400
000004444444444444444400
000004444444444444444400
000044444444444444444400
000044444444444444444400
000000014444444444444444444444444444444000
000000004444444444444444444444444444444000
000000004444444444444444444444444444444000
000000014444444444444444444444444444444000
000000014444444444444444444444444444444000
000000114444444444444444444444444444444000
000000114444444444444444444444444444444000
000000144444444444444444444444444444444000
000000144444444444444444444444444444444000
000000144444444444444444444444444444444000
001110144444444444011404101000044444444440
001110144444444444010144100110444444444410
001110144444444444010144100100044444444410
001104444444444444011444000010444444444400
001104444444444444011444000010444444444400
001104444444444444000441000000444444444401
001114444444444444000141000000444444444400
011104444444444444011141000000444444444400
011104444444444444001140000000444444444400
010104444444444444011041010100444444444400
000000044444444444444444444444444444444444
000000044444444444444444444444444444444444
000000044444444444444444444444444444444444
000000044444444444444444444444444444444444
000000044444444444444444444444444444444444
000001444444444444444444444444444444444444
000001444444444444444444444444444444444444
000000444444444444444444444444444444444444
000000444444444444444444444444444444444444
000001444444444444444444444444444444444444
100010444444444444444444444444444444444444
100010444444444444444444444444444444444444
000010444444444444444444444444444444444444
000011444444444444444444444444444444444444
000011444444444444444444444444444444444444
000011444444444444444444444444444444444444
000001444444444444444444444444444444444444
000014444444444444444444444444444444444444
000014444444444444444444444444444444444444
000004444444444444444444444444444444444444
000001444444444444444444444444444444444444444440100000000000001000
000001444444444444444444444444444444444444444440010000000000001000
000001444444444444444444444444444444444444444400010000000000000000
000001444444444444444444444444444444444444444400000000000000010000
000004444444444444444444444444444444444444444401000000000000010000
000004444444444444444444444444444444444444001000000000
000004444444444444444444444444444444444444001000000000
000014444444444444444444444444444444444444001000100000
000014444444444444444444444444444444444440000000000000
000044444444444444444444444444444444444440000000000000
001000144444444444444444444444444444444440010001010001111001010001
000000144444444444444444444444444444444440020001010000011001011001
000001444444444444444444444444444444444410000000010101110010000001
000001444444444444444444444444444444444410010000000101110010010000
010001444444444444444444444444444444444400010000000001110100010010
000444444444444444444444444444444444440000000100000000000000000000000000
000444444444444444444444444444444444400000000000000000000000000010000000
000144444444444444444444444444444444400100000000000100000000000010000012
000444444444444444444444444444444444400100001000000100000000000000000010
000444444444444444444444444444444444400000001000000000000000000000000020
014444444444444444444444444444444444440000000000000000000000
014444444444444444444444444444444444440100000001000010000000
014444444444444444444444444444444444400000000000000000000000
044444444444444444444444444444444444400000000001001000000000
144444444444444444444444444444444444400000000000001000000000
010000000144444444444444444444444444444444444444400100011001000001000000010000000000
000000000144444444444444444444444444444444444444400100010001000001000000010000000000
000000000444444444444444444444444444444444444444400100010010000001000000010000000000
100000000444444444444444444444444444444444444444400000010010000001000000000010000000
100000000444444444444444444444444444444444444444401000010010000000000000100000000000
444444444444444444444444444444444444444444444444444444444000000000000010000000
444444444444444444444444444444444444444444444444444444444000000000000010000000
444444444444444444444444444444444444444444444444444444444000000000000010000000
444444444444444444444444444444444444444444444444444444444000000000000000000000
444444444444444444444444444444444444444444444444444444440000000000000000000000
000044444444444444444444444444444444444444444444400000
000044444444444444444444444444444444444444444444400000
000044444444444444444444444444444444444444444444400000
000044444444444444444444444444444444444444444444001000
000044444444444444444444444444444444444444444444000000
000000000010000000000044444444444444444444444444440000000000000000
000001000010000000000044444444444444444444444444440000000000000000
000001000000000000000044444444444444444444444444440000000000000000
000000000100000000000144444444444444444444444444400000000000000001
000000000100000000000144444444444444444444444444400000000000000001
000000444444444444444444444444444444444444444400
000001444444444444444444444444444444444444444400
000001444444444444444444444444444444444444444410
000001444444444444444444444444444444444444444010
000004444444444444444444444444444444444444444010
044444444444444444444444444444444444444444444400000000
144444444444444444444444444444444444444444444400000000
044444444444444444444444444444444444444444444410100000
044444444444444444444444444444444444444444444100100000
044444444444444444444444444444444444444444444100000000
044444444444444444444444444444444444444440000010000000000001000000
444444444444444444444444444444444444444440000010000000000001000000
444444444444444444444444444444444444444440000010000000000000000000
444444444444444444444444444444444444444400000110000000000010000000
444444444444444444444444444444444444444400000100000000000010000000
000444444444444444444444444444444444444444444444002021000000122221
001444444444444444444444444444444444444444444440012021000002100221
004444444444444444444444444444444444444444444440012001000000200011
004444444444444444444444444444444444444444444440012021000002200011
004444444444444444444444444444444444444444444440222010000002200211
000000001444444444444444444444444444444444444444444440000000000010
000000011144444444444444444444444444444444444444444410001000000010
000000010444444444444444444444444444444444444444444400001000000000
000000000444444444444444444444444444444444444444444100001000200000
000000111444444444444444444444444444444444444444444100000000000120
444444444444444444444400000000000100001444444444444444444444444444444444
444444444444444444444400000000000100004444444444444444444444444444444444
444444444444444444444400000000000100004444444444444444444444444444444441
444444444444444444444400000000000100014444444444444444444444444444444441
444444444444444444444400000000001000004444444444444444444444444444444441
111444444444444444444444444444100000011444444444444444444444444444444444444100
111444444444444444444444444444100000011444444444444444444444444444444444444100
111444444444444444444444444444100000011444444444444444444444444444444444444100
111444444444444444444444444444000000111444444444444444444444444444444444441100
114444444444444444444444444444000000111444444444444444444444444444444444441100
000444444444444444444444444444444444444000000011000000000001000000
004444444444444444444444444444444444441000000011000000000001110000
004444444444444444444444444444444444440000000010000000000001100000
004444444444444444444444444444444444440000000010000000000011100000
004444444444444444444444444444444444440000000010000000000011000000
100111444444444444444444444444444411441114141101000000000000
100111444444444444444444444444444411441144410211000000000000
100114444444444444444444444444444411441144411121000000000000
101114444444444444444444444444444411444444410010000000000000
001114444444444444444444444444444111441444411110000000000000
