(000000000000000000000000000000000000000000000000000000440044444444444444444444444444444444444444444444444444444444440400004000440440400404444444444444444444444444444444444444444444444444444444444444444444444444444444404444444444444444444444444444444444444444444444444444444444444444444444444444444444444444444444444400000000000000000020000200202002222200, 4)
(0010010000100100000000101101101100010000100000111100200000111010001110111100000010111111100111010011000201001100010000010111111111110110110111112111101102111010110020000000000002000000000001010010010121200110001001010010011100010110000111000100001111010000200000001000000000000000000000000010100000020000100000010100010100220012000000000, 1)
(222202220002000020202202220000020220222000022002022222220002222000000202200020221000220020044444444200000000022010202000022000202000020020202002000200020220222020000, 2)
(022202222022222202244444444444444444444444444444444444444444444444444444444444444444444444444444444444444444444444444444444444444444444444444444444444444444444444444444444444444444444444040400000000004404240000000002220000200020000000000200000000020000000000000020020000002020002102220200020000000202000000220002020000000000000202202202000222200222022220002000020002000000000000000, 4)
(0111011100101100110111010010110000000000000000000000333333333333333333333333333333333333331111111020111001000000000000000010001011011100110010001000200000000000000000000000000101101120001000000000333333333333333333333333333333331111100001000010000100010000010111010000011111000000000000000000000000000000000000000000100000000000000000000000011110000000000000200000000020000000, 3)
(044444444444444444444444444444444444444444444444444444444444444444444444444444444444444444444444444444444444444444444444444444444444444444444444444444444444444444444444444444444444444444444444444444444444444444444444444444444444400010000000000011000000000100000000000000000, 4)
(000101102011144444444444444444444444444444444444444444444444444444444444444444444444444444444444444444444444444444444444444444444444444444444444444444444444444444444444444444444444444444444444444444444444444444444444444444444444444444440000020200001200020222020200020002222022220120220000202210200202210000002121010000201220020001001000112220210002, 4)
(111144444444444444444444444444444444444014010110010000000000000000000000000000000001001011111001014444444444444444444444444444444444444444444444444011110000000000000000000000000000000000000000000000000000000000000000000011114444444444444444444444444444444444411010100000001000000000000000000000000000000000000000000, 4)
(110000100110110000000001000000000000000001000000000000010000000000000000000000000000000000000000000000100000000000000010000000000000000101010000000000000000000000001000000000000000000000011010000001000100001000000000000000000000010000000000000000000000000000000000000000000000000000000000000000000000000000000000000000000, 0)
(2200202002202020000000022020000002002202202002002202000022022000002022000000020021022202220221022444044444444444444444444444444444444444444444444444444444444444444404444444444422020222100001000002100002200020000200000000200202220020000020002002202200200002000022020202000000, 2)
(101010100000000010044444444444444444444444444444444444444444444444444444444444444444444444444444444444444444444444444444444444444444444444444444444444444444444444444444444444444444444444444444444444444444444444444444444444444444444444444440000100010000000100000010000010000000010000000000000000000000000000000000000000000, 4)
(0001110000000000000000000000000000000000000001100444444444444444444444444444444444444444444444444444444444444444444444444444444444444444444444444444444444444444444444444444444444444444444444444444444444444444444444444444444444444444444444444400000000000000020002020000002022000020020200000000202000000000000000000000000000000000000000000000000000000000000000000000001100100000000001000110000000000000000000000000000000000000000000000011000, 4)
(1000000444444444444444444444444444444444444440010101000000010000001000000000010000000010101101010100000000100111044444444444444444444444444444444444444444400010010000101000000000000000000010001000000000000000000000000000000000000101010000000000000000000111011144444444444444444444444444444444444444444100010100000000000000200000000002000000000000000, 4)
(0000000220000000000000002022000000000020000000000000000000000000020200000002002000000200000000200000000200000022000001000000000200020002000000000000000000200000020000000000020000020020000200200222020020000000002000000000000002000000100000000020200000000000000000000000000000000002000000000000000, 0)
(00010001000100100001111010100001110111010100000100000001033033333333333333333333333333333333333333333333333333333333333333333333333333333333333333333333333333333333333333333333333333333333333333333333333200011110110001000010100111111011101111000111010101120010101100100110111001210010001211001101100000000110010000000001100001000000000000000000000000000000000000000000000, 3)
(00101122200101011101101000000000000000000011101110011111111100000000000000111010011111111000000000000020000002020303333333333333333333333333333333333333333333333333333333333333333333333333333333333333333333333333333333333333333333333333333333333333333300000000002000000000000000000000000000000000000000000000, 3)
(0000000000000220202222022220022222222222222222222220202222222220200000000000000000000000000000000000000000000000000000000000002202022222222222222022022222222222222222222222222200222222010000000000000000000000000000000000000020002000020000200000000000000000000000000000002220222022222022022222222222222202222222222202222222200002220202000000000200000000000020, 2)
(0220200200020000000044444444444444444444444444444444444444444444444444444444444444444444444444444444444444444444444444444444444444444444444444444444444444444444444444444444444444444444444444444444444444444444444444444444444444444444444444444022000000002000000020202000002022202120000000000000, 4)
(0000000100011010001040004444444444444444444440000000000000010000100000000000020100203333333333333333333333333333333333333333333333333333333333333333333333333333333333333333333333333333333333333333333333333333333333333333333333333333333333333333333333333333333333333333333333333333333333333333333333000000000010100111010001001100100110000, 3)
(444444444444444444444444444444444444444444444444444444444444444444444444444444444444444444444444444444444444410000100001000000000000000000000000000000010000010100011001011000000000000100000010004444444444444444444444444444444444444444444444444444444444444444444444444444444444444444444444444444444444444444444444444444444444444444444444444444444444444444444000100100000000, 4)
(000000002000020000000000002000220200220022202202022000202000202000020000000200000220220000000022000202000200220000000020000000220200200000020200000000000020000000000220222200002220000020002222002000000002020202000022002202022002202200000020000000020220, 0)
(000000000000010000000040444444444444444444444444444444000000000000000000000000000200000200200200000000020000000000020000000000000444444444444444444444444444444444444444444444444444440000000200000000000000000000000020002200020002200200002020200200002200000020000020000000200000000200000200000000000000000000000, 4)
(4444444444444444444444444444444444444444444444444444444444444444444444444444444444444444444444444444444444444444444444444444444444444444444444444444444444444444444444444444444444444444444444444444444444444444444444444444444444444444444444444444444444444444444444444444444444444444444111110000000000000000000000000000000000000000000000000002000000000000100000000000002000000000002222222120020000, 4)
(44444444444444444444444444444444444044420222222202002222222220222220220222022022222220202202222020444444444444444444444444444444444444444444444044000400200202222200202000220202220000022000200022202220220022200000, 4)
(0000000001000000000010210000101011100000010111111101111011001000001011010000011010111111133133333333333333333333333333333333333333333333333333333333333333333333333333333333333333333333333333333333333333333330000000000000100001200100011201101000001000100100001000110001110010110010100100000000001000000000110001010100111011101010001011000100101010000000000210, 3)
(111000110000100000000000111111111111110100111101110111011000000000000000000100000010000000000000100000000110111144444444444444444444444444444444444444444444444444444444444444444444444444444444444444444444444444444444444444444444444444444444444411121111111100000000000000000000001000000000000200000000000000000000000000000200000112000010, 4)
(2222222020000002020002220202200000002120222001000000200022201000001012111103333333333333333333333333333333333333300000000000000000000002022222020022222120210002000000001000012001011112212200000000001222100022100222222200003333333333333333333333333333333333333333333333333333333301100000000000000000000000000000000202220020020200200000000, 3)
(000202000000040004444444444444444400444444444444444444444444444444444444444444444444444444444444444444444444444444444444444444444444444444444444444444444444444444444444444444444444444444444444444444444444444444444444444444444444444400020220020000000000022220220202000000002002020002222220002222222202020022020020020020020000200220002, 4)
(000000000101010000110011000100111001001100111100011101000000010000000011113333333333333333333333333333333333333333333333333333333333333333333333333333333333333333333333333333333333333333333333333333333333333333333333333333333333333333333333333333333333333333333333333333333333333333333333333333333333333333333333330000100000020100000000000, 3)
(000200000020000022000000020000220002000200000000001010010100004444444444444444444444444444444444040400000440404040444044444444444444444444444444444444444444444444444444444444444444444444444444444444444444444444444444444444444444444444444444444444444444444400000020002002200000000000000000000000000000000000000000000000000000000000000000000000000000, 4)
(000020000000000000000000200000000020000000000003333333333333333333333333333333333333333333333333333333333333333333333333333333333333333333333333333333333333333333333333333333333333333333333333333333333333333333333333333333333333333333333000200000000002000000000010200000000000000000020000000000000000000020000000020000000000220020200220000000002000000020000002000000, 3)
(020022022002000002202222222200444444444444444444444444202222000020000000002200210002020002200002000200220200022222202222222202000020022200444444444444444444444444444444444444100000000000020000220000000000000002000200022200020020000020020002022200222200000002000000000000000000200000022000, 4)
(010212200222222222222222222222222202222222220200020002222222201222022102202222102222202222212111212212021222222424400404404200222022022222212222221012111202222222222222222100121020102200222221021122222222220220222222222222222222222221222222020202202000000000000000000020000000000020000000200000000000020000000000000000, 2)
(00222221222220222202202222222222222222220222220102020000110000000001022011001000100001001000101000000000201000220002002001011101012200102212120112000200120102022220000011010010001012100100100000000000000100020020001010020200000000200020110202000100012120110200000122002000200222122200220000222200200000002201010010002, 2)
(0000000000000000000000020200000000002000000000000002000000000000000000000000000000000000000000000000000000000000010100000000200000000000000000000000000000000000000001200000000200220000000000002000020000020200000000000000000000000000000002000000000000000000000000000000000002000000000000000000000000000000000000000, 0)
(000000000000000000000333333333333333333333333333333333333333333333333301020020000020000002000200000000020000000000000200000000000000000000000000000000000020000000000220200000200000000000200200333333333333333333333333333333333300000000000002000200000000000000000000000000000000000000000000000000000200000000000000000000000000000000000000000200000000000002000000000000, 3)
(0010001100001101044444444444444444444444444444444444444444444444444444444444444444444444444444444444444444444444444444444444444444444444444444444444401010000000000000100000000000100010000010010000000444444444444444444444444444444444444444444444444444444444444444444444444444444444444444444444444444444444444444444444444444444444444444444444444444444444444444444001400110000001000000000000000000, 4)
(10011100111111100010110011000011100111111011000010010011110000110111100011010100000000011111110000000000101011111111111010001000000000011110044444444444444444444444444444444444444411111111110000000000000001000000001110111110044444444444444444444444444444444444444444444444111101000000000000000000000000000, 4)
(0000000000020000000000000000000000000000000000000000000000000000000000000200000000000000000002000000000000000000001000000000000000000000000000000000000000000200000000000000000000000000000000000000000000000000000000000000000000000000000000000000000000000000000000000000000000000000000000000000000000000000000000000000000000000000, 0)
(44444444444444444444444444444440222002200000044444444444444440000000000002000200200000000000220000000002000200200000002000200000000000000000044444444444444444444444444444444444444444444444424402002002220202020002200002020022220202202002000022002222202200200200000002220002020002000000000220000202220200002022002220200220222002000002000020000222000002220200002000000002020202020020002020200200020002020200020, 4)
(0000001101000110001010000100000001000001010001101012100000012000010000000000000000000044444444444444444444444444444444444444444444400020010011110111110011111110101100000000000000000000200000000000044444444444444444444444444444444444444444444444444444444444444000211100010100000000000000000000000000000000000000000000000, 4)
(000000000000000000000000000000044444444444444444444444444444444440000000000010000000000000100000001000001000000000000001011004404444444444444444440001010000000000000000000000001000100000000000000102000200000000100000010000110111004444444444444444444444444400000000000000000000000000000000002000200, 4)
(02110101101004444444444444444444444444444444444444444444444444444444444444444444444444444444444444444444444444444444444444444444444444444444444444444444444444444444444444444444444444444444444444444444444444444444444444444444444444444444444444444444444444444444444444444444444444444444444422221000211100021101012000000200020002000020200, 4)
(00000000000000000000001000010000000000000000000010000000000000000000000000000000000000000000000000000000000000000000000000001001000000010001000000100000000000000000000000000000000000000000000010010000010100000010000001101000000000000000000000100000000000000000000000000000000000000000000001000000000000000000000000, 0)
(0010202222210144444444444444444444444444444444444020020200201111221211112010222221202200121200100002202001104444444444444444444444444444444444444444444444000011021020022010000201002022220020002000202022002202220012012000222222022202120144444444444444444444444444444444444444100000201201201112020000000002000020200120001211201020000, 4)
(00100100001100000100000100004444444444444444444444444444444444444444444444444444444444444444444444444444444444444444444444444444444444444444444444400444000004400001000000000000000000114100001001000004440442440441000001100010100110100000000000000000000000000000000000000000000000000000000001100001000011000000000000000000000, 4)
(021000222222244444444444444444444444444444444444444444444444444444444444444444444444444444444444444444444444444444444444444444444444444444444444444444444444444444444424402000000044000000000000000101100002002201110000000021010000101110000000010000001000000001100000000000100000001011000020010000100120000010011221201000011100000000020122110, 4)
(000041404114400400404444410444404010110000010000110001000333333333333333333333333333333333333333333333333333333333333333333333333333333333333333333333333333333333333333333333333333333333333333333333333333333333333333333333333333333333333333333333333333333333333333333333333333333333333333333333333333333333333333333330002010, 3)
(00020000000000000020044444444444444444444444444444444444440000000000000100000000000000000000000000000000000001444444444444444444444444444444444444444444444400000000000000000000110010000000000100000000000000000000000000000000000000000044444444444444444444444444444444444444444401122200000000000000000000000000000000000000000000000000000000, 4)
(0000010001000404444444444444444444444444444444444444444444444444444444444444444444444444444444444444444444444444444444444444444444444444444444444444444444444444444444444444444444444444444444444444444444444444444444001100100000010000002000000000000000000000, 4)
(222222002002000002202000000000002020022002202200000200002202020020210001100011111111111111111111111011101111010111010011111111110111010111100110110111111011111111101111110011110111111001110110100000002200022002002002000002200020022200020022000000002000022200000000202022, 1)
(1101010100000001011100000000000000000000100010010101000000100101010110000022000000000000002100000101011110000101111101110001011000011011000100000000001010010001100100110001000011111111111011111111111110101100101001111101011101101011011000111111110111111100010000000111000000100000000100010000000010000011, 1)
(0000004444444444444444444444444444444444444444444444444444444444444444444444444444444444444444444444444444444444444444444444444444444444444444444444444444444444444444444444444444444444444444444444444444444444444444444444444444444444444444410000000000100100000000000000000001100010020020000000000, 4)
(1000110011010444444444444444444444444444444444444444444444444444444444444444444444444444444444444444444444444444444444444444444444444444444444444444444444444444444444444444444444444444444440111100000000000000000000000000000000000000000001000000000000000000000000000000000100000000000000000000000000000000000000000000000000000000000, 4)
(0101021000100101110101101010100100201001001100101010101001010012120000011100110210000000100111110121010110000212101101000000011101021001101001001101110202210000100000010011110110010111120001001000010000001101000001100100200001000100110000001010110101100001100010111110101101110001100000000011011011011012110011101010, 1)
(0000000000110010110001111001111010111110000000000000011000000100001101000110010000000100000001101101000000100000110100001000010100000000000001000000010001110000000000001010111110000000000000011010000000000000000000100000000000010100010011001011100111110111000001101111001100010101001000000001000000000010000000000000001000, 1)
(11111101111000002000000000000000000100120000000000000111111110000010000002011444444444444444444444444444444444444444444444444444444444444444444444444444444444444444444444444444444444444444444444444444444444444444444444444444444444444444444444411111111111110111000000001100100111101111111110111111010111100010111111111111, 4)
(01010000001100010010001001002020000000222022202222222020021000020000000200000444443333333333333333333333333333333333333333333333333333333333333333333333333333333333333333333333333333333333333333333333333333333333333333333333333333333333333333333333333334444444444444444444444444444444444444444044444000010001120000100102100020000100000010010010, 3)
(000001000000002000000000000010144444444444444444444444444444444444444444444444444444444444444444444444444444444444444444444444444444444444444444444444444444444444444444444444444444444444444444444444444444444444444444444444444444444000000000002000000000000000000000000000000000000000000000000000000000000000000000000000000000200002002000002, 4)
(3311100120014444444444444444444444444444444444444444444444444444444444444444444444444444444444444444444444444444444444444444444444444444444444444444444444444444112200000011001000002000100000022000010022111011011101101111111111001001101100011000100110000100101000111111101011010100010000100000000010000001000100000200000000000, 4)
(00001100001101110011101000011000113333333333333333333333333333333333333330000010000110110000001100000000111100000100000000001100010011110010000000000000000000000000000000000000000000000000111100333333333333333333333333333333333333333333333330000100000000000000100001000000001000000000002002000011111000001100001000000100000000101010101000001001000000000000000000000110000001000003300100101000000000000000000, 3)
(02222202222000220020000222000233333333333333333333333333333333333330000000000000002000000002000000000002000220000000002000020002200000000200000000220000000020000020000002220020222022022202230333333333333333333333330200022022000200000202202022022020002002202022000000020000, 3)
(00000000000000000210000000000000000000000000000000000000002200000000000000000000000001000000041000444444444444444404444440040040000200000000002000000002202202200000022000000002022002002200202200200000000000000444444444444444444444444444444444044200000000000000100000002000022000000000220002000000002220200222002222022020021000100000000000000000000000000000002000000000000220000002002002020000020002000220202222000220000002, 4)
(00000000000000002002220000000000000333333333333333330000000000000000000000000000010000010000000000000000000101110000000000000001000000000000000000000000000033333333333333333333333333333333333333333333000000000000000000000011111000102020011000111111001000010101110011110111110111101111111, 3)
(00000000000000000010444444444444444444444444444444444000000000000000000000000000002000000000002000000200000000000020000000011000004444444444444444444444444444444001000002000020000202000020000000000000000000000002000000000000000200000000000000010010004444444444444444444440000101000000000000000000000000000200000020, 4)
(0000000000333333333333333333333333333333333333333333333333333333333340000000000000002002002020200000020200000000200220002000022000000000020200020000002202000004402133333333333333333333333333333333404001004044444400010010000000000020002202000200000000222002222020000022200200022220202000002000000000200000020002020000200020, 3)
(000000000000004444444444444444444444444444444444444444444444444444444444444444444444444444444444444444444444444444444444444444444444444444444444444444444444444444444444444444444444444444444444444444444444444444444444444444444444444444400000002001000200000000000202000021000010000000000000002100000000000000000000022000000000002000000200220202000200020200000000100000, 4)
(022222000020002000010020102000001002010001000000000000011000000000201001000010002000000100001001100010000010000000000000000000100101010121100000000000000000000000200000000010200000000010000000000000000000000000200002000010000200000000000000010011101011020200002012000000000000000000000000000001000020001000000000000000020100000020000001100100002202000, 0)
(00001010104444444444444444444444444444444444444444444444444444444444444444444444444444444444444444444444444444444444444444444444444444444444444444444444444444444444444444444444444444444001000100000000000000002020002000000000000000002020000000000002000000000000000000000000000000000000000200000000000000000000000000000000, 4)
(000000010010000002222220222244444444444444444444444444444444444444444400440444444444444444444444444004004004440222022202222444444444442222444444444444444444022222222444442222222222002022222022022000200000000000201200000000000000000200020000000000000000000000000000200000002020000000001200002002000000002020000000, 2)
(0000000001010100001100000000110000000100001000001000000000000000033333333333333333333333333333333333333333333333333333333333333333333333333333333333333333333333333333333333333333333333333333333333333333333333333333333333333333000001001010111111010010111000000011100010010010001000100100000100012030000, 3)
(002000000000000000000000000000000000000000000000000000000000000000000000000000000000000000002000220020222222222222222222222222222222000020000000000000000000000000000000002000000200000000000000020002000002022222022222222222222222222222222222222222222222222202200000000000000000020000000000000020001000220002000000000000000020000000000000000000200000000000000, 2)
(000000000000000002022222222222222222202222222222222222222222222222222222222222222222222222222222222222222222222224002000002200002002222222022222220220222222222222222222222222222222222222222222222222222022222200000000000000000000000000000000000000000000002000000000000000000000000000000000000000000000000000000000000000000000000, 2)
(00000000000000444444444444444444444444440000000000000002000000200000000000000040440044444444440000000000000000000000000000000444444444444444444444444444444400000000000200000000000000000000000000000444400044444444444404441000000000000000000000020020222000002000000002000020200200000000020000000000020202000000000000000000000000000000000000200000000000000000000000000, 4)
(00000000000000000000000114444444444444444444444444444444444444444444444410100000010000001000000000000000000000000114444444444444444444444444444444444444444444444444444444444000120011100000000000000000000000000001000000000000000000100000000000202101101100101100110101011101001100100000000001000001000000000000000000, 4)
(0000000000000000000000000000000000000333333333333333333333333333333333333334334441440114011010011100000000444044000000000400400410011001000000100000000000000000000000000033333333333333333333333333333333333333333333333333333333333333333333330100000000000000100000000000000110111010011001010000000000000000001000000001100000000011000001001000001, 3)
(02022021112222441444444444444444444444444444444444444444444444444444440000001000000000000000001002000002000200020000200000000000002202100001220220224444444444444444444444221002000000200000201020200010000002000020220010020000200020002001000000022220222444444444444444444422220000200000222210011200011000020002100000001001012221111000020000, 4)
(00011211110020000200000000000000000000000000000000000111144444444444444444444444444444444444444444444444444211111111000000000200000000000000000000000000000000000010000000000011114444444444444444444444444444444444444444444444444401101100011100000000000000000000000000000000000011000000000001111111111110012110011111111313, 4)
(0000000000000200000000000000000044444444444444444444444444444444444444444444444444444444444444444444444444444444444444444444444444444444444444444444444444444444444444444444444444444444444444444444444444444444444444444444444440000000100100000000000000000000000000, 4)
(00000000000000000000000000020000000002020444444444444444444444444444444444444444444444444444444444444444444444444444444444444444444444444440000000000210000000000000000000000000000000000000044444444444444444444444444444444444444444444444444444444444444444444444444000000101000010100000010001110000111111111111111111, 4)
(0400433333333333333333333333333333333333333333333333333333333333333333333333333333333333333333333333333333333333333333333333333333333333333333333333333333333333333333333333333333333333333333333333333333333333333333333333333333333333333333333333333333333333333333333333333333333333300002000000000000000200000020000000000202000202022000000002022, 3)
(0010010000001100100000000101203333333333333333333333333333333333333333333300000001010000000000000000000000000000000000000000000001001010001010000000001010010011000014104104010140411014000001110001000000000000010000000010001000010313333333333333333333333333300100001001010000000000000000000001100000000000000010010010000000000010000000000000000000000010000001000110000, 3)
(3333333333333333333333333333333333333333333333333333333333333333333333333333333333333333333333333333333333333333333333333333333333333333333333333333333333333333333333333333333333333333333333333333333333333333333333333333333333333301111011002010100000101001000100, 3)
(000000000000000000000000000044044444444444444444444444444444444444404410000010000000000000000000000000000000000000000000000000000000000000100021000000000044420000000000010100000000000000000000000000000000000000000000001000010011000444444444444444444444444444444444444444211110001000000000100001000000000000000000000000000000000000000000, 4)
(000000000000010011011100000010000000000000000000000000003333333333333333333333333333333333333333333333000000000000000000000000000000000000000000001010000001010000000000000000000000000000001000000000000100110100000000000000000010000000000001000100100000001010011000000010333333333333333333333333333333300000000000000000000000, 3)
(00444444444444444444444444444444444400000000000000000002200000000020000200000000000000000000000000000000000000000000020000200044444444444444444444444444444444444444444000000020020000000000000000000000000020000000000000000000020000200000000000000000000000000000000000000020000000000000000000000000000000020000000000000000000000000200000002000000, 4)
(00000111111111111111101000101000000000000000000000000000000000200000000110033333333333333333333333333333333333311110100000000000000001000000000000002000000000000010001000000000000000000000000000001000012110000000000020200000000000000000000000000000020000000000033003333333333333333333333333333333300000000011110101100010, 3)
(010010000010101000000000000000000000000000000100202001200000000000001000000000020033333333333333333333333333333333333333333333333333333333333333333333333333333333333333333333333333333333333333333333333333333333333333333333333333333333333333020011010011010011111110000101000010001011111111001010100111111111111111111001110101101111110011101101000000000000, 3)
(200000020202002220002222000000020244444444444444444444444444444444444444444444444444444444444444444444444444444444444444444444444444444444444444444444444444444444444444444444444444444444444444441220000002000002002020000020000000000000000000000002000002000000000000000022202200020202000000202220000000000002020020200000002000000, 4)
(11101000100011010121000100000010101012110020221221000220022221121212210200222200224244422102222202220221012222002220020002000000220222000020222221100222202200020222002022222220020010120210200002200000004000000000001020002000000002222222020002000200020100000000100101010000000011101100001000200002000001000020101000010010100210110000001, 2)
(202222220022222000020002202222224244444444444444444444444444444444444444444444444444444444444444444444444444444444444444444444444444444044444444444444444444444444444444444444444444444444444444444444444021000014400000000000020100002002020200200002200202200222222222222202222222222222020000002202222222222022200000022002202022022222022202, 4)
(0220200000002000020200000000001000000100000000000100010000000000100044444444444444444444444444444444000000110000100000000000000000000001144444444444444444444444444444444444444444444444444444444444444444444441010101000000000000000000000000000000000000001000000000204444444444444444444444444444000000000, 4)
(000220020002020000000020104444444444444444444444444444444444444444444444444444444444444444444444444444444444444444444444444444444444444444444444444444444444444444444444444444444444444444444444444444444444440000000000020000000000000000000000000000000000000000000000002000002000000000002000, 4)
(00000000000000000000000000000000000333333033333333333333333333333333333333330001101000200000000000000000000000000000000000011100000000000000000000000000001100100000000000000000000000000000000000000000000000000000000000000200000000000000000013333333333333333333333333330000000011111100000000000000000000000000000001010101100, 3)
(00002000000200220200000002022200000002222020222000002000000000002000022000000200022000000000022022000202220220020002002020002002000220000222000002000200200002000220020220002222000220220020222020020022222200000002022222002020202202220220022220000222202200002202000202220202000000200000220000220020000000020002002200002222202000200220200220222202200222, 0)
(00000000000000020222222020222222022202222202222222222222222222222222220222222222200020000020020020000000000020000202000000000002222222222220220202000220020000220200220002222220200220022022000202000020200220000022002200222002222222000202220200202202202022002222200202002220002022022222220200200200222000220000000202000220022022, 2)
(00002200000000000020000000000033333333333333333333333333333333333333333333333333333333333333333333333333333333333333333333333333333333333333333333333333333333333333333333333333333333333333333333333333333333333333333333333333333333330000000010000010001100100000000002000000000000000200000200200000200000000000000020, 3)
(0200020020000022200200044444444444444444444444444444444444444000000000000220200000220202000102001220020000000202220200020044444444444444444444444444444444444444444444444440100000000000000202022002022202202020222222221220120020222200222210100022202000220020002200200001020020000020021020121200202222202122222022002000220100200000000000020202200000222200122222221020022222012222000010020202, 4)
(000444444444444444444444444444444444444444444444444444444444444444444444444444444444444444444444444444444444444444444444444444444444444444444444444444444444444444444444444444444444444444444444444444444410000000020210000000020022211022200020002002020000122010000000202120000001020000000010000012220010001001000000100011001000220001000200111201, 4)
(0101200000001111102101001111100020000010101011101110111001001100000000000000000000200000000000000000000000000000000000000000000000000111001000101011101111111111101011101010110111101100000000000000000000002000000000000000000000000000000200000000000000000000010200111001111110100010100000000000000000000000000000000000000000000, 1)
(200222010220022200000202200011000404404444444444044444033333333333333333333333333333333333333333333333333333333333333333333333333333333333333333333333333333333333333333333333333333333333333333333333333333333333333333333333333333333333333333333333333333333333333333333333330001110000100000010020020000202202020000200202022000000010000101101111021010010210100000, 3)
(02200020002220202201000001000010001000000000000333333333333333333333333333333333333333333333333333333333333333333333333333333333333333333333333333333333333333333333333333333333333333333000000000020220200222222002222220020220002000000020200002220002000000222000020000000000020022022022000000000200002000000000200002000, 3)
(200000000000200000000000000000002000010011100000020000000000000000000000000000020000000000000000000000001010111000010000000011101000000000000000000000000202020020001000000000020000002000000200001111100000000000000000000000000000002111111011111110000000010001000000000000000000000000100100000000000000000000000, 0)
(00000000000000000000020000220020000000000000000000002002003000333333333333333333333333333333333333333333333333333333333333333333333333333333333333333333333333333333333333333333333333333333333333333333333333333333333333333333333333333333333333333333333333333333333333333333333333333333333333333333333333333333011101111001012100, 3)
(0002000000000022000000020000220000000000044444444444444444444444444440110000000202020000000002000000000000000000002000000000000000000000002000000200020000020000044444444444444444444444444444444444444444444444444444400002000020000012000002000000000000000000200000202000000000000000010000000000000002000000000000000000100000000202000, 4)
(12244444444444444444444444444444444444444444402400010000020000102200022200200000000220220220100020102222202244444444444444444444444444444444444444444444420222222222222020201220222222102020221220222000200022100202200001202002211120202022000000020222222244444444444444444444444444444400200000000000000221002002002002020220, 4)
(0001111100000000000000000001000000000000000000000000000000000000000000000000000000010000000000000101100101101111011100201001111100000001101110001101111111001000110002102001200001000000221222102200000010000000010001011110100000000000000000000000000001000000001100000000000000000000000000000000000000000000000000000000000000111111111100101100000, 1)
(020022020200000022222000202000000020002000044444444444444444444444444444444444444444444444444444444444444444444444444444444444444444444444444444444444444444444444444444444444444444444444444444444444444440444444444444444444444444444444444444444444444444444444444400000200020020002020000200000000000000220000000000200000010000020000000, 4)
(0000000000000001004444444444444444444444444444444444444444444444444444444444444444444444444444444444444444444444444444444444444444444444444444444444444444444444444444444444444444444444444444444440010200002000000000000000000000020000000000000000002000000000000000000000000000000000000000000020000000200000000020000000000000000000000000000000000000000000, 4)
