000000000000000000000000000
000000000000000000000000000
000000000000000000000000000
000000000000000000000000000
000000000000000000000000000
000000000000000000010000000
000000100000000000010000000
000000100001000000001001000
000000000001000000001001000
000000000000000000000001000
000000000000000000000000
000000000000000000000000
000000000000000000000000
000000000000000000000000
000000000000000001000000
000000000000000001000000
000000000000000000000000
000000000000000000000000
000000000000000000000000
000000000000000000000000
000001110010000000111100000000000000
000001110010010000111100000000000000
000001110000010000111000001000000000
000011110000000000111000001000000000
000011110000000000111000000000000000
000011110000000000111000000000000000
000011110000000000111000000010000000
000011110000000000111010000010000000
000011100000000001111000000010000000
000011100100000001111000000000000000
000000102220000000442000000010000
000000122220000002442000000000000
000000122220000002442000000000001
000000122220000002442000000000001
000000022200000002441000000000001
000000022200100002441000000000001
000000022200000004421001000000000
000000022200000004420001000000000
000000224200000024420001000000000
000000222200000024420000000000000
000000002220000
000000002220000
000100002220000
000100002220000
000000022220000
000000022200000
000000022200000
000000022200000
000000022200000
000000022200000
144400100000044440000000000000000
144400100000144440000000000000000
444400100000144440000000000000000
444400000000144440000000000000000
444400000000044440000001000000000
444400000000444440000001100001000
444400000000444440100001000001000
444000000000444440100000000001000
444000000000444440100000000000000
444001000000444440100000000000000
014440000100144400000000000000000010
014400000000144400000000000000000010
014400000000144410000010000000000010
044400000010444410000010000000000000
044400000000444400000000000010000000
044400000000444400000000000010000000
044400100000444400000000000010000000
144400100000444100100000100000000000
144400000000444000100000100000000000
144400000001444000000000100000000000
014440000000001441000000000000
014410000000001440000000000000
014400000000001440000000000000
044400010000001440000000000000
044400010000004440000000000000
044400000000014440000000000000
144400000000014440000000000000
144400100000014440000000000000
144400000000014440001000000000
144400000000014410000000000000
000044440000000044444400000000000
000044440000000044444401000100000
000044400000000044444401000100000
000044400000000044444401000100000
000044400000000044444400000000000
000044400010000044444400000000000
000044400010000044444000000000000
000144401000000044444000000000000
000144401000000044444000000000000
000444400000000044444000000000000
444400000044444000000
444400000044444001000
444300000044444001000
444000000044440001020
444000000044440000000
444000000144440000000
444000000144440000000
444000000144440100000
444000000444440100000
444000000444440100000
001444100000014444000000000
000444000000014444000000010
001444000000014444000000010
001444000000014444000000000
001441000000014444010000000
001441000000004444010000000
004444000000044441010000000
004440000000044440000000000
004440000000044440000100000
004440200000244440000100000
444414100000000444400000000100000100303
444104100000002444400000010000003100303
444114100000004444400000000000003000300
444104100000004444000000000000000000300
444114100000004444000000000000003030300
444104100000004444000000000000003000300
444144000000004444000000000000030000003
444141000000004444000000000000330003003
444141000000004444000000001000000003003
444141000000004444000000001000031003030
000100000100001010000000110110
000000000000011011000000111000
000000000001001110000001100000
100001100001000100000001100000
100111000001000000000010100010
100010000000000100000000000100
000010000000000000000001100010
010110000001000100000011000010
000101000000100110000011001010
010100100000001010000001000110
000000000100000000000000000000
000000000100000000000000000000
000000000101000000000000000000
000000000001000000000000000000
000000000001000000000000000000
000000100001000000000000000000
000000100000000000000000000000
000000100000000000000000000000
000000100000000000000000000000
000000001000000000000000000000
001111100000001111100000001100
001111100000001111100000001100
101111000000001111000000001100
111111000000011111000000001100
011111000000011111000000001100
011111000000011111000000001100
011111000000011111000000011100
011111000000011111000000011100
011111000000011111000000011100
011111000000011111000000011100
002222210010022222200000000022222
102222200000022222200000000222222
002222100000022222200000000222220
022222110000022222100000000222220
022222100000022222100000000222220
022222110000022222000000000222221
022222100000122222000000000222221
022222100000122222000000000222220
022222100000122222000000000222220
022222100000222222000000000222220
000000000012220000000222220000000
000000000022220000000222220000000
010000000022220000000222220000000
000000000022200000000222220000000
000000000022240000000222220000000
000000000042240000000222200000000
000000000042240000002222240000000
000000000022240000002222210001000
000000000022200000002222200000000
000000000122200000002222200000000
011000333110001100003331001101000000
000000333110001100013331001110000010
000003333110011000003331000110000010
010003333110000000003331000100000010
010003333100010101003331000000000110
110003333100010101033331000100000010
010003333100010001033331000000011000
010003333100100001133331000000010000
110003333100010001033301010000000000
010003331100100000033310010000000000
110103333331000000000000000000100
100013333331000000000000000000100
100013033301011000000000000000000
100013030301010000000000000000000
100003330301000000000000000000000
100000330300001000000000000100000
000010330300000000000000000100000
000030330300000010001000000100000
101030333300000010001000000000000
101030333300001010001000000001000
000003301000000000000000033000
000003300000000000000000033000
000003330000000000000000033000
000003330000000000000000333000
000033330000100000000000333000
000033300000000100000000333000
100033300000000100000000333100
000033300000000000000000033100
000033300100000000000000330100
000033310000000000000000330000
000333301000000000003330100100010000
000333300000000000003330100100010000
003333300000000000003330000000000000
003333300000000000003330000000000000
003333300000000000033330000000000000
003333300000000000033300000000000000
003333300000000000033300000000000000
003333300000000000033300000000000000
003333300000000000033300000000000000
003333000000000000033301000000000000
001444000004444400100000444400000
000444000004444400000001444400000
004444000004444400100001444400000
004444000004444400000000444400000
004444000004444401100004444400000
004444000004444401000004444400001
004444000004444000000004444000001
004444000014444001000004444000001
004440000014444000000004444000001
014440000004444001000004444000001
004444000000044440000000044400
004444000000044440000000044400
004444000000144440000000144400
004444000000144440000000144400
014444010000144400000000144400
014440010000144400000000144000
014440010000144400001000144000
044441010000444400001000444000
044440010000444400001000444000
044440000000444400001000444000
014444100000144444401000000010
014444000000144444401000100000
014444000000144444400000100000
014444000000144444400000100000
014444000000444444400000000000
014444000000444444000000000000
014444000000444444000000000000
014440000000444444000000000100
014441000001444444000000000100
044441000001444444010000000100
000004444400000440000000000000000000
000014444400000440000000000000000000
000044444400001440000000000000000000
000044444400000440000000000000000000
000044444100004410000000000000000000
000044444000004400000000000000000000
000044444000004400000000000000000000
000044444000004400000000000000000010
000044444000004400000000000000000000
000044444000014400000000000000000000
000000101144440000001444410000001110000100
000000101144440000001444410000001110000000
000001001144410000001444400000001110000000
000000001444411000001444400000001110100000
000000001444401000001444400000001110100000
000001011444400000001444400000001110400000
010000001444400000001444400000001110100000
010000011444400000014444400000001100000000
010000011444400000014444400000001110001000
000001001444400000014444400000001100001000
000010000000011110001444000000
000000000000011110000441000000
000000000000011000004441000000
000000000000011100004441000010
000000000010011100004441000010
000000000010111100014440000010
000000000010111100014440000010
000000000000111100014440000010
000100000000111100014440000010
000100000000111100014440000000
001000011101000000001111000000
001010011100001000001111000000
001000011100000000001111000000
001100011100000000001111000000
001000011100000000001111000000
001100011100000000011111000000
001000011100000000011111000001
001100011100000001011111000001
001100011100000001011110000001
000100111110000001011110000001
010022222011100022222110000000
110022222011000022222100000000
110022222001100022222100000000
110022222001000022220100000000
110022222001000022221100000000
100022222001000022220100000000
100022222001000022220100000000
101022222011000022220100000000
100222222011000222220100000000
100222220111000222220100000000
000000003331000100000000000333
000000013331000000000000000333
000000013330001000000000000333
000000013330001000000000003333
000000013330000000000000003333
100000013330000000010000003333
100000003330010000010000003330
100000003330000000010000003330
000000033310001000010000003330
000000033310001000000000003330
001033000000000033330010100
001030000000000033330011000
000030000000000033330011000
000030000000000033330011000
000030000000000033330001000
000030000010000033330001000
000030000010000033330001000
000030000010000033300001000
010330000010000033300101000
010330000010000033300111000
000010000444410000004444441000
000010000444410000004444441000
000000000444410000004444440000
000000000444401000004444440000
000000001444400000004444440000
000000001444401000014444440000
000000001444400000014444400000
000000001444400000014444410000
000000001444110000014444410000
000000004444110000044444410000
010000010101004444400014444400
010100010101004444400014444400
010100000101004444100044444400
010100000101004444000044444400
010000000100004444000044444400
010000000100014444000044444000
010000000100014444000044444000
000000001000014444000144444000
000000101010044444000144444000
100000101010044444000144444000
001000014444000000144000000110
001000014444000000144000000110
001000044444000000444000000110
000000144444000000444000000110
000000144444000001444000000110
000000144444000001444000000110
000000144441000001444000001110
000000144441000001444000001110
000000144441000001440000001110
000000144441000001440000001100
000000444444000000444444000000
000000444444000000444444000001
000000444440000000444440000001
000001444440000000444440000001
100001444440000000444440000001
100004444440000004444440000001
100004444440000004444440000001
000004444440000004444440000001
000004444440000004444440000001
000004444440000004444440000001
000000333011000010
000100333000000010
000003333010000010
000003333000000000
000003333100000000
001103333000000000
000003331010000000
000003331010000000
000003330010000000
001003330010000000
000444400000444000000010411
000444400000444000000011110
000444400000444000000011411
000444400000444000000011411
000444400000444000000014401
000444400001444000000014001
000444400001444000000010101
004444400001444000000114011
004444400001444000000104110
004444400001444000000114100
000000000100010000100100000000000
000000000100000000100100000000000
000000200100000000000000100000000
000000000100000000000000100000000
000000022100000000000000101000000
000000002100000000000000100000000
000101000000000001000000100000000
000101000000000001000000000000000
000101000000100001000000000000000
000000000000100001001000000000000
000001000000000000000010000000000
000000000000000000000010000000000
000000000000000000000000000000000
000000000000000000000000000000000
000000000000000000000000000010000
000000000000000000000000000010000
010000000000000000000000000010000
010000000000000000000000000010003
010010000000000000000100000010000
010010000000000000000100000000000
001111000000011111000000111000
001111000000011111000000111000
001111000000011111000000111000
011110000000011111000001110000
011110000000011110000001110000
011110000000011110000001110000
011110000000011110000001110000
011110000000011110000001110000
011110000000111110000001110000
011110000000111110000001110001
111110000001111100000111100001000
111110000001111100000111100001012
111110000001111100000111100001112
111110000011111100000111100001012
111100000011111100000111100000010
111110000011111100000111100000010
111100000011111100000111100000010
111100000011111100000111000000002
111100000011111000000111000000010
111100000011111000000111100010000
222222110002222220010000122220
222222111002222220010020122222
222222100002222220010000122222
222222100002222210010000122220
222220111002222201200001122220
222220001002222200000021122220
222221100002222200100001222220
222221100002222200100021222220
222221100002222202100001222220
222221100002222202100001222210
102222221000122222100000002222
002222221000122222100000002222
002222220000122222100000002222
002222220000122222000000002222
002222220000122220000000002222
012222220000122222000000012222
002222220001122222000000012222
012222210001122221000000022222
002222210001022221000000022222
022222210001022221000000022220
000010103333111010100013333311010
000000203333111010100113333311200
000010003333011000100133333311100
000000003331111010100133333311100
000012003330111010000133333311100
010000033330110000010033333311100
010001033331111000010033333311100
010102033331111000010033333311100
010101033331110000000033333311100
000101033331110100000133333311100
133333300010000013330101000000
133333300000000003330101000000
103333300000000003330110000000
133333300000000033330010000100
033333300000000033330000000100
033333300000000133330010000100
033333300000000133331010000100
133333300000000133301010000100
133333100000000133301010000000
333333100000000133301010000000
000033300000000100113300101
000333300001000100233300101
001333300001000000033300001
001333310001000010033310001
000333300001000010133310000
000333310000000010133010010
000333310001001010133000000
000333010000001010133000000
000333000000001011133001010
010333000000001002133001010
000444400000044444000001000000010001
001444400000444444001001000000010000
004444000000444440001001000000000000
004444000000444440001001000000000000
004444000000444440000001000000000000
004444000000444440000000000000000010
004444000000444440000000000000000010
004444010000444440000000000000000010
004444000000444440000000000000000010
004444000000444440000000000000100010
014444410000001440000000044001001
044444410000001440000000144001001
044444400000004440000000044001001
044444400000004440010000144000000
044444400000004440010000144000000
044444400000004440000000144000000
044444400000004440010000044000010
144444000000004440010000044000010
144444000000014440010000444010010
144444000000014400010000441010010
014440000004444410000000444400001
014440120004444410000000444410001
014440100004444410000000444410001
044440000004444400000000444010000
044440000004444000000001444010000
044440000004444000000004444010000
044440000004444000000004444010010
044440000004444000000004444010010
044402000044444000000004444000010
044400220044444100000004444000010
044440000004444400000100004440
044440100004444401000100044400
144440000004444001000100044400
444440000004444001000000044400
444440000004444001000000044400
444400000004444000000000044400
444400000004444001001000044400
444400000044444000001000044401
444401000044444000001000044401
444401000044444000001000044401
000000000000001000010000000000
000000000000001000010000000000
000010000000000000010000000000
000010000000000000010000000000
000010000000000000010000000000
000010000000000000000000000000
000010000000000000000000000000
000000000000000000000000000000
000000000000010000000000000000
000000000000010000100000000000
000000000000000000000100000001
000000000000000000000000000001
000000000000000000000000000000
000000000000000000000000000000
000000000000000100000000000000
000000000020000100000000000000
000000000000000100000000000000
000000000000000000000000000000
100000000000000000000000000010
100000000000000000001000000010
111000000001111100100001000000
110000000001111100000001000000
110000000001111100001001000000
110010000001111100001001000010
110010000001111100001001000010
110010000001111100001000000010
110010000001111100000000000010
110000000001111100000000000010
110000000001111001000000000000
110000000001111001000010000000
000011000000011110010000000000001
000111000000011110000000000000000
000111000000011110000000000000011
000111010000011110000000000000011
000110010000111110000000000000011
000110000000111110000000000000011
000110000000111100000000000000011
000110000000111100000010010000010
000110000000111100100000010000011
000110000000111100100000000000011
002000000000012220000000001000011
002000000000012220000000001000011
002000000000002220000000001000011
022000000000002200000000001000011
022000000000002200000000000000011
020000001000002200000000000000011
022000001000002200000000000000111
020000001000002200001000000000111
020000001000002200001000000000111
020000000000002200001000010000111
002222200000100022222000011111
002222200000102022200000011111
002222200000122022200000011111
122222200000122022200000011111
122222000000100022200000011111
022222000000120022220100011111
022222000000100022200100011111
022222000000000222200100011111
022222000000020222200000011111
022222000001000222200000011111
111101333300001000001000000033
111101333300001000001000000033
111001333300001000001000000033
111000333300001000000000000033
111000333300001000000000000333
111000333300000000000000100333
111000333300000000000000100333
111000333300000000000000100333
111003333300000000010000100333
111003333300000000010000100333
011133331000000000003040000000000000144
111033300000000000003040000000000000144
111033300000000000003040000000000000144
111033300000010000003040000001000000144
111133300000010000033040000001000000144
011033300000010000003003000001000000144
111333310000000000030043000001000000144
111333310000000000030443000000000000044
011333310000000000030443000000000001444
110333310000000000030440000000000001444
001333330202000101011000001111101110
001333330200000100010010000110011111
011333330100010100110010000101001101
010333331022000100010010000111010111
011333331120000110010010000011011001
011333301020201100110000000010011101
011333301002001100110000010010011001
011333301020001000110000010010011001
010333301000001100010000030111010111
010333302202001101110000011111011011
000033330044400001003333121100111
000030330044410011103333111101111
000033030044410011033333111101111
000033311144400011033333111101111
000133311044400011033333111101111
010133311044410011033333111101111
000133310044410010033330111101111
000030310044410010033330111101111
000333310044100010033331111101111
000333311044100010033331111101111
144441000010444400000000004444400
144441000011444400000000004444100
144440000014444400000000014444100
144440000014444400000000014444100
144440000004444400000000014444100
144440000004444400000000014444100
444410000004444100000000014444000
444410000104444000000000014444000
444410000104444000000000044444000
444410000104444000000000044444000
000044441000000044444000000004
000044440000000044444000000004
000044440001000144440000000004
000144440001000144440000000004
000444440001000144441000100014
000444440000000144441000100014
000444440000000444441000100014
000444440000000444441000000014
000444440000000444441000000014
000444440000000444441000000044
000001444100000011410000000111111
000001444000000014410000000111111
000004441000000014410000000111111
000014441000000014410000000111111
000014441000000014410000000111111
000014441000001014110000000111111
000014441000001114410000100111111
000014441000001114410000100111111
000014441000000114100000101111111
000014441000000114100000101111111
004444440000444444000004410000
004444440000444444000004411100
004444440001444444000044410100
004444440004444444000044411100
004444400004444444000044411100
004444400004444444000044411000
004444400004444444000044000000
014444400004444441000040110000
014444400004444440000044100000
014444400004444440000444110000
144440000044444000000014444000
144410000044444000000014441000
444410000044444000000014441000
444400000044444000000014440000
444400000044444000000044440000
444400000044444000000044440000
444400000044444000000044440000
444400000144444000000144440000
444400000444441000000044440000
444400000444441000000144440000
001444400000144400000001444001
001444400000144400000001441000
001444000000144400000004440000
104444100000144400000004441000
104444100100444400000004441000
104444100000444100000004441010
104444100000444000000004440010
004444100000444000001014440010
014444000000444000000014440010
014444000001444000000014440010
001444400000034010000011444000000
000444410000131110000111444000000
001444410000131120000104444000001
001444400000131110000114444000001
011444410000141110000114444000001
011444410000114110000114444000000
011444400000311120000114444000000
011444100100341110000114444000000
014444100100311100000114444000000
014444100000010200000114440000000
000000043340014444444100014444
000000334340004444444100014444
000000334340004444444100014444
000000344310004444444000014444
000001444310014444444000014444
000000444310024444444000014444
000001444310014444444000044444
000000434310044444441000044440
000000434310044444441000044440
000000434310044444441000144440
