000011111111111111100000000000
000011111111111111100000001000
000011111111111111100000001000
000011111111111111100000001000
000111111111111111100000000000
000111111111111111101000000000
000111111111111111101000000000
000111111111111111100000000000
000111111111111111100000000000
000111111111111111000000000000
000000111111111111110100
000000111111111111110100
000000111111111111110100
000000111111111111110100
000001111111111111110000
000001111111111111110001
000001111111111111110001
000001111111111111100000
000001111111111111100000
000001111111111111101010
011111111111111111111000000000
011111111111111111111000000000
111111111111111111111000000000
111111111111111111111000000001
111111111111111111111000000000
111111111111111111110000000000
111111111111111111110000000000
111111111111111111111000000000
111111111111111111111000000000
111111111111111111110000000000
000000000044441111111111111111111000
000000000044111111111111111111114000
000000000014441111111111111111111000
000000000044441111111111111111110010
000000000014111111111111111111110010
000000000044111111111111111111110000
000000000014111111111111111111110000
000000000444111111111111111111110000
000000000441411111111111111111110000
000000000444411111111111111111110000
000000000111111111111100001000000
000000000111111111111100000000000
000000000111111111111100000000000
000000000111111111111000000000001
100000000111111111111000000000001
000000000111111111111000000000000
000000001111111111111000000000000
000000001111111111111000000000000
000000001111111111111000010000000
000000001111111111111000010000000
011111111111111111111100000
011111111111111111111100000
011111111111111111111100010
011111111111111111111110110
011111111111111111111110110
011111111111111111111110110
011111111111111111111000010
011111111111111111111000110
111111111111111111111000000
111111111111111111111000000
000000111111111111111111110
000000111111111111111111110
000000111111111111111111110
000000111111111111111111110
000000111111111111111111111
100000111111111111111111111
100001111111111111111111110
100001111111111111111111110
100001111111111111111111110
000001111111111111111111110
001111111111111111110000000000000
001111111111111111110001020001000
001111111111111111110001000001010
011111111111111121110001000001010
011111111111111111110000000001010
011111111111111111110001000000010
011111111111111111100000000000010
011111111111111111110000000000010
011111111111111111100000000000000
011111111111111111100000000000010
111111111111111111111111
111111111111111111111111
111111111111111111111111
111111111111111111111111
111111111111111111111111
111111111111111111111111
111111111111111111111111
111111111111111111111111
111111111111111111111111
111111111111111111111111
111111111111111000001110000010
111111111111111000001110000010
111111111111111000001110000000
111111111111111000001110000000
111111111111111010001110000000
111111111111111010001110000000
111111111111111010001110000000
111111111111110010001110000000
111111111111110010001110000100
111111111111110010011110000100
011111111111111110000001000000000
111111111111111110000001000000000
111111111111111110100000000000000
111111111111111110100000000010010
111111111111111110100000000010010
111111111111111110000000000010010
111111111111111110001000000010010
111111111111111110001000000000000
111111111111111110001000000000000
111111111111111110001000000000000
