012244422242224422221100000000
012244422242224422221100000000
012244222442224422221100000000
012244222242224222221100000000
012244222242224222221100000000
012244222242224222221100000000
022444222442224222221100000000
122444222422224222221100000000
112444222422224222211000000000
112444222422224222211000000000
000100002222222222210000000
000000002224222222200000000
000000002222222222200000000
000000002222224222200000000
000000002222222222210000000
000000022222222222210000000
000000022222222222210000000
000000022222222222200000000
000000022222222222100000000
000000022222222222100000000
022222222222222222222222220000
122222222222222222222222220000
122222222222222222222222200001
122222222222222222222222200010
122222222222222222222222200000
122222222222222222222222200000
222222222222222222222222200100
222222222222222222222222200100
222222222222222222222222200110
222222222222222222222222200110
002222222222222222222000000000
002222222222222222222000000000
002222222222222222222000000000
002222222222222222222000000000
002222222222222222222000000000
002222222222222222222000010000
022222222222222222220000000000
022222222222222222220000000000
022222222222222222220000000000
022222222222222222220000000000
000100222222222222220000001000
000101222222222222200000001000
001102222222222222200010001000
000002222222222222200010001000
001002222222222222200010001000
001002222222222222200000001000
001002222222222222200000001000
000002222222222222000000001000
010002222222222222200000000000
001002222222222222000000010000
000122222222222222222222001000000
000122222222222222222222201000000
000122222222222222222222221000000
000122222222222222222222201000000
000122222222222222222222001000000
000122222222222222222222200000000
000122222222222222222222200000000
000122222222222222222222200000000
000222222222222222222222000000000
000222222222222222222222200000000
010222222222222211000000000000000
000222222222222111000000100000000
000222222222222111000000100000000
000222222222222210000000100000000
000222222222221210000000000000000
000222222222222210001000000000000
002222222222222110001000000000100
002222222222221110001000000000000
102222222222222210000000000000000
102222222222222110000000000000000
000002222222222222222000000000
000022222222222222220000000000
000022222222222222202010000000
001022222222222222200000000000
000022222222222222220010000000
000022222222222222202000000000
000222222222222222200000000000
000022222222222222200000000000
000022222222222222200000000000
000222222222222222200000000001
