000333333333333333333333001001
000333333333333333333333111000
000333333333333333333333101000
000333333333333333333330100000
000333333333333333333330000000
000333333333333333333330100000
000333333333333333333330100000
000333333333333333333330000000
000333333333333333333330110010
000333333333333333333330110010
001003333333333333333333111001000000
000003333333333333333333111001000000
000003333333333333333333111001000000
000003333333333333333333111000000000
000003333333333333333333110000000000
000003333333333333333333110000000100
000003333333333333333333110000000100
000033333333333333333333110000000100
000033333333333333333333110000000000
000033333333333333333333110000000000
400000000033333333333333300
400000000033333333333333300
400000000033333333333333000
400000000033333333333333000
400000000333333333333333000
400000000333333333333333000
400000000333333333333333000
400000020333333333333333000
400000000333333333333333000
400000000333333333333333000
010000333333333333333111111111111000
010000333333333333333111111111110000
110000333333333333333111111111101000
110100333333333333333111111111100000
110400333333333333333111111111100000
110100333333333333333111111111100000
110101333333333333333111111111000000
110101333333333333331111111111000000
111001333333333333331111111111100000
000003333333333333331111111111110000
110011010333333333333333011110111
110001010333333333333333011110111
110001003333333333333333111110111
110001003333333333333333111110111
110000103333333333333333111110111
110010103333333333333333111110111
100000103333333333333333111111111
100010103333333333333333101111111
100100003333333333333333111111111
100100003333333333333333111101111
000000333333333333333333333333
000000333333333333333333333333
000000333333333333333333333333
000000033333333333333333333333
000000033333333333333333333333
000000333333333333333333333333
000000333333333333333333333333
000000333333333333333333333333
000000333333333333333333333333
000000333333333333333333333333
000000000033333333333001010000001
000000000033333333333001010000001
000000000033333333333000010000001
000000000033333333333000010000011
000001000333333333333000010000010
000001000333333333333010010000010
000001001333333333333010010000010
000000001333333333333010110000000
000000001333333333333010110000000
000000000333333333330010100000000
010000441000304403333333300000
000000441000344403333333300000
000000441000044403333333300000
000001441000344433333333300000
000001441000344333333333300000
100101441001044433333333300000
100101441001044433333333300000
100101440003144133333333300000
100101410003144133333333300000
100101410000044133333333300000
333333333333333333333331
333333333333333333333331
333333333333333333333331
333333333333333333333330
333333333333333333333330
333333333333333333333330
333333333333333333333331
333333333333333333333330
333333333333333333333330
333333333333333333333330
000101333333333333443333333311010
000111333333333333443333333311001
000101333333333333343333333310001
000003333333333333333333333011001
001003333333333333433333333111001
101003333333333333433333333111001
101101333333333333433333333111101
001103333333333333433333333110100
001003333333333333433333333110100
001003333333333334333333333110100
011000100333333333333333330441100
111000003333333333333333330440100
110000003333333333333333310440010
111000003333333333333333310440110
111100013333333333333333341410010
111100013333333333333333300410010
111100003333333333333333301411000
110001013333333333333333301440100
110101043333333333333333304400000
110001013333333333333333304411000
101103333133044444310100000000
101103333300044444310100000000
011103333330444441310000000100
011103333330444441312000001100
011103333331444444302000000110
011113333331444441000010000110
011133333031444443000010001110
011133330033444443100110000110
011133331031444443100000000100
011033331330444443121000000002
011333333333333333333333333330000
011333333333333333333333333310000
011333333333333333333333333300000
130334333333333333333333333310000
030333333333333333333333333310000
300334333333333333333333333300000
300333333333333333333333333311000
300333333333333333333333333301000
300333333333333333333333333300000
301333333333333333333333333300000
110110033333333333333330111111
110110033333333333333330111111
111110033333333333333331111111
110110033333333333333331111111
110110033333333333333331111111
110110033333333333333331111111
110110033333333333333331111111
110110333333333333333331111111
111110333333333333333301111111
111110333333333333333301111114
110001113333333333333333333333331
110001113333333333333333333333331
111001113333333333333333333333331
111001113333333333333333333333331
110001113333333333333333333333311
110001113333333333333333333333311
111001133333333333333333333333311
111001113333333333333333333333311
110001133333333333333333333333311
110011133333333333333333333333311
004444113333333333333333333333301
004444103333333333333333333333311
044444103333333333333333333333011
004444103333333333333333333333111
044440103333333333333333333333111
044441103333333333333333333333111
044441103333333333333333333333111
044441103333333333333333333333011
044441103333333333333333333333011
044441103333333333333333333333011
104411333333333333333333333333
104400333333333333333333333333
144401333333333333333333333333
104411333333333333333333333333
144411333333333333333333333333
044411333333333333333333333333
044111333333333333333333333333
444011333333333333333333333333
044010333333333033333333333333
444013333333333033333333333333
