000444444444444444444444100000010
000444444444444444444444000000010
000444444444444444444440000000000
000444444444444444444440000000000
000444444444444444444440000000000
001444444444444444444440000000000
001444444444444444444440100000000
001444444444444444444440100000000
001444444444444444444440000000100
004444444444444444444441000000100
000001444444444444444444440000000
000001444444444444444444440000000
000001444444444444444444440001000
000001444444444444444444440000000
000001444444444444444444440000000
000011444444444444444444440000000
000014444444444444444444440000000
000014444444444444444444400000000
000014444444444444444444400000000
000014444444444444444444400000000
000444444444444444444010000
000444444444444444444010000
001444444444444444444010100
001444444444444444444000000
004444444444444444444000000
004444444444444444444000000
004444444444444444444000000
004444444444444444444000000
004444444444444444440000000
004444444444444444440000000
000001444444444444444440000
000001444444444444444440000
000004444444444444444440100
000004444444444444444440000
000004444444444444444440000
010004444444444444444440000
000004444444444444444440100
000004444444444444444440100
000004444444444444444400100
000014444444444444444400100
010144444444444444444000000110000
000144444444444444444000000010010
000444444444444444441000000101000
000444444444444444441000000101000
000444444444444444440000000100001
000444444444444444440101101101101
000444444444444444440201100101101
001444444444444444440000111100001
001444444444444444440100011100100
101444444444444444440100001110100
014444444444444444444440000021000
014444444444444444444440000001000
014444444444444444444440000001000
014444444444444444444441000000010
014444444444444444444440000000010
114444444444444444444440000000010
144444444444444444444400100000000
144444444444444444444400100000000
104444444444444444444400100000000
144444444444444444444400000010000
004444444444444444400000000000000000
004444444444444444400000000000001000
004444444444444444400000000000001001
004444444444444444400010000000000001
004444444444444444400010000000000002
044444444444444444400010000000000000
044444444444444444000000000000000000
014444444444444444010000010000000002
044444444444444444010000010000000000
044444444444444444000000000000000000
010444444444444444440000000010000
004444444444444444440000000000000
014444444444444444440000000000000
004444444444444444440010000000000
014444444444444444400000000010000
004444444444444444400001000010000
004444444444444444400010000000000
104444444444444444400000010010000
104444444444444444400001100000000
104444444444444444400000101100000
044444444444444444400000000000
044444444444444444400000001000
044444444444444444400000000000
044444444444444444400000010000
144444444444444444400000010000
144444444444444444400000000000
144444444444444444410001000000
144444444444444444000000000000
444444444444444444000001000000
444444444444444444000000000000
001444444444444444444400000000000
004444444444444444444400000000000
004444444444444444444400000000000
004444444444444444444000000100100
004444444444444444444101000100100
004444444444444444444101000100100
004444444444444444444101000100100
004444444444444444444001000100100
014444444444444444444001000000000
014444444444444444444000000000000
000004444444444444444444400010000000000000
000004444444444444444444400000000000000000
000004444444444444444444400001000000000000
100004444444444444444444400001000000001000
100004444444444444444444410001000000100000
100014444444444444444444010101001000100000
000014444444444444444444010101001000100000
000044444444444444444444010100001000100000
000044444444444444444444000100001000000000
000044444444444444444444000100000000000000
004444444444444444444444000000000000
014444444444444444444444000000000000
014444444444444444444444000000000000
014444444444444444444444000000000000
004444444444444444444444000000000000
044444444444444444444440000001000000
044444444444444444444440001001000101
044444444444444444444440001000000101
044444444444444444444440001000000001
044444444444444444444440000000000001
444444444444444444444444444440000001000
444444444444444444444444444440000001000
444444444444444444444444444440000001000
444444444444444444444444444440000000000
444444444444444444444444444400000000000
444444444444444444444444444400000000000
444444444444444444444444444400000000000
444444444444444444444444444400000000000
444444444444444444444444444400000000000
444444444444444444444444444400000000000
000001444444444444444444444444444
000001444444444444444444444444444
000014444444444444444444444444440
000014444444444444444444444444440
000014444444444444444444444444440
000014444444444444444444444444440
200014444444444444444444444444440
000014444444444444444444444444440
000014444444444444444444444444440
000014444444444444444444444444440
004444444444444444444444400
004444444444444444444444400
004444444444444444444444400
004444444444444444444444010
004444444444444444444444000
004444444444444444444444000
004444444444444444444444000
004444444444444444444444000
004444444444444444444444000
004444444444444444444444000
000014444444440000014444444000
000014444444440000044444444000
000014444444440000044444441000
000044444444440000044444441000
000044444444440000044444440000
000044444444440000144444440000
000044444444440000144444440001
000044444444440000144444440001
000044444444410000144444440001
000044444444400000144444440001
000001000004444444444444400000000
000001000004444444444444400000000
000000000004444444444444400000000
000000000004444444444444400000000
000000000004444444444444400000000
000000000004444444444444400000000
001000000004444444444444400000000
001000000004444444444444400000000
000010000014444444444444000000001
000010000014444444444444000000001
110010044444444444444444400000
110011444444444444444444400000
110000444444444444444444400000
110000444444444444444444400000
010110444444444444444444400000
010101444444444444444444400000
010101444444444444444444000000
100011444444444444444444000000
100101444444444444444444000000
100101444444444444444444000000
000444444444444444444440
000444444444444444444440
000444444444444444444441
000444444444444444444441
000444444444444444444441
000444444444444444444440
001444444444444444444440
001444444444444444444440
001444444444444444444400
004444444444444444444400
044444444444444444444400
044444444444444444444400
044444444444444444444400
144444444444444444444400
144444444444444444444400
144444444444444444444410
144444444444444444444410
144444444444444444444000
444444444444444444444000
444444444444444444444000
044444444444444444444440000
144444444444444444444440000
044444444444444444444441100
044444444444444444444440100
044444444444444444444440000
444444444444444444444440000
444444444444444444444440000
444444444444444444444440000
444444444444444444444410000
444444444444444444444410000
144444444444444444444444100
144444444444444444444444000
144444444444444444444444000
144444444444444444444444000
444444444444444444444444000
444444444444444444444444000
444444444444444444444444000
444444444444444444444444000
444444444444444444444441000
444444444444444444444441000
044444444444444444444001000000000
444444444444444444444001000000000
444444444444444444444001000000000
444444444444444444440001000001000
444444444444444444440000000001000
444444444444444444440000000001000
444444444444444444440000000001000
444444444444444444440000000000000
444444444444444444440010000000000
444444444444444444440010000000000
044444444444444440400000000000001
044444444444444440400000020000001
044444444444444440000000000000001
044444444444444441000000000100001
044444444444444440010010000100001
144444444444444440010010000100000
144444444444444444022010000100000
144444444444444444010010000000000
044444444444444414000010000000000
144444444444444404000000000000000
004444444444444444444444022000122
014444444444444444444444022000102
044444444444444444444444020000201
044444444444444444444444022000201
044444444444444444444444221000201
044444444444444444444444001000221
044444444444444444444440101002021
044444444444444444444440101000001
044444444444444444444440101002001
044444444444444444444440200002021
204444444444444444444444444440000
004444444444444444444444444440000
044444444444444444444444444440000
044444444444444444444444444440000
044444444444444444444444444440000
044444444444444444444444444440100
044444444444444444444444444440000
044444444444444444444444444440000
044444444444444444444444444401000
044444444444444444444444444400000
000014444444444444444444444000001
000014444444444444444444441010001
000004444444444444444444440010000
000004444444444444444444440010200
000114444444444444444444440000002
000044444444444444444444440000000
000114444444444444444444440000000
000144444444444444444444440000000
000044444444444444444444410000000
000144444444444444444444410000010
000044444444444444440100010100
000144444444444444440101010100
000144444444444444441100010000
000044444444444444441000010000
000444444444444444400000010000
000444444444444444400000010000
000444444444444444400110000000
000444444444444444400010000000
000444444444444444401010000000
000444444444444444401010000000
444444444440000000014444444444444444
444444444440000000044444444444444444
444444444440000000044444444444444444
444444444440000000044444444444444444
444444444440000010044444444444444444
444444444440000010044444444444444444
444444444440000010044444444444444444
444444444440000010044444444444444441
444444444440000010144444444444444441
444444444440000000044444444444444441
114444444444441000044444444444444444444
114444444444440000044444444444444444440
114444444444440000044444444444444444440
114444444444440000144444444444444444440
114444444444440000144444444444444444440
114444444444400000144444444444444444440
114444444444410000144444444444444444440
104444444444410000144444444444444444440
144444444444410000444444444444444444440
144444444444410000444444444444444444440
114444444444444100014444444444444444440
114444444444444100014444444444444444440
114444444444444100014444444444444444440
114444444444444000114444444444444444410
144444444444444000114444444444444444410
144444444444444000144444444444444444410
144444444444444000144444444444444444410
144444444444444000144444444444444444410
144444444444444000144444444444444444410
144444444444444000144444444444444444410
444444444444444440000100011000
444444444444444440001100111000
444444444444444410001100111000
444444444444444410001000111000
444444444444444410001100110000
444444444444444410001100110000
444444444444444400001100110000
444444444444444410001100110000
444444444444444400011000110000
444444444444444400001100110000
004444444444444444440001000000000
044444444444444444410001000000100
044444444444444444400001000000100
044444444444444444400001000001100
044444444444444444400001000001000
044444444444444444400001000001000
044444444444444444400001000001100
044444444444444444400000000001000
044444444444444444400000000001000
044444444444444444400000000001000
004444444444444410000000010001
014444444444444410000000010001
014444444444444410001000010001
014444444444444400001000010001
014444444444444400001000010001
014444444444444400000000000001
004444444444444400000000000001
004444444444444400000000100011
044444444444444400000000100011
044444444444444000000000000011
101444444444444441411110000000
101444444444444441414401000000
101444444444444441414412000000
111444444444444441444401000000
011444444444444441414411000000
011444444444444441414411000000
011444444444444441414121000000
014444444444444441414111000000
014444444444444441444100000000
014444444444444411444110000000
014444444444444444444444400010
014444444444444444444444100010
014444444444444444444444000000
114444444444444444444444000000
014444444444444444444444000000
044444444444444444444444000000
044444444444444444444444000000
044444444444444444444444000100
144444444444444444444444000100
144444444444444444444444000100
