0000110000001004444444444444444444444000
0000100000010004444444444444444444444000
0000100000010014444444444444444444444000
0000100000011111444444444444440001000001
0000000000011111444444444444440001000010
0001000000010111444444444444400001000010
0100000000000000001014444444444444444444
0100000000000000001044444444444444444441
0100000000000000000044444444444444444441
10000000000000444444444444444444444
10000000000014444444444444444444440
10000000000014444444444444444444440
000000000000000100044444444444444444444000100
000000000000000100044444444444444444444001000
000000000000000100044444444444444444444001000
000100000100001001001144444444444444444000001
001000001100001000001444444444444444444000001
001000001100011000001444444444444444444000011
000010000011001110004444444444444444444410000
000010000111001100044444444444444444444410000
000100000111011100044444444444444444444401000
00000000000000000004444444444444444444444100100010
00000000000000000014444444444444444444441101100000
00000000000000000004444444444444444444441101100100
0001011110010010100000010444444444444444444444100
0010111111010010000000014444444444444444444444000
0001111110100000001010014444444444444444444444000
100000000000000001144444444444444444444000
100000000000000011444444444444444444444000
000000000000000011444444444444444444444000
111111111100014444444444444444444444444444
111111111000114444444444444444444444444440
111111111000114444444444444444444444444440
1000000000000000000014444444444444444444100001000
0000000100000000000014444444444444444444010010000
0000000100000000000004444444444444444441100010000
100000011000010000111444444444444444444444
100000011101000001114444444444444444444444
000000001001000100114444444444444444444444
000000000000000000104444444444444444444444
000000000000000001004444444444444444444444
000000000000000001004444444444444444444444
0000000000001104444444444444444444444444440000000
0000000000001104444444444444444444444444440000000
0000000000001104444444444444444444444444441000000
000000000000010444444444444444444444444444
000000000000014444444444444444444444444444
000000000000014444444444444444444444444444
000000000000000000444444444444444444444444444444444444
000000000000000000444444444444444444444444444444444444
000000000000000000444444444444444444444444444444444444
000000000000000000444444444444444444444444444444444444
000000000000000000444444444444444444444444444444444444
000000000000000000444444444444444444444444444444444444
000000000000000011444444444444444444444444444444444440
000000000000000014444444444444444444444444444444444440
000000000000000114444444444444444444444444444444444440
000000000000000000144444444444444444444444444444444440
000000000000000000144444444444444444444444444444444440
000000000000000001144444444444444444444444444444444440
001000000000000014444444444444444444444444444444444444444444444
010000000000000114444444444444444444444444444444444444444444444
010000000000000144444444444444444444444444444444444444444444444
000000000000000011444444444444444444444444444444444440
000000000000000014444444444444444444444444444444444440
000000000000000114444444444444444444444444444444444440
000000000000000000144444444444444444444444444444444440
000000000000000000144444444444444444444444444444444440
000000000000000001144444444444444444444444444444444440
001000000000000014444444444444444444444444444444444444444444444
010000000000000114444444444444444444444444444444444444444444444
010000000000000144444444444444444444444444444444444444444444444
100000000000000000001444444444444444444000011000000000
100000000000000000001444444444444444444000011000000000
000000000000000000004444444444444444444000010000000000
000000010000000001444444444444444444000000100000000000
000000010000000001444444444444444440000001100000000000
000000010000000011444444444444444440000001000000000000
001000000000000000000000114444444444444400000000000011
010000000000000000000000114444444444444410000000000111
010000000000000001000001104444444444444100000000001111
000000000000000000100000044444444444444444444400001000000011100
100000000000000000100001044444444444444444444000000000000111100
000000000000000000000001144444444444444444444000010000000111000
1100000000000444444444444444444444444444444441100
1100000000000444444444444444444444444444444441000
1000000000004444444444444444444444444444444441000
000000000000004444444444444444444444111100
000000000000014444444444444444444444111000
000000000000014444444444444444444444111000
00144444444444444444444444444441000
00144444444444444444444444444441000
01144444444444444444444444444441000
444444444444444444444
444444444444444444444
444444444444444444444
00444444444444444444444444444444444
01444444444444444444444444444444444
01444444444444444444444444444444444
001000000044444444444444444444441110000011
001000000144444444444444444444441100000111
011000000144444444444444444444441100000111
000000044444444444444444444444444400000010
000000044444444444444444444444444400000110
000000044444444444444444444444444000000100
00044444444444444444444444444444011
00044444444444444444444444444444111
00044444444444444444444444444444111
0000000444444444444444444441
0000000444444444444444444441
0000000444444444444444444441
0001111440444144444444444444
0001111440444044444444444444
0011114404441044444444444444
01444444444444444444444444444444444
04444444444444444444444444444444441
04444444444444444444444444444444441
0001144444444444444444410001
0011144444444444444444400001
0001444444444444444444100001
0000044444444444444444444444
0000044444444444444444444444
0000444444444444444444444444
0001144444444444444444444444
0011144444444444444444444444
0011144444444444444444444444
000000004444444444444444444444444444444444444000000000
000000004444444444444444444444444444444444444000000000
000000104444444444444444444444444444444444444000000000
000000000104444444444444444444444444444444444400000000000000000
000000000004444444444444444444444444444444444400000000000000000
000000000004444444444444444444444444444444444400000000000000000
000000000011444444444444444444444444444444444440000000000000010
000000000004444444444444444444444444444444444400000000000000000
000000000014444444444444444444444444444444444400000000000000100
000000000004444444444444444444444444444444440000000000
000000000044444444444444444444444444444444400000000000
000000000044444444444444444444444444444444400000000000
000000000001444444444444444444444444444000000
000000000001444444444444444444444444444000000
000000000000444444444444444444444444440000000
000044444444444444444444444444100000000000000
000044444444444444444444444444010000000000000
000044444444444444444444444444000000000000000
000000000111444444444444444444444444100100110
000000000104444444444444444444444444100100110
000000000114444444444444444444444444001101100
000000000000000144444444444444444444444444444000000000
000000000000001044444444444444444444444444444000000000
000000000000001444444444444444444444444444444000000000
0000000001000000000000000000000000011000000000000000000000000000114444444444444444444444444444444444444444444444444110001110000000000
0000000011000000001000000000000000011000000000000000000000000001144444444444444444444444444444444444444444444444441100001110000000000
0000000010000000001000000000000000110000000000000000000000000000144444444444444444444444444444444444444444444444441100011110000000000
0000000100000000000001110000000000000000000000100000000001111111444444444444444444444444444444444444444444444444441110000000000000000
0000001100000000000001110000000000000000000000100000000001111111444444444444444444444444444444444444444444444444441110000000000000000
0000001010000000000001100000000000000000000001100000000001111111444444444444444444444444444444444444444444444444441110000000000000000
0000011100000000001000000000000000001100000000000000000000000000001111111444444444444444444444444444444444444444444444444444111111100
0000111100000000001000000000000000011000000000000000000000000000001111111444444444444444444444444444444444444444444444444441111111000
0000111000000000011000000000000000011000000000000000000000000000001111114444444444444444444444444444444444444444444444444444111111000
00000000000000000000111144444444444444444444444444444444444444444444444444444444444444441000000
00000000000000000001111144444444444444444444444444444444444444444444444444444444444444441000000
00000000000000000001111144444444444444444444444444444444444444444444444444444444444444411000000
0000000000100110000000000000000000000000000110000000000000114444444444444444444444444444444444444444444444444444444444400010000000000
0000000000001100000000000000000000000000001100000000000000144444444444444444444444444444444444444444444444444444444444000010000000000
0000001001001100000000000000000000000000001100000000000000144444444444444444444444444444444444444444444444444444444444000110000000000
000000000000000000001100000000000000000000000000000000000111444444444444444444444444444444444444444444411100000111
000000000000000000001100000000000000000000000000000000001114444444444444444444444444444444444444444444411100000111
000000000000000000001100000000000000000000000000000000001114444444444444444444444444444444444444444444111100001111
1100000110000000000000100000000000000001100000000000000000000000000011111111011444444444444444444444444444414000110000000000111000000
1100001110000000000001100000000000000011100000000000000000000000000111111111014444444444444444444444444444444110110000000000111000000
1000001110000000000011000000000000000011100000000000000000000000000111111111114444444444444444444444444444140100110000000001111000000
0110000000011000000000000011000000000000000000000000000000000000011100000000000000000000044444444444444444444444444444444441100000000
0110000000011000000000000110000000000000000000000000000000000000011000000000000000000000444444444444444444444444444444444411000000000
0110000000011000000000000110000000000000000000000000000000000000111000000000000000000000444444444444444444444444444444444411000000000
000011444444444444444444444444444444440000000000
000011444444444444444444444444444444440000000000
000011444444444444444444444444444444400000000000
0000000444444444444444444444444444444100000000000
0000000444444444444444444444444444444100000000000
0000000444444444444444444444444444441100000000000
0000011444444444444444444444444444444400000000000
0001114444444444444444444444444444444400000000000
0000114444444444444444444444444444444400000000000
1000111444444444444444444444444444444401100000000
1000111444444444444444444444444444444401000000000
0000014444444444444444444444444444444101000000000
00000000114444444444444444444444444444000011000000000000
00000000114444444444444444444444444444000011000000000000
00000000144444444444444444444444444440000011000000000000
0000000114444444444444444444444444444440000000000
0000001144444444444444444444444444444440000000000
0000001144444444444444444444444444444410000000000
0011444444444444444444444444444444444444000000000
0014444444444444444444444444444444444444000000000
0114444444444444444444444444444444444444000000000
0000000000000100000000000444444444444444444444444000000000000444444444
0000000000000100000000000444444444444444444444444000000000004444444444
0000000000001100000000004444444444444444444444444000000000004444444444
0000000000000000000000000014444444444444444444444144000000004444444444
0000000000000000000000000014444444444444444444441144000000004444444444
0000000000000000000000000004444444444444444444441144000000004444444444
0000000000000000000000000000444444444444444444444440000000000444444444
0000000000000000000000000004444444444444444444444440000000000444444444
0000000000000000000000000004444444444444444444444440000000000444444444
00000000000000000000000000044444444444444444444440004010000000004444444444444
00000000000000000000000000144444444444444444444440000040000000004444444444444
00000000000000000000000000144444444444444444444440000140000000004444444444444
0000000000000000000000000004444444444444444444444400000000444444444444
0000000000000000000000000004444444444444444444444000000000444444444444
0000000000000000000000000044444444444444444444444000000004444444444444
000000000000000000000001444444444444444441144444444100004444444
000000000000000000000000444444444444444410444444444000004444444
000000000000000000000004444444444444444400444444441000044444444
000000000000000000000000044444444444444444444000000000444444444
000000000000000000000000144444444444444444444000000000444444444
000000000000000000000000444444444444444444444000000000444444444
0000000000000000000000004444444444444444444444000101000000004444444444
0000000000000000000000044444444444444444444444000101000000004444444444
0000000000000000000000044444444444444444444440000011000000044444444444
000000000000000000000000144444444444000000000000000000044444444
000000000000000000000000444444444440000000000000000000444444444
000000000000000000000000444444444440000000000000000000444444444
00444444444444444444
11444444444444444440
01444444444444444440
00000014444444444444
00000014444444444440
00000044444444444440
44444444444444400000
44444444444444400000
44444444444444400000
444444444444444444444444440000
444444444444444444444444400000
444444444444444444444444400000
104444444444444
144444444444444
144444444444444
00014444444444444000
00144444444444444000
00144444444444444000
44444444444444400000
44444444444444400000
44444444444444400000
44444444444444400000
44444444444444400000
44444444444444401000
00000000144444444444444444444444444
00000000144444444444444444444444444
00000001444444444444444444444444444
00000000144444444444444444444444444
00000000144444444444444444444444444
00000001244444444444444444444444444
001110110000000000014444444444444444444444
000110100000000000114444444444444444444444
010110000000000000114444444444444444444444
11000000000002444444444444444444444
11000000000002444444444444444444444
11000000000014444444444444444444444
00000144444444444444444444444400000
00001144444444444444444444444400000
00001444444444444444444444444400000
00000000002444444444444444444444444
00000000012444444444444444444444444
00000000014444444444444444444444444
00011444444444444444444444444400000
00114444444444444444444444444400000
01114444444444444444444444444400000
000000000000024444444444444444444444444444
000000100000124444444444444444444444444442
000000100000244444444444444444444444444442
00144444444444444444400000000000000
00144444444444444444400000000000000
01444444444444444444400000000000000
00000000004444444444444444444444444
00000000004444444444444444444444444
00000000144444444444444444444444444
00000000004444444444444444444444444
00000000004444444444444444444444444
00000000144444444444444444444444444
00004444444444444444444444444444444
00044444444444444444444444444444444
00044444444444444444444444444444444
00000444444444444444444444444444440
00000444444444444444444444444444440
00004444444444444444444444444444440
00000000000000444444444444444444441
00000000000001444444444444444444440
00000000000001444444444444444444400
00000000000444444444444444444444444
00000000000444444444444444444444444
00000000000444444444444444444444441
00000044444444444444444444444444400
00000044444444444444444444444444400
00000444444444444444444444444444000
000001000000011444444444444444444444444444400000000000
000010000000011444444444444444444444444444400000000000
100010000000014444444444444444444444444444400000000000
000011444444444444444444444444444410000000000044440001
000111444444444444444444444444444400000000000044400010
000104444444444444444444444444444400000000000444400010
000000000000000000100011144444444444444444444444444111
000000000000000000000011444444444444444444444444441111
000000000000000000000011444444444444444444444444441110
000011444444444444444444444444444440000000000
000111444444444444444444444444444440000000000
000114444444444444444444444444444400000000000
000000000001444444444444444444444000000000
000000000001444444444444444444444000000000
000000000014444444444444444444440000000000
00000000000000444444444444444444000
00000000000000444444444444444441000
00000000000000444444444444444440000
00000000000114444444444444444444440
00000000000144444444444444444444440
00000000001144444444444444444444440
00000000000144444444444444444000044
00000000000444444444444444444000044
00000000001444444444444444444000444
00000000000000144444444444444441000
00000000000000044444444444444441000
00000000000000044444444444444410000
00000000000001044444444444444444444
00000000000001044444444444444444444
00000000000011044444444444444444444
000100000000001114444444444444411100001100
000100000000001114444444444444411100001000
000100000000001114444444444444411000001000
00100000000000000444444444444440000
00100000000000001444444444444440000
01100000000000001444444444444440000
10000000001144444444444444444410000
00000000001444444444444444444410000
00000000001444444444444444444100000
1000000000000000144444444444444444444440100000000
1000000000000001144444444444444444444441100000000
1000000000000001144444444444444444444441000000000
0000000001100000011144444444444444444111111100000
0000000001100000011444444444444444444111111100001
0000000001000000111444444444444444444111111000001
00000010000000000000044444444444444444444444444444400000
00000010000000000000144444444444444444444444444444400000
00000110000000000000144444444444444444444444444444400000
10011000000000000000000000444444444444444444444444411000
00011000000000000000000004444444444444444444440444111100
00010000000000000000000004444444444444444444444444110000
00000000000000001044444444444444444444444444000010010000
00000000000000000444444444444444444444444444000000010000
00000000100000000444444444444444444444444444000000010000
00000000000001444444444444444444444000010000100000100000
00000000000000444444444444444444444000110000100000100000
00010000000001444444444444444444444000000000100001100000
0044444444444444444444444444400001111001111101100
1444444444444444444444444444100001110001100001110
0444444444444444444444444444110011110001001011100
100001000100000000000000000001044444444444444444444444410110001
000001000000000011000000000000444444444444444444444444410110001
000010000100000000000000000000444444444444444444444444110110011
1100000110000011444444444444444444444444440010001
1000000100000004444444444444444444444444400010001
0000000000000004444444444444444444444444400110001
00011110000000001444444444444444444444444441000110000001
00011110000000001444444444444444444444444401000100101001
00011010000000011444444444444444444444444410000100000011
0011011000001000144444444444444444444444441000110
0011101000001001144444444444444444444444441000100
0010001000010001444444444444444444444444440000110
110000000011444444444444444444444444444444444
110000001000444444444444444444444444444444444
110000001001444444444444444444444444444444444
000000000000000000110444444444444444444444444444441000
000000000000000000100444444444444444444444444444440000
000000000000000000101444444444444444444444444444440000
000000000111444444444444444444444444444444440000000000
000000000111444444444444444444444444444444440000000000
000000000114444444444444444444444444444444400000000000
000000014444444444444444444444444444444444444
000000014444444444444444444444444444444444444
000000014444444444444444444444444444444444444
000000000000044444444444444444444444444444444444444000
000000000000044444444444444444444444444444444444440000
000000000000044444444444444444444444444444444444440000
000000000000004444444444444444444444
000000000000014444444444444444444444
000000000000104444444444444444444444
100000000000111444444444444444444444444444440144444444
100000000000111444444444444444444444444444400044444444
000000000000114444444444444444444444444444400444444444
000011000000000001444444444444444444444444444444444444444444400
000010000000000001444444444444444444444444444444444444444444400
000010000000000011444444444444444444444444444444444444444444000
014444444444444444444444444444444444444444444
114444444444444444444444444444444444444444444
114444444444444444444444444444444444444444444
111111444444444444444444444444444444444444442
111101444444444444444444444444444444444444441
011110444444444444444444444444444444444444441
444444444444444444444444444444444410000000111
444444444444444444444444444444444100000000111
444444444444444444444444444444444100000000100
444444444444444444444444444444444444001100444
444444444444444444444444444444444444011004440
444444444444444444444444444444444442010004440
444444444444444444444444444444444444444101111
444444444444444444444444444444444444441101111
444444444444444444444444444444444444441101111
000001144444444444444444444444444444444444444
000001144444444444444444444444444444444444444
000001144444444444444444444444444444444444444
001144444444444444444444444444444444444444444
001144444444444444444444444444444444444444444
011444444444444444444444444444444444444444444
000444444444444444444444444444444444444444444
000444444444444444444444444444444444444444444
002444444444444444444444444444444444444444444
000000100444444444444444444444444444444444444444444440100000000
100000100444444444444444444444444444444444444444444440100000000
100000101444444444444444444444444444444444444444444400000000000
044444444444444444444444444444444400100000000000000000000000000
044444444444444444444444444444444400000000000000000001000000000
444444444444444444444444444444444000000000000000000000000000000
000000014444444444444444444444444444444444444444444444444444444444444000
000000014444444444444444444444444444444444444444444444444444444444441000
000001144444444444444444444444444444444444444444444444444444444444441000
000044444444444444444444444444444444444400000000000000000000000
000144444444444444444444444444444444444401000000000000000000000
000144444444444444444444444444444444444001000000000000000000000
000444444444444444444444444444444444444444444444444444444444440
001444444444444444444444444444444444444444444444444444444444400
004444444444444444444444444444444444444444444444444444444444401
010000010001144444444444444444444444444444444100010000000000000
100000010001144444444444444444444444444444440000100000000000000
100000000001444444444444444444444444444444440010100000000000000
001000000000011444444444444444444444444444444444444444400000001
001000001000114444444004444444444444444444444444444444000000001
001000001000114444444044444444444444444444444444444444000000000
000010000000014444444444444444444444444444444401000010001000000
000010000000014444444444444444444444444444444400000100000000000
000110000000144444444444444444444444444444444410000100010000000
000001144444444444444444444444441000000000000000000000000100000
000001444444444444444444444444440000000000000000000000001000000
000001444444444444444444444444400000000001000000000000001000000
1000000000011100444444444444444444444400001110000
1000000000011000444444444444444444444400001100000
0000000000111004444444444444444444444400001100000
00000000000100000001144444444444444444444444444440000000
00000000000100000011144444444444444444444444444440000000
00000000001100000011144444444444444444444444444441000000
000000000000000014444444444444444444444444444444444444000010001
000000000000000144444444444444444444444444444444444444000110001
000000000000000144444444444444444444444444444444444444000110001
0000000000004444444444444444444444400010000010000
0000000000004444444444444444444444400000000000000
0000000000014444444444444444444444400100000100000
011444444444444444444444110001000000000000
014444444444444444444444110001000000000000
114444444444444444444444100001000000000000
0000000011044444444444444444444444444441100000000
0000000001144444444444444444444444444441010000000
0000000011444444444444444444444444444441010000000
0000001000001444444444444444444444444114440010000
0000010000014444444444444444444444444044440010000
0000010000014444444444444444444444444144440100001
0444444444444444444444444444444444400000000000000
4444444444444444444444444444444444400000000000000
4444444444444444444444444444444444400000000000000
104444444444444444444444444444444444440000000000
104444444444444444444444444444444444440000000000
104444444444444444444444444444444444440000000000
000000000000001104444444444444444444444400000000
000000000000001044444444444444444444444000000000
000000000000011044444444444444444444444000000000
000000111044444444444444444444444400000000000000
000000111044444444444444444444444000000000000000
000000111144444444444444444444444100000000001000
00000000011044444444444444444444444444444444000000000000
00000000010044444444444444444444444444444444000100000010
00000000010444444444444444444444444444444444000000000010
0000000000000000000444444444444444444444444444444444444444444444444444444444444444444444444444444444444444444444444444444444440000000
0000000000000000000444444444444444444444444444444444444444444444444444444444444444444444444444444444444444444444444444444444440000000
0000000000000000001444444444444444444444444444444444444444444444444444444444444444444444444444444444444444444444444444444444440000000
0000000000000000000114444444444444444444444444444444444444444444444444444444444444444444444444444444444444444444444444444444444411000
0000000000000000000144444444444444444444444444444444444444444444444444444444444444444444444444444444444444444444444444444444444110000
0000000000000000001144444444444444444444444444444444444444444444444444444444444444444444444444444444444444444444444444444444444110000
0011144444444444444444444444444444444444444444444444444444444444444444444444444444444444444444444444444444444444444400000000000100000
0111144444444444444444444444444444444444444444444444444444444444444444444444444444444444444444444444444444444444444000000000000000000
0111444444444444444444444444444444444444444444444444444444444444444444444444444444444444444444444444444444444444444001000000001000000
0000000000000000000000000444444444444444444444444444444444444444444444444444444444444444444444444444444444444444444444444444444444444
0000000000000000000000004444444444444444444444444444444444444444444444444444444444444444444444444444444444444444444444444444444444444
0000000000000000000000004444444444444444444444444444444444444444444444444444444444444444444444444444444444444444444444444444444444444
0000000000000000000000000000000011000000000001114444444444444444444444444444444444444444444444444444444444444444444444444444444444110
0000000000000000000000000000001011000000000001144444444444444444444444444444444444444444444444444444444444444444444444444444444444100
0000000000000000000000000000000110000000000011144444444444444444444444444444444444444444444444444444444444444444444444444444444444100
0000011000000000000000011114444444444444444444444444444444444444444444444444444444444444444444444444444444444444444444444444444411000
0000011000000000000000111144444444444444444444444444444444444444444444444444444444444444444444444444444444444444444444444444444410000
0000110000000000000000111144444444444444444444444444444444444444444444444444444444444444444444444444444444444444444444444444444410000
0000000000000000000000000000000000000000000001044444444444444444444444444444444444444444444444444444444444444444444444444444444444444
0000000000000000000000000000000000000000000000044444444444444444444444444444444444444444444444444444444444444444444444444444444444444
0000000000000000000000000000000000000000000010444444444444444444444444444444444444444444444444444444444444444444444444444444444444444
000000000000001444444444444444444444444444
000010000000004444444444444444444444444444
000010000000004444444444444444444444444441
00000000000000000000000444444444444444444444444444410000
00000100000000000000000444444444444444444444444444400000
00000000000000000000004444444444444444444444444444400000
000000144444444444444444444444444444444444
000000144444444444444444444444444444444444
000000044444444444444444444444444444444444
00000000000000100000001444444444444444444444444440000000
00000000000000000000011444444444444444444444444440000000
00000000000000000000014444444444444444444444444440000000
0000000000000000001044444444444444444444444400000
0000000000000000010044444444444444444444444401000
0000000000000000010444444444444444444444444000000
0000000000000000001444444444444444444444444000011
0000000000000000011444444444444444444444444100111
0000000000000000014444444444444444444444444000111
000000000000000100044444444444444444444444
000000000000000000144444444444444444444444
000000000000001000444444444444444444444444
0000000001000001444444444444444444444444444444400
0000000000000001444444444444444444444444444444110
0000000010000011444444444444444444444444444444000
4441000110111100004444444444444444444444444444444
4401001010111110004444444444444444444444444444444
4410111010111100044444444444444444444444444444444
100000000000000001444444444444444444444444
000000000000000014444444444444444444444444
000000000000000014444444444444444444444444
000000000000114444444444444444444444444444
000000000000144444444444444444444444444444
000000000001144444444444444444444444444444
000000110100100444444444444444444444444444
000100101101010444444444444444444444444444
000100111000001444444444444444444444444444
0000000011000000011044444444444444444444444444444
0000000010000000011444444444444444444444444444444
0000000010000000111444444444444444444444444444444
0000000010000100001444444444444444444444444000000
0000000010001100011444444444444444444444444000000
1000000110001100011444444444444444444444444000000
0000000000000100114444444444444444444444444444400
0000000000000100144444444444444444444444444444400
0000000000000100144444444444444444444444444444000
10000000111000111111110114444444444444444444444444444444
10000000110101111110100144444444444444444444444444444444
00000001110101111111000144444444444444444444444444444444
000000000044444444444000001000000100001001
000000000144444444444000010110000100001010
000000000444444444444000010110000100001010
10000000000000444444444444444444444444010110000001100000
00000000000000444444444444444444444440010110000000100000
00000000000000444444444444444444444440101110000000100000
000001444444444444444444444444444444440001
000014444444444444444444444444444444440000
000014444444444444444444444444444444400010
10001000000114444444444444444444444444444444444444440000
10001000000114444444444444444444444444444444444444410000
00010000000104444444444444444444444444444444444444410000
01000000000010011111444444444444444444444444444444444444
01000010000100011111444444444444444444444444444444444444
01000010000101011111444444444444444444444444444444444444
00000144444444444444444444444444444444000100001100000000
00000444444444444444444444444444444444001000001010000000
00000444444444444444444444444444444444001000001010000001
000011100000000044444444444444444444444444444444444444444444444444444444444444444444444444444444444444444444400000
000011100100000144444444444444444444444444444444444444444444444444444444444444444444444444444444444444444444400000
000011000000000144444444444444444444444444444444444444444444444444444444444444444444444444444444444444444444400000
000100001144444444444444444444444444444444
000100001044444444444444444444444444444444
000000010444444444444444444444444444444444
01001100000000114444444444444444444444444444444444441111111010001110111100000
10001000000000144444444444444444444444444444444444441111110010101110111000000
10001000000000144444444444444444444444444444444444411111110010101110111000000
011110000000000000000000011144444444444444444444444444444444444444444444444444444444444444444444444444444411111100
011110000000000000000000011444444444444444444444444444444444444444444444444444444444444444444444444444444411111000
011100000000000000000000111444444444444444444444444444444444444444444444444444444444444444444444444444444411111000
000000004444444444444444444444444444444444444
001000104444444444444444444444444444444444444
010000044444444444444444444444444444444444444
000001144444444444444444444444444444444444444444110000011000000
000011144444444444444444444444444444444444444444100000011000000
000011144444444444444444444444444444444444444441100000010000000
114444444444444444444444444444444444444444444444444000
114444444444444444444444444444444444444444444444440000
144444444444444444444444444444444444444444444444440000
144444444444444444444444444444444444444444444444444000001444000011110000
144444444444444444444444444444444444444444444444440000001141000001110000
144444444444444444444444444444444444444444444444441000000400000011110000
144444444444444444444444444444444444400000000
444444444444444444444444444444444444400000100
444444444444444444444444444444444444400000000
000010444444444444444444444444444444444444444
000114444444444444444444444444444444444444444
000114444444444444444444444444444444444444444
011004444444444444444444444444444444444444000
011044444444444444444444444444444444444441000
000044444444444444444444444444444444444441000
144444444444444444444444444444444444444444444444000000001000000
144444444444444444444444444444444444444444444444000000011000000
144444444444444444444444444444444444444444444441000000011000000
001100000000000010114444444444444444444444400000
001000000000000100114444444444444444444444400000
011000000000000100144444444444444444444444000000
0000001000000144444444444444444444444444400000000
0000010000001044444444444444444444444444400000001
0000010000001444444444444444444444444444000000001
000000010004334444444444444444444444444444444444
000000110003344444444444444444444444444444444444
000000110043344444444444444444444444444444444444
44440000001100104444444444444444444444444000000000000000
44440000001100144444444444444444444444444000000001000000
44400000011000044444444444444444444444444000000000000000
111000001444444444444444444444444441000010
111000011444444444444444444444444441000110
110000011444444444444444444444444411000100
000003333333304444444444444444444000000000
000003333333344444444444444444444100000000
000033333333044444444444444444444000000000
000000011114444444444444444444444444444444
000000011104444444444444444444444444444444
000000001144444444444444444444444444444444
440000044444444444444444400000000000
400000144444444444444444400000000000
400000144444444444444444400000000000
0000000000000000000000000000000011111444444444444444444444444444444444444444444444444444444444444444444110000000000011011000000010110
0000000000000000000000000000000011111444444444444444444444444444444444444444444444444444444444444444441100000000000010101000000011110
0000000000000000000000000000000111111444444444444444444444444444444444444444444444444444444444444444441100000000000010100000000001110
1110000001000000000000000000000111044444444444444444444444444444444444444444444444444444444444444001000000100111111111010110110000111
1100000000000000000000000000001111044444444444444444444444444444444444444444444444444444444444444011100001100011111111010110110000111
1100000000000000000000000000001111444444444444444444444444444444444444444444444444444444444444444010100001100111101111111100110000111
0011111111000000000000014444444444444444444444444444444444444444444444444444444444444000111100011111011110022220000010001100000010220
0011111110000000000000114444444444444444444444444444444444444444444444444444444444444000111001010111011110122220000011001000000110200
0011111110000000000000144444444444444444444444444444444444444444444444444444444444440000111101010110011110022221000001001000000100200
1100100000000000022222200002211444444444444444444444444444444444444444444444444444444444441100000111110100001110000000000000000000000
1100100000000000022222000002111444444444444444444444444444444444444444444444444444444444441100001111101100001100000000000000001000000
1101000000000000222222000002111444444444444444444444444444444444444444444444444444444444442000101111101000011100000000000000000000000
0111000000000000000000000000000000111000000011011444444444444444444444444444444444444444444444444444444444411002001111111100110110111
0110000000000000000000000000000000110000000111011444444444444444444444444444444444444444444444444444444444410000001111111001100110111
1110000000000000000000000000000001110000000111114444444444444444444444444444444444444444444444444444444444410000011111111001101101111
1111101111111111111000000000111110000000011110444444444444444444444444444444444444444444444444400000111110111000110000000000000000000
1111111111111111111000000000111110000000011110444444444444444444444444444444444444444444444444400001111100111000110000000000000000000
1111111101111111111000000001111110000000111100444444444444444444444444444444444444444444444444400001111101111001110000000000000000000
0000000001100000000000000000000000001011114444444444444444444444444444444444444444444444444444444444444444400100000000000110000000000
0000000001100000000000000000000000001111114444444444444444444444444444444444444444444444444444444444444444000110000000000100000000000
0000000001000000000000000000000000011111114444444444444444444444444444444444444444444444444444444444444444000010010000001100000000001
0000000000000010000000000000000000000014444444444444444444444444444444444444444444444444444444444444440011111001101111000011000000000
0000000000000110000000000000000000000014444444444444444444444444444444444444444444444444444444444444440011110011101110000010000000000
0000000000000100000000000000000000000144444444444444444444444444444444444444444444444444444444444444400111110011001111000110000000000
0000000000000000000000000000001111000444444444444444444444444444444444444444444100000000000011000000000000011111000000000000000000000
0000000000000000000000000000001111000444444444444444444444444444444444444444444000000000000110000000000000011101000000000000000000000
0000000000000000000000000000011110000444444444444444444444444444444444444444441000000000000110000000000000011100000000000000000000000
0000000000000000001110000000000000011144444444444444444444444444444444444444444444444444444444440000000000111000000000110000000000000
0000000000000000011100000000000000011144444444444444444444444444444444444444444444444444444444440000000000110000000001110000000000000
0000000000000000011100000000000000011044444444444444444444444444444444444444444444444444444444400000000001100000000001110000000000000
0000000011100000000000000114444444444444444444444444444444444444444444444444444444000000000000011101110011100000000111100000001100000
0000000011100000000000001144444444444444444444444444444444444444444444444444444444000000000000010111000011100000000111100000001000000
0000000011000000000000001144444444444444444444444444444444444444444444444444444444000000000000010011000111100000001111000000001000000
1100000000000000000000000000011004444444444444444444444444444444444444444444444444110000000000011100000000000000000000000001100000000
1100000000000000000000000000011004444444444444444444444444444444444444444444444444100000000000011100000000000000000000000000100000000
1000000000000000000000000000011014444444444444444444444444444444444444444444444444100000000000011000000000000000000000000010000000000
0000000000000000000111144444444444444444444444444444444444444444444444444444000000011100000000001110000000000000000000100000000000000
0000000000000000000111444444444444444444444444444444444444444444444444444444000000011000000000001110000000000000000001100000000000000
0000000000000000000111444444444444444444444444444444444444444444444444444444000000111000000000011110000000000000000001100000000000000
0000000000000000000001011444444444444444444444444444444444444444444444444444444400000000000001000000000000000011100000000001000000000
0000000000000000000011114444444444444444444444444444444444444444444444444444444400000000000011000000000000000011000000000000000000000
0000000000000000000010104444444444444444444444444444444444444444444444444444444400000000000011000000000000000111000000000000000000000
011114444444444444444444444100000000
001144444444444444444444444100000000
011144444444444444444444444000000000
000004444444444444444444444444444440
000004444444444444444444444444444400
000014444444444444444444444444444400
00001114444444444444444444444444
00001114444444444444444444444444
00011144444444444444444444444444
000001444444444444444444444444444440
000004444444444444444444444444444440
000014444444444444444444444444444410
114444444444444444444444
114444444444444444444444
114444444444444444444444
111444444444444444444444444444444444
111444444444444444444444444444444444
111444444444444444444444444444444444
011114444444444444444444444444444444444411110
011114444444444444444444444444444444444411100
011144444444444444444444444444444444444111100
000000004444444444444444444444444440
000000004444444444444444444444444440
000000004444444444444444444444444400
00000004440444444444444444444444444444444000100010100000
00000004440444444444444444444444444444444000000101100000
00000004400444444444444444444444444444444001000101000000
00000000000000004444444444444444444444444400000110100000
00000000000000044444444444444444444444444000000100100000
00000000000000044444444444444444444444444000001101000000
00001000000000111014444444444444444444444444440000100000
00011000000000101114444444444444444444444444441010110000
00010000000000101144444444444444444444444444440011010000
00000000000000044444444444444444444444444444410000004444
00000000000000444444444444444444444444444444400000004444
00000000000000444444444444444444444444444444420000044444
00000000000004444444444444444444444444444444444000010100
00000010000144444444444444444444444444444444440000010101
00000010000144444444444444444444444444444444441000110101
0000000444444444444444444444444444400000100000000
0000000444444444444444444444444444000000100000010
0000000444444444444444444444444444000001000000010
011000100000000011441144444444444444444444444444444410100010101
010000000001000011441144444444444444444444444444444410100140001
010010000001000014441444444444444444444444444444444401000141000
00000444444444444444444444444444444444440001000000000000
00000444444444444444444444444444444444440401000000000100
00000444444444444444444444444444444444440400000010100100
000000000000000444444444444444
000000000100001444444444444444
000000000100000444444444444444
00011001100104444444444444444444400
00011001100044444444444444444444400
00111011010044444444444444444444400
001000000000001444444444444444
000011000000001444444444444444
000010100000001444444444444444
00000000044444444444444444444444444
00000000044444444444444444444444444
00000000044444444444444444444444444
00001000000000044444444444444444444
00011100000000044444444444444444444
00010000000000044444444444444444444
101111110100011444444444444444
110111111000001444444444444444
011111111000000444444444444444
000000111144444444444444444444
000000111144444444444444444444
000001111144444444444444444444
0000000000444444444444444444444444400000
0000000000444444444444444444444444400000
0000000000444444444444444444444444400000
00000000000000000001444444444444444444444444444444440000
01000000000001000001444444444444444444444444444444441000
10000000000000000010444444444444444444444444444444401000
00000000000114444444444444444444444444444440000011000001
00000000000144444444444444444444444444444440000100000011
00000000001144444444444444444444444444444400001000000011
1000000044444444444444444444444444444444440000000
0000000444444444444444444444444444444444440000000
0000000444444444444444444444444444444444440100000
0000000100010444444444444444444444444444444001001
0000000000110444444444444444444444444444441011001
0000000000100444444444444444444444444444441011011
0001000000000044444444444444444444444444444100100
0010000000001144444444444444444444444444440100100
0010000000001144444444444444444444444444440000100
0000000044444444444444444444444444440000000001000
0000000144444444444444444444444444401000000011100
0000000144444444444444444444444444400000000011000
0000000144444444444444444444444444444444444444444
0000001144444444444444444444444444444444444444444
0000001444444444444444444444444444444444444444444
0000000110444444444444444444444444444444444444444
0000000114444444444444444444444444444444444444444
0000000114444444444444444444444444444444444444444
000000044444444444444444444444444444444444444444444444444444444
000000144444444444444444444444444444444444444444444444444444444
000001444444444444444444444444444444444444444444444444444444444
000000044444444444444444444444444444444444444444444444444444444
000000144444444444444444444444444444444444444444444444444444444
000001444444444444444444444444444444444444444444444444444444444
011100000000000000111444444444444444444444444444444444444444444444444400000000000
011000000000000000101444444444444444444444444444444444444444444444444400001000000
111000000000000000111444444444444444444444444444444444444444444444444000000000000
001100010444444444444444444444444444444444444444444444444441000
100000004444444444444444444444444444444444444444444444444441000
101000104444444444444444444444444444444444444444444444444440000
000000000000000004444444444444444444444444444444444444444444444444444444444444444444444440
000000000000000044444444444444444444444444444444444444444444444444444444444444444444444410
000000000000000044444444444444444444444444444444444444444444444444444444444444444444444400
011100000000000000111444444444444444444444444444444444444444444444444400000000000
011000000000000000101444444444444444444444444444444444444444444444444400001000000
111000000000000000111444444444444444444444444444444444444444444444444000000000000
010000010014444444444444444444444444444444444444444444444444444444441001
010000000114444444444444444444444444444444444444444444444444444444441011
100000010114444444444444444444444444444444444444444444444444444444440011
011000011111110110444444444444444444444444444444444444444444444011001110
111000011111110011444444444444444444444444444444444444444444444011001100
111100111111111104444444444444444444444444444444444444444444444001011110
000000100010000000144444444444444444444444444444444444444444444444444444001111010
000010110010000001144444444444444444444444444444444444444444444444444440111100100
000010010100100001044444444444444444444444444444444444444444444444444440111111100
001100010444444444444444444444444444444444444444444444444441000
100000004444444444444444444444444444444444444444444444444441000
101000104444444444444444444444444444444444444444444444444440000
100000144444444444444444444444444444444444444444444444444411011100010001
000001044444444444444444444444444444444444444444444444444411111000000001
000001144444444444444444444444444444444444444444444444444111101001000101
000000000000000004444444444444444444444444444444444444444444444444444444444444444444444440
000000000000000044444444444444444444444444444444444444444444444444444444444444444444444410
000000000000000044444444444444444444444444444444444444444444444444444444444444444444444400
010000010014444444444444444444444444444444444444444444444444444444441001
010000000114444444444444444444444444444444444444444444444444444444441011
100000010114444444444444444444444444444444444444444444444444444444440011
011000011111110110444444444444444444444444444444444444444444444011001110
111000011111110011444444444444444444444444444444444444444444444011001100
111100111111111104444444444444444444444444444444444444444444444001011110
000000100010000000144444444444444444444444444444444444444444444444444444001111010
000010110010000001144444444444444444444444444444444444444444444444444440111100100
000010010100100001044444444444444444444444444444444444444444444444444440111111100
100000144444444444444444444444444444444444444444444444444411011100010001
000001044444444444444444444444444444444444444444444444444411111000000001
000001144444444444444444444444444444444444444444444444444111101001000101
000000000001100000444444444444444444000000111000000000
000000000001100004444444444444444441000000111000000000
000000000011000004444444444444444440000000111000000001
000000001111000000000114444444444444444411101011000000000000000
000000001110000000000104444444444444444411001010000000000000001
000000011110000000000144444444444444444011001010000000000000000
000100000000000044444444444444444444441001111111110110
000000000000001144444444444444444444410001111111111111
000000000000001444444444444444444444400001111111111111
100001111000000011100114444444444444444444444440000001110000000000001100
111111111000001100000044444444444444444444444441000001100000000000000100
100111111010000110100044444444444444444444444440000011100000000000001000
100000000001444444444444444444444444100000000000001000
000000000004444444444444444444444444000000000000000000
000000000004444444444444444444444441000000000000001000
011004444444444444444444444000000110000011110100000000
001044444444444444444444444000100000000111100110000000
110044444444444444444444444110100100000111110000000000
000000001104444444444444444444444444444444444444444444444444444444444400000000000
000000011014444444444444444444444444444444444444444444444444444444444400000000000
000000001144444444444444444444444444444444444444444444444444444444444000000000000
000000000004444444444444444444444444444410000111100000000000000
000000000004444444444444444444444444444100010111000000000000101
000000000004444444444444444444444444444010010110000000000000101
00004444444444444444444444444444444
00004444444444444444444444444444444
00004444444444444444444444444444440
000000000444444444444444444444444441000000
000000001444444444444444444444444441000000
000000001444444444444444444444444440000000
44444444444444444444444444440111111
44444444444444444444444444440011111
44444444444444444444444444441011111
111444444444444444444444444444444444001111
111444444444444444444444444444444441001111
111444444444444444444444444444444440101111
00000444444444444444444444444444444
00000444444444444444444444444444444
00004444444444444444444444444444444
000000000444444444444444444444444441000000
000000010444444444444444444444444411000001
000000014444444444444444444444444411000001
44444444444444444444444444441011111
44444444444444444444444444440011111
44444444444444444444444444440111111
111444444444444444444444444444444444001111
111444444444444444444444444444444441001111
111444444444444444444444444444444440101111
0000444444444444444444444444
0014444444444444444444444441
0014444444444444444444444441
000144444444444444444
000144444444444444444
011044444444444444444
000144444444444444444
001144444444444444444
000144444444444444444
0000444444444444444444444444
0004444444444444444444444444
0004444444444444444444444444
0001144444444444444444444441
1000144444444444444444444440
1001444444444444444444444410
000144444444444444444
000144444444444444444
001144444444444444444
000000044444444444444444444444444444440000010
000000044444444444444444444444444444440000010
000000044444444444444444444444444444400000100
000000000010444444444444444444444444444400000000000000
000000000114444444444444444444444444444400000000000000
000000000104444444444444444444444444444400000000000000
000000001444444444444444444444444444444444400
000000010444444444444444444444444444444444400
000000010444444444444444444444444444444444000
000000000444444444444444444444444444000000000
000000000444444444444444444444444444000000000
000000000444444444444444444444444444000000000
000000000044444444444444444444444444000000000
000000000444444444444444444444444444000000000
000000000444444444444444444444444444000000000
011044444444444444444444444444000000000000000
010044444444444444444444444444000000000000001
011444444444444444444444444444000000000000001
0000000011000000000011110001100000000000000000000000000014444444444444444444444444444444444444444444444444444444444444444444001100000
0000000111000000000011100011100000000000000000000000000014444444444444444444444444444444444444444444444444444444444444444444011010000
0000000111000000000111100011100000000000000000000000000044444444444444444444444444444444444444444444444444444444444444444444011000000
000000000000000000000000000000004444444444444444444444444444444444444444444444444444444444444444444444444110011111
000000000000000000000000000000104444444444444444444444444444444444444444444444444444444444444444444444444100011111
000000000000000000000000000000144444444444444444444444444444444444444444444444444444444444444444444444444100011111
1000000001110000000000000000000000000000000000000000000000000001014444444444444444444444444444444444444444444444444444444444444444444
1000000001110000000000000000000000000000000000000000000000000001114444444444444444444444444444444444444444444444444444444444444444444
0000000011110000000000000000000000000000000000000000000000000001114444444444444444444444444444444444444444444444444444444444444444444
1100000000000000000000000000000000000000000000000000000000000000000110000144444444444444444444444444444444444444444444444444444444444
1100000000000000000000000000000000000000000000000000000000000000000110000144444444444444444444444444444444444444444444444444444444444
1000000000000000000000000000000000000000000000000000000000000000001110000444444444444444444444444444444444444444444444444444444444444
0000000001000000000000000000000000000000000000111000000000000000000000000000444444444444444444444444444444444444444444444444444444444
0000000001100000000000000000000000000000000000111000000000000000000000000000444444444444444444444444444444444444444444444444444444444
0000000001000000000000000000000000100000000000110000000000000000000000000000444444444444444444444444444444444444444444444444444444444
000010000000000000000000000000000001111144444444444444444444444444444444444444444444444444444444441000000000000000
000010000000000000000000000000000011111444444444444444444444444444444444444444444444444444444444100000000000000000
000000000000000000000000000000000011111444444444444444444444444444444444444444444444444444444444110000000000000000
0110111110000000000000000000000000100000000000000000000000000001111144444444444444444444444444444444444444444444444400000000000000000
0111001010000000000000000000000000000000000000000000000000000001114444444444444444444444444444444444444444444444444100000000000100000
1101101010000000000000000000000000000000000000000000000000000001114444444444444444444444444444444444444444444444444000000000000000000
0000000000000000000000000001000000000000000000000000000001100000011000010014444444444444444444444444444444444444444444444444444444444
0000000000000000000000000000100000000000000000000000000001000000011000011144444444444444444444444444444444444444444444444444444444444
0000000000100000000000000000100000000000000000000000000001000000001000001144444444444444444444444444444444444444444444444444444444444
00144444444444444444444444444444440000000000011000000000
00444444444444444444444444444444440000000000000000000000
00444444444444444444444444444444440000000000010000000000
0000014444444444444444444444444444444444444444000
0000044444444444444444444444444444444444444444000
0000044444444444444444444444444444444444444444000
4444444444444444444444444444444000000000010000000
4444444444444444444444444444444000000000010000000
4444444444444444444444444444444000000000110000000
0000000144444444444444444444444444440000000000000
0000000444444444444444444444444444440000000000000
0000000444444444444444444444444444400000000000000
00000001114444444444444444444444444444444100000000000000
00000001114444444444444444444444444444444100000000000000
00000001144444444444444444444444444444444100000000000000
0000111444444444444444444444444444444111000000000
0001114444444444444444444444444444444111000000000
0001114444444444444444444444444444444111000000000
01444444444444444444444444444444444440000000010000000000
11444444444444444444444444444444444400000000110000000000
11444444444444444444444444444444444400000000100000000000
0000000044444444444444444444444444444444440000000
0000000044444444444444444444444444444444440000000
0000000144444444444444444444444444444444440000000
0000000000000000000000000004444444444444444444444000000000044444444444
0010000000000000000000000004444444444444444444444000000000044444444444
0000000000000000000000000004444444444444444444444000000000444444444444
000000000000000000000000444444444444444444400040000044444444444
000000000000000000000004444444444444444444400040000444444444444
000000000000000000000004444444444444444444400440000444444444444
000000000000000000000001444444444444444444444444000000004444444
000000000000000000000004444444444444444444444444000000044444444
000000000000000000000014444444444444444444444444000000044444444
000000000000100000000444444444444444444444444400000044444444444
000000000000000000000444444444444444444444444400000044444444444
000000000000000000001444444444444444444444444400000444444444444
100000000100000000000000044444444444444444000000000000044444444
100000000000000000000000044444444444444441000000000010044444444
000000000000000000010000444444444444444440000000000000044444444
000000000000000000000444444444444444444444444000000000044444444
000000000000000000000444444444444444444444444000000100044444444
000000000000000000004444444444444444444444440000000000044444444
000000000001000000000000014444444444000000010000000000044444444
000000000001000000000000014444444444000000010000000000044444444
000000000001000000000000114444444444000000000000000000444444444
0100000000000000000000000000000444444444444444444444440400000444444444
0100000000000000001000000000001444444444444444444444410400000444444444
0000000000000000001000000000001444444444444444444444404400000444444444
444444444444444
444444444444444
444444444444444
014444444444444
014444444444444
014444444444444
444444444444444
444444444444444
444444444444444
0000000104444444444444440
0000001144444444444444400
0000001044444444444444400
00144444444444444444
00144444444444444444
00144444444444444440
0014444444000000000000100
0114444444000000000000100
0114444444000000000001000
444444444444444
444444444444444
444444444444444
001444444444444
010444444444444
004444444444444
000000011000004444444444444444444444400000
000000011000004444444444444444444444100000
000000011000014444444444444444444444000000
000000100144444444444444442000001000000000
000000111044444444444444440000001000000000
000001111244444444444444440000010100000000
000000001444444444444444444444444440000000
010000011444444444444444444444444440000000
100000014444444444444444444444444440000000
000000101444444444444444444444444444400000
000000101444444444444444444444444444200000
000001102444444444444444444444444444000000
00000014444444444444444444444444444
00000014444444444444444444444444444
00000144444444444444444444444444444
000000000110100244444444444444444444444444
000000000110102444444444444444444444444444
000000001101000444444444444444444444444444
000110000114444444444444444444444441000000
001110000114444444444444444444444441000000
001100001044444444444444444444444441000000
000000000014444444444444444444444444400000
000000000114444444444444444444444444400000
000000000124444444444444444444444444400001
00000004444444444444444444444444000
00000004444444444444444444444440000
00000004444444444444444444444440000
00001044444444444444444444000000000
00000444444444444444444440000000000
00011444444444444444444440000000000
00001444444444444444444444444444444
00001444444444444444444444444444444
00001444444444444444444444444444444
14444444444444444444400040000000000
44444444444444444444400400000000000
44444444444444444444400400000000000
00000004444444444444444444444444400
00000044444444444444444444444444400
00000044444444444444444444444444000
00000000014444444444444444440000000
00000000014444444444444444440000000
00000000014444444444444444440000000
1144444444444444444444444444444444444444444444444
1144444444444444444444444444444444444444444444444
1444444444444444444444444444444444444444444444444
00000004444444444444444444444444444
00000004444444444444444444444444444
00000004444444444444444444444444444
11444444444444444444444444440000000
14444444444444444444444444440000000
14444444444444444444444444440000000
000010044444444444444444444400000000000001
000010044444444444444444444400000000000001
000110044444444444444444444400000000000000
111114444444444444444444440000000000000000
111144444444444444444444400000000000000000
111144444444444444444444400000000000000000
001004444444444444444444444444444444100001
011044444444444444444444444444444440000010
010044444444444444444444444444444440000010
0000000004444444444444444444444444444400000000000
0000000004444444444444444444444444444000000000000
0000001004444444444444444444444444440000000000000
0000444444444444444444444444
0000444444444444444444444444
0000444444444444444444444444
010000000001144444444444444444444444444000
010000100001144444444444444444444444440000
000000100011444444444444444444444444440004
00044040440400444444444444444444444
00044044444001444444444444444444444
00040444444001444444444444444444444
00000004444444444444444444444440011
00000004444444444444444444444440110
00000044444444444444444444444440010
000000001444444444444444444444444400000000
000000014444444444444444444444444400000000
000000004444444444444444444444444000000000
000000014444444444444444444444444400011100
000000044444444444444444444444444400011000
000000044444444444444444444444444400111000
000000144444444444444444444444444411110000
000001144444444444444444444444444401100001
000001444444444444444444444444444400000001
000001444444444444444444444444440010000000
000004444444444444444444444444400000000000
000004444444444444444444444444400100001000
010000000444444444444444444444444410100000
010000004444444444444444444444444411100000
110000004444444444444444444444444411000000
00111444444444444444444444444400000
00111444444444444444444444444000000
00114444444444444444444444444000000
00001444444444444444444444444444001
00010444444444444444444444444440011
00000444444444444444444444444440011
000000044444444444444444444444400000000000
000000044444444444444444444444400000000000
000000044444444444444444444444000000000000
000000000144444444444444444444440000000000
000000000144444444444444444444440000000000
000000001044444444444444444444400000000000
000000000011114444444444444444444100000000
000000000011114444444444444444444100000000
000000000111114444444444444444444000000000
000000000044444444444444444444444444000000
000000000144444444444444444444444444000000
000000000444444444444444444444444444000000
44444444444444444444444444444000000
44444444444444444444444444444000000
44444444444444444444444444440000000
00000000444444444444444444444444000
00000000444444444444444444444440000
00000010444444444444444444444440000
000000011144444444444444444444440000000000
000000011444444444444444444444440000000000
000000011444444444444444444444440000000000
001044444444444444444444444444444444444444
011444444444444444444444444444444444444440
010444444444444444444444444444444444444440
000000000444444444444444444444444444444444444444444444
000000000444444444444444444444444444444444444444444444
000000000444444444444444444444444444444444444444444444
000000000000001044444444444444444444444444444444444444444400000
000000000000011044444444444444444444444444444444444444444000000
000000000000011444444444444444444444444444444444444444444000000
000011444444444444444444444444444444444444444444440000
000011444444444444444444444444444444444444444444440000
000011444444444444444444444444444444444444444444400000
044444444444444444444444444444444444444444444
444444444444444444444444444444444444444444444
444444444444444444444444444444444444444444444
000000000400000044444444444444444444444444444444444444444444444
000000400440000044444444444444444444444444444444444444444444444
000000400040000444444444444444444444444444444444444444444444444
044444444444444444444444444444000000
044444444444444444444444444440000000
044444444444444444444444444440000000
000010000000000000000000444444444444444444444444444444444444444444400000
000110000000000000000004444444444444444444444444444444444444444440440000
000110000000000000000004144444444444444444444444444444444444444440400000
000000000000004444400004000000144444444444444444444444444444444
000000000000004444400004000000144444444444444444444444444444444
000000004000004444400040000001444444444444444444444444444444444
0111111111111111100000000111111111111111111131111100100000044444444444444444444444444444444444444444444444444444444444444444444444444
0011111111111011100000301111111111111111131131111100100000044444444444444444444444444444444444444444444444444444444444444444444444444
1111111111111011000000301111111111111113111111111100000000444444444444444444444444444444444444444444444444444444444444444444444444444
0000000000000000000111144444444444444444444444444444444444444444444444444444444444444444444444444444444444444444444444444111000000000
0000000000000000000111444444444444444444444444444444444444444444444444444444444444444444444444444444444444444444444444444110000000000
0000000000000000000111444444444444444444444444444444444444444444444444444444444444444444444444444444444444444444444444441110000000000
000000000000000000000000000000000000001111144444444444444444444444444444444444444444444444444444444444444444444444
000000000000000000000000000000000000001111144444444444444444444444444444444444444444444444444444444444444444444444
000000000000000000000000000000000000001111444444444444444444444444444444444444444444444444444444444444444444444444
0000000000000000000000000000000000010144444444444444444444444444444444444444444444444444444444444444444444422220110000110000000000202
0000000000000000000000000000000000010144444444444444444444444444444444444444444444444444444444444444444444422020010000110100000000022
0000000000000000000000000000000000001144444444444444444444444444444444444444444444444444444444444444444444402221010000110010000002020
00000000000000111444444444444444444444444444444444444444444444444444444444444444444444400000000
00000000000000014444444444444444444444444444444444444444444444444444444444444444444444400000000
00000000000000114444444444444444444444444444444444444444444444444444444444444444444444000000000
0000000000000000011444444444444444444444444444444444444444444444444444444444444444444444444444444444444444444444444444444444444444444
0000000000000000011444444444444444444444444444444444444444444444444444444444444444444444444444444444444444444444444440444444444444444
0000000000000000011444444444444444444444444444444444444444444444444444444444444444444444444444444444444444444444444440444444444444444
0000100000000000000000000000000000000000111044444444444444444444444444444444444444444444444444444444444444444444444444444444111100000
0001100000000000000000000000000000000000111444444444444444444444444444444444444444444444444444444444444444444444444444444441101000000
0001100000000000000000000000000000000000110444444444444444444444444444444444444444444444444444444444444444444444444444444442201000000
001104444444444444444444444444444444444444444444444444444444444444444444444444444444444444444444444444444444444444
001144444444444441444444444444444444444444444444444444444444444444444444444444444444444444444444444444444444444444
001444444444444440444444444444444444444444444444444444444444444444444444444444444444444444444444444444444444444444
00000000001144444444444444444444444444444444444444444444444444444444444444444444444444444444444444444444444444444444444444444444444444444444444444440000
00000000011444444444444444444444444444444444444444444444444444444444444444444444444444444444444444444444444444444444444444444444444444444444444444440000
00000000011444444444444444444444444444444444444444444444444444444444444444444444444444444444444444444444444444444444444444444444444444444444444444400000
4444444444444444444444444444444444444444444444444444444444444444444444444444444444444444444444444444444444444444444444444400000000001
4444444444444444444444444444444444444444444444444444444444444444444444444444444444444444444444444444444444444444444444444400000000001
4444444444444444444444444444444444444444444444444444444444444444444444444444444444444444444444444444444444444444444444444400000000001
4444444444444444444444444444444444444444444444444444444444444444444444444444444444444444444444444444444444444444444444444444444444444
4444444444444444444444444444444444444444444444444444444444444444444444444444444444444444444444444444444444444444444444444444444444444
4444444444444444444444444444444444444444444444444444444444444444444444444444444444444444444444444444444444444444444444444444444444444
4444444444444444444000000000004444444444444444444444444444444444444444444444444444444444444444444444444444444444444444000100000000000
4444444444444444444010000000004444444444444444444444444444444444444444444444444444444444444444444444444444444444444444000000000000000
4444444444444444444010000000044444444444444444444444444444444444444444444444444444444444444444444444444444444444444444001000000000000
00001104444444444444444444444444444444444444444444444444444444444444444444444444444444444444444444444444444444444444444444444444444444444444444400000000
00011004444444444444444444444444444444444444444444444444444444444444444444444444444444444444444444444444444444444444444444444444444444444444444400000000
00011044444444444444444444444444444444444444444444444444444444444444444444444444444444444444444444444444444444444444444444444444444444444444444000000000
4444444444444444444444444444444444444444444444444444444444444444444444444444444444444444444444444444444444444444444444444444444401000
4444444444444444444444444444444444444444444444444444444444444444444444444444444444444444444444444444444444444444444444444444444400000
4444444444444444444444444444444444444444444444444444444444444444444444444444444444444444444444444444444444444444444444444444444410000
00000144444444444444444444444444444444444444444444444444444444444444444444444444444444444444444444444444444444444444444444444444444444444444444000000000
00000044444444444444444444444444444444444444444444444444444444444444444444444444444444444444444444444444444444444444444444444444444444444444444000000000
00001044444444444444444444444444444444444444444444444444444444444444444444444444444444444444444444444444444444444444444444444444444444444444444000000000
000000000000044444444444444444444444444444444444444444400000000
000000000000044444444444444444444444444444444444444444101000000
000000000000044444444444444444444444444444444444444444401000000
0041444444444444444444444444444444040000000000000
0044444444444444444444444444444444040000000000000
0044444444444444444444444444444440000000000000000
44444444444444444444444444444444400000000000000000000000
44444444444444444444444444444444400000000000000000000000
44444444444444444444444444444444000000000000000000100000
0000000004444444444444444444444444444444444444114
0000000004444444444444444444444444444444444441104
0000000044444444444444444444444444444444441440044
000004444444444444444444444444400000000000
000004444444444444444444444444400000000000
000004444444444444444444444440000000000000
0000010444444444444444444444444444000000000000000
0000010444444444444444444444444444000000100000000
0000010444444444444444444444444444000000100000000
4444444444444444444444444444444444400011000000000
4444444444444444444444444444444444400010000000000
4444444444444444444444444444444441400011000000000
000001444444444444444444444444444444001000
000004444444444444444444444444444444000100
000014444444444444444444444444444441001000
000000000000444444444444444444444444444444444000000000
000000000000444444444444444444444444444444440000000000
000000000001444444444444444444444444444444440000000000
000011444444444444444444444444400000000000
000010444444444444444444444444000000000000
000010444444444444444444444444000000000000
000000000111444444444444444444444444444441000000
000000000111444444444444444444444444444440000000
000000000111444444444444444444444444444410000000
000000001444444444444444444444444444110000000000
000000011444444444444444444444444444110000000000
000000011444444444444444444444444444100000000000
0000000001444444444444444444444444444444444000000
0000000004444444444444444444444444444444444000000
0000000014444444444444444444444444444444444000000
000000444444444444444444444444444400000000000000
000001444444444444444444444444444000000000000000
000001444444444444444444444444444000000000000000
000000000001144444444444444444444444444000000000
000000000000144444444444444444444444440000000000
000000000010144444444444444444444444441000000000
000000001044444444444444444444444444444444010000
000000001444444444444444444444444444444440110000
000000011444444444444444444444444444444440100000
0000000000000000000000004444444444444444444444444444444444444444444444444444444444444444444444444444444444444444444444444444444444444
0000000000000000000000004444444444444444444444444444444444444444444444444444444444444444444444444444444444444444444444444444444444444
0000000000000000000000044444444444444444444444444444444444444444444444444444444444444444444444444444444444444444444444444444444444440
0000000000000000000000111444444444444444444444444444444444444444444444444444444444444444444444444444444444444444444444444440000000000
0000000000000000000000111444444444444444444444444444444444444444444444444444444444444444444444444444444444444444444444444440000000000
0000000000000000000001111444444444444444444444444444444444444444444444444444444444444444444444444444444444444444444444444400000000000
0000000011144444444444444444444444444444444444444444444444444444444444444444444444444444444444444444444444444444444444444440000000000
0000000011144444444444444444444444444444444444444444444444444444444444444444444444444444444444444444444444444444444444444440000000000
0000000011444444444444444444444444444444444444444444444444444444444444444444444444444444444444444444444444444444444444444440000000000
0000000000000000000000000000000000001444444444444444444444444444444444444444444444444444444444444444444444444444444444444444444444444
0000000000000000000000000000000000001444444444444444444444444444444444444444444444444444444444444444444444444444444444444444444444444
0000000000000000000000000000000000010444444444444444444444444444444444444444444444444444444444444444444444444444444444444444444444444
0000000000000000000000044444444444444444444444444444444444444444444444444444444444444444444444444444444444444444444444444444000000000
0000000000000000000000144444444444444444444444444444444444444444444444444444444444444444444444444444444444444444444444444444000000000
0000000000000000000000144444444444444444444444444444444444444444444444444444444444444444444444444444444444444444444444444444000000000
1000000000000000000000000000000114444444444444444444444444444444444444444444444444444444444444444444444444411000000000000111000000000
1000000000000000000000000000000114444444444444444444444444444444444444444444444444444444444444444444444444111000000000000111000000000
0000000000000000000000000000000144444444444444444444444444444444444444444444444444444444444444444444444444411000000000001111000000000
0000000000000000001144444444444444444444444444444444444444444444444444444444444444444444444444444444444444444444444444444444444444444
0000000000000000011144444444444444444444444444444444444444444444444444444444444444444444444444444444444444444444444444444444444444444
0000000000000000011444444444444444444444444444444444444444444444444444444444444444444444444444444444444444444444444444444444444444444
0000000000000000000000000000000444444444444444444444444444444444444444444444444444444444444444444444444444444444444444444444444444444
0000000000000000000000000000000444444444444444444444444444444444444444444444444444444444444444444444444444444444444444444444444444444
0000000000000000000000000000000444444444444444444444444444444444444444444444444444444444444444444444444444444444444444444444444444444
001000000044444444444444444444444440001010000001111111111111111
001000000044444444444444444444444440001010000001011111111111111
010000000144444444444444444444444440000000000011011111111111111
1000100000144444444444444444441000000101000000001
1001100001144444444444444444441000101001000000010
1001000001444444444444444444441000101010000000010
0000000010000000000001111444111111111111111111100
0000000100000000000001111444111111411111111111101
0000001100000000000011114444111411411111111111101
000000044444444444444444444444444441111011
000000144444444444444444444444444401111010
000000444444444444444444444444444401111010
000000000000004444444444444444444444444444
000000000000014444444444444444444444444444
000000000000014444444444444444444444444444
000001100000104444444444444444444444444444
000001100001144444444444444444444444444444
000011000001044444444444444444444444444444
00000000111114444444444444444444444
00000000111114444444444444444444444
00000001111114444444444444444444444
01444444444444444444444444444444444
04444444444444444444444444444444444
14444444444444444444444444444444444
00000004444444444444444444444444444
00000004444444444444444444444444444
00000014444444444444444444444444444
00000000004444444444444444444444444
00000000144444444444444444444444444
00000000144444444444444444444444444
000001144444441111144411111111111110100000
000011144444411111114411111111111111000000
000011144444411111114111111111111111000000
001000000444444444444444444444444444440000
111000004444444444444444444444444444440000
111000014444444444444444444444444444400000
0000000000000100111444444444444444444444444444444
0000000000001110014444444444444444444444444444444
0000001000011000004444444444444444444444444444444
1011010000000004444444444444444444444444444444444
0001110000000144444444444444444444444444444444444
0011100000001144444444444444444444444444444444444
0001010044444444444444444444444444444444444444444
0000000144444444444444444444444444444444444444444
0001000144444444444444444444444444444444444444444
1012010000011010010144444444444444444444444444444
0111100000011000001144444444444444444444444444444
0111000000011000001444444444444444444444444444444
0011100000000010000444444444444444444444444444444
0011000000000110011444444444444444444444444444444
0110000000001100010444444444444444444444444444444
0000101000000000044444444444444444444444444444444
0110101000000000014444444444444444444444444444444
0010011000000000044444444444444444444444444444444
0011100000000014444444444444444444444444444444444
0011010000000044444444444444444444444444444444444
0110000000000044444444444444444444444444444444444
00000001100000001444444444444444444444444444444444444444
11000001100000011444444444444444444444444444444444444444
00000001100000011444444444444444444444444444444444444444
0000000100000000000014444444001110000000000000000
0000000100000000000044444444000000000000000000000
0000000100000000000144444444110100000000000000000
0000001100000000000044444444444000000000000000000
0000011000000000001044444444440000000000000000011
0000001100000000001444444444440000000000000000011
0100000044444444444444444400101110000000000001100
0010000044444444444444444400001100000000000001100
0000000044444444444444444410101100000000000001100
0000000110000001444444444400000000010000010000000
0000000110000010444444444000000000010001110000000
0000000100000014444444444010000000100000100000000
0000100000000000104444444410000000011000111000000
0000000000000001114444444410000000011000110000000
0000000000000000104444444010000000010000110000000
0100000000000014444444444400000000011000011000111
0100000000000004444444444000001010011000011000111
1000000000000044444444444100001010011000010000111
00000000000010004444444444444440000010000000000000000000
00000000001100004444444444444410100010100000001000000000
00000010000100004444444444444400100000010000001000000000
0000000100000000144444444400000000000000010000000
0000000100000000044444444400000000000000010001000
0000000000000000044444444400000000000000110000000
000000110000000044444
000000110000000044444
000001100000000444444
011000000000004444444444444444444444410000
110010000000014444444444444444444444000000
110011000000014444444444444444444444102000
0000000004444444444444444444
0000000014444444444444444444
0000000014444444444444444444
00000000001000000004444444444444444444444444444444441000
01000100001000000044444444444444444444444444444444440000
00000000000000000044444444444444444444444444444444440000
1000000444444444444444444444444444444444444444400
1000000444444444444444444444444444444444444444000
1010000444444444444444444444444444444444444444000
00011000111001000444444444444444444444444444444444440100
00010001111001001444444444444444444444444444444444440100
00010001110001000444444444444444444444444444444444411000
0000000000000000014444444444444444444444444000000
0000000000000000014444444444444444444444444000000
0100000000000000044444444444444444444444440000000
0004440400010011133333333333333334140000010000101
0014440110010011433333333333333344141000010000101
0014401100110111133333333333333344440000100000011
0000000100014444444444444444444444444444400000110
0000000110044444444444444444444444444444400001101
0000000100044444444444444444444444444444000001101
000010044444444444444444444444444444444444
000010044444444444444444444444444444444444
000100044444444444444444444444444444444444
001100000110000000000104444444444444444444444444444444444444444444444444444444444444444444444444444444000001100000
011000000110000000001144444444444444444444444444444444444444444444444444444444444444444444444444444444000001000000
011000001110000000011044444444444444444444444444444444444444444444444444444444444444444444444444444440000011000001
00000001110000000011144444444444444444444444444444444444
00000001100000001111144444444444444444444444444444444444
00000001100000001111044444444444444444444444444444444444
00000000001100000110000011144444444444444444441110000011
00110000001000000110000111444444444444444444441000000111
00110000011000001110000111444444444444444444441100000111
00011000000111001144444444444444444444444440000000000000
00111000000110011144444444444444444444444440000000000000
00111000001111011144444444444444444444444440000010000000
00000010000001144444444444444444444444444444444100010011
00000010000011144444444444444444444444444444444100010011
00000110000011144444444444444444444444444444444100010010
00000110000001000001444444444444444444444400000000000000
00001100000001000000444444444444444444444400000000000000
00001100000011000011444444444444444444444400000000000000
00100000110000114444444444444000000000000000000000110000
11000000000000144444444444444000000010000000000000100000
00000000000000044444444444441100000000001000000000000000
0110000000000000001100444444444444444444444444444
0110000100000000001000444444444444444444444444444
1110000000000010001014444444444444444444444444444
00000000000000144444444444444444444444444444440010001111
00000000000000044444444444444444444444444444440000011110
00000000000000444444444444444444444444444444440000011000
000000010000111444444444444444444440001000
000000110000114444444444444444444441010000
000000100000114444444444444444444440010000
000100001110444444444444444441000010000000
000110001110444444444444444441000111000000
001010011111444444444444444440001110000000
334444410104444444444444444444411111114444444444
334444040004444444444444444444411111404444444444
334444001044444444444444444444111111414444444444
100000000000044444444444444444444444444000
000000000000444444444444444444444444441000
000000000001444444444444444444444444440000
1000000000111000000104444444444444444444444010111
0000000000011000001104444444444444444444441100111
1000000000011000000044444444444444444444440001111
100000000000110000444444444444444444444400
000000000000100001444444444444444444444000
000001000000100011444444444444444444444000
0001000000011111444444444444444444444444444444444
0000000000011114444444444444444444444444444444444
0010000000011114444444444444444444444444444444444
0110000011100144444444444444444444444444444040000
1110000011101144444444444444444444444444444010000
1110000111101144444444444444444444444444444010000
444444444444444444444444444
444444444444444444444444444
444444444444444444444444444
000000001144444444444444441
000000001144444444444444441
000000011444444444444444411
014444444444444444444444444444000000
014444444444444444444444444440000000
114444444444444444444444444440000000
000000044444444444444444444444444000
000000044444444444444444444444444000
000000444444444444444444444444440000
000000004444444444444444444
000000014444444444444444444
000000014444444444444444444
0000000000000000000011014444444444444444444444444444444444444444444444444444444444444444444444444444444444444444444444444440000000000
0000000000000000000011114444444444444444444444444444444444444444444444444444444444444444444444444444444444444444444444444440000000000
0000000000000000000110144444444444444444444444444444444444444444444444444444444444444444444444444444444444444444444444444440000000000
4444444444444444444444444444444444444444444444444444444444444444444444444444444444444444000000000000000000000000000000000000000000000
4444444444444444444444444444444444444444444444444444444444444444444444444444444444444444000000000000000000000000000000000000000000000
4444444444444444444444444444444444444444444444444444444444444444444444444444444444444444000000000000000000000000000000000000000000000
0000011111111100044444444444444444444444444444444444444440001000114410444441000000000000100000044444444444444444444444444444444100000
0000011111111010044444444444444444444444444444444444444440011010011410444410000001000100010000044444444444444444444444444444444000010
0000111101111000444444444444444444444444444444444444444440011111011414444411000001000100110000044444444444444444444444444444441000000
0000000000000144444444444444444444444444444444444444444444444444444444444444444444444444444444444444444444444444444444444444444444444
0000000100010444444444444444444444444444444444444444444444444444444444444444444444444444444444444444444444444444444444444444444444444
0000000000111444444444444444444444444444444444444444444444444444444444444444444444444444444444444444444444444444444444444444444444444
0000000000000000000044444444444444444444444444444444444444444444444444444444444444444444444444444444444444444444444444444444444444444
0000000000000000010044444444444444444444444444444444444444444444444444444444444444444444444444444444444444444444444444444444444444444
0000000000000000011444444444444444444444444444444444444444444444444444444444444444444444444444444444444444444444444444444444444444444
0000004444444444444444444444444444444444444444444444444444444444444444444444444444444444444444444444444444444444444444444444440000000
0000004444444444444444444444444444444444444444444444444444444444444444444444444444444444444444444444444444444444444444444444400000000
0000004444444444444444444444444444444444444444444444444444444444444444444444444444444444444444444444444444444444444444444444400000000
0000000000000111014444444444444444444444444444444444444444444444444444444444444444444444444444444444444444444444444444444444444444444
0000000000001100014444444444444444444444444444444444444444444444444444444444444444444444444444444444444444444444444444444444444444444
0000000000001110114444444444444444444444444444444444444444444444444444444444444444444444444444444444444444444444444444444444444444444
444444444444444444444444444444444444444444444444444444444444444444444444444444444444444444444444444444444444444444
444444444444444444444444444444444444444444444444444444444444444444444444444444444444444444444444444444444444444444
444444444444444444444444444444444444444444444444444444444444444444444444444444444444444444444444444444444444444444
000000001444444444444444444444444444444444444444444444444444444444444400010000000000000000001000000
000000011444444444444444444444444444444444444444444444444444444444444000010000000000000000001000000
000000014444444444444444444444444444444444444444444444444444444444444001000000000000000000011000000
000000000000011114444444444444444444444444444444444444444444444444444444444440000000000000000000000
000000000000011114444444444444444444444444444444444444444444444444444444444440000000000100000000000
000000000000011144444444444444444444444444444444444444444444444444444444444400000000000000000000000
000000044444444444444444444444444444444444444444444444444444444000100000000000000
000000144444444444444444444444444444444444444444444444444444440001000000000000000
000000144444444444444444444444444444444444444444444444444444440001000000000000000
000010000000000144444444444444444444444444444444444444444444444444440000011000000
000000000000001444444444444444444444444444444444444444444444444444440000010000000
000000000000001444444444444444444444444444444444444444444444444444440000010000000
001000001444444444444444444444444444444444444444444444444444400021000000010001001111000000011000011
001000001444444444444444444444444444444444444444444444444444100000000010010000011111001110000000010
000000001444444444444444444444444444444444444444444444444444100110000010100010001111000110111000010
011110444444444444444444444444444444444444444444444444444444444444440000010000000000000100000010000
011144444444444444444444444444444444444444444444444444444444444444400000010000000002001100000100000
111144444444444444444444444444444444444444444444444444444444444444400100010000000000001000000100000
000044444444444444444444444444444444444444444444444444400001000000010000000001000000000000000000100000000022
000044444444444444444444444444444444444444444444444444400000000000100000000000000000000000000000100000000100
000014444444444444444444444444444444444444444444444444400010000000100000000010000000000000000000000000000100
001100444444444444444444444444444444444444444444444444444400000000000000001000000001010000000000000
011000444444444444444444444444444444444444444444444444444400000000110011000000000001000000000000000
010100444444444444444444444444444444444444444444444444444000000000000000010010001000110000000000000
014444444444444444444444444444444444444444444444444444440000000000000000000000100000000000
114444444444444444444444444444444444444444444444444444400010000000000001000100000000000000
144444444444444444444444444444444444444444444444444444400000000000000010000100000000000000
000001444444444444444444444444444444444444444444444444444444444010000011000000000110000000110000000
000001444444444444444444444444444444444444444444444444444444444100000011000000000110000000110000000
000001444444444444444444444444444444444444444444444444444444444100000010000000000100000000100000000
100000000000014444444444444444444444444444444444444444444444444444444444400010000011000010000000001000000000010000000000000000
100000000000014444444444444444444444444444444444444444444444444444444444400010000011000110000000011000000000110000000000000000
100000000000044444444444444444444444444444444444444444444444444444444444000110000110000110000000010000000000100000100000000000
000144444444444444444444444444444444444444444444444444444444444444444440000000001000000000000000000010000001
000144444444444444444444444444444444444444444444444444444444444444444400000000001000000010000000000010000001
001044444444444444444444444444444444444444444444444444444444444444444400000000010000000010000000000000000011
444444444444444444444444444444444444444444444444444444444444444444444444444444444444400000000000000000000100000000000
444444444444444444444444444444444444444444444444444444444444444444444444444444444444400000000000000000000100000000000
444444444444444444444444444444444444444444444444444444444444444444444444444444444444000000000000000000001000000000000
020000000000111144444444444444444444444444444444444444444444444444444444444444444444444444444444400
000000000000111444444444444444444444444444444444444444444444444444444444444444444444444444444444000
000000000000111444444444444444444444444444444444444444444444444444444444444444444444444444444444000
000000444444444444444444444444444444444444444444444444444444444444444444000000000
000000444444444444444444444444444444444444444444444444444444444444444444000100000
000004444444444444444444444444444444444444444444444444444444444444444444000000000
000000000000144444444444444444444444444441000000000000011444444444444444444444400000000001
000000000001444444444444444444444444444440000000000000011444444444444444444444100000000001
000000000001444444444444444444444444444440000000000000114444444444444444444444100000000011
000000001000001100000000000000001444444444444444444444444444444444444444440000000000000000000000000
000000000000001000000000000000001444444444444444444444444444444444444444440000000000000000000000001
000000010000001000000000000000004444444444444444444444444444444444444444400000000000000000000000001
101110000011000101444444444444444444444444444444444444444444444444444444400000000000000000
011110000101000011444444444444444444444444444444444444444444444444444444400000000000000000
011100000111110011444444444444444444444444444444444444444444444444444444400000000000000000
000000001444444444444444444444444444444444444444444444444444444444440010
000000001444444444444444444444444444444444444444444444444444444444440100
000000014444444444444444444444444444444444444444444444444444444444440100
114444444444444444444444444444444444444444444444444444444444444440010000
114444444444444444444444444444444444444444444444444444444444444400010000
144444444444444444444444444444444444444444444444444444444444444400000000
044444444444444444444444444444444444444444444444444444444444444444441000100000000
044444444444444444444444444444444444444444444444444444444444444444441100000000000
444444444444444444444444444444444444444444444444444444444444444444440000000000000
144444444444444444444444444444444444444444444444444444444444444444444444000000000
444444444444444444444444444444444444444444444444444444444444444444444441000000000
444444444444444444444444444444444444444444444444444444444444444444444441000000000
444444444444444444444444444444444444444444444444444444444444400000001100000000000000000010000000000
444444444444444444444444444444444444444444444444444444444444400000001100000000000000000010000000000
444444444444444444444444444444444444444444444444444444444444000000001100000000000000000110000000000
011444444444444444444444444444444444444444444444441004000010000000011000000000000110000000000000110
014444444444444444444444444444444444444444444444440004000020000000010000000000000100000000000000100
104444444444444444444444444444444444444444444444440144000110020000110000002000000100000000000001100
000444444444444444444444444444444444444444444444444444444444444444444440012200211000000000200020211
000444444444444444444444444444444444444444444444444444444444444444444440212200011000000002202022111
001444444444444444444444444444444444444444444444444444444444444444444400012202210000000022200002111
000444444444444444444444444444444444444444444444444444444444444444444444444444444444440000000000000
000444444444444444444444444444444444444444444444444444444444444444444444444444444444440001000000000
000444444444444444444444444444444444444444444444444444444444444444444444444444444444440000100000000
000000000011044444444444444444444444444444444444444444444444444444444444444441100000100000200000120
000000000111014444444444444444444444444444444444444444444444444444444444444441000000100000000001000
000000000001144444444444444444444444444444444444444444444444444444444444444444000001000000000001000
000000000044444444444444444444444444444444444444444444444400000010001100000110000000000000
000000000444444444444444444444444444444444444444444444444400101000011000001100000000000000
000000000444444444444444444444444444444444444444444444444000101000010000001100000000000000
444444444444444444444444444444444000000000000000011000000444444444444444444444444444444444444444444444444441
444444444444444444444444444444444000000000000000010000001444444444444444444444444444444444444444444444444441
444444444444444444444444444444440000000000000000110000014444444444444444444444444444444444444444444444444441
111114444444444444444444444444444444444401000000000000114444444444444444444444444444444444444444444444444444444444000
111114444444444444444444444444444444444411000000000000114444444444444444444444444444444444444444444444444444444444000
111104444444444444444444444444444444444411000000000000144444444444444444444444444444444444444444444444444444444444000
111144444444444444444444444444444444444444444000000000111144444444444444444444444444444444444444444444444444444411000
111144444444444444444444444444444444444444444000000000111144444444444444444444444444444444444444444444444444444111000
111444444444444444444444444444444444444444444000000000111144444444444444444444444444444444444444444444444444444110000
444444444444444444444444444444444444444444444444110000000001111011000000111111100000000000
444444444444444444444444444444444444444444444444100000000000111110000000111111100000000000
444444444444444444444444444444444444444444444444110000000000111100000000111111100000000000
000444444444444444444444444444444444444444444444444444444000000000000110000000000000000011110000000
000444444444444444444444444444444444444444444444444444444000000000000110000000000000000011000000000
004444444444444444444444444444444444444444444444444444441000000000001110000000000000000111000000000
000114444444444444444444444444444444444444444440100000000000010000000000000100000000001111
000104444444444444444444444444444444444444444441000000000000100000000000011100000000001111
001104444444444444444444444444444444444444444441000000000000100000000000011100000000011111
100011114444444444444444444444444444444444444444444111444114444411110111000000000000000000
000111114444444444444444444444444444444444444444441111441414444411021210000000000000000000
000111114444444444444444444444444444444444444444441111441111444410110110000000000000000000
101144444444444444444444444444444444444444444444444444444444444444444444000000000001000000
001144444444444444444444444444444444444444444444444444444444444444444444000000000011000000
011144444444444444444444444444444444444444444444444444444444444444444444000000000011000000
