0000000000000010010144444444001000000010
1000000000000100010444444440000000000000
1000000000000100000444444440000000000100
00000000000000144444444000000000000
00000000000001044444440000000100000
00000000000001444444440000000100000
00000000000000001444444444000100000
00000000000000011444444440001100000
01000000000000011444444440001000000
00000010000000044444444440000000000
00000011000000044444444440000000000
00000001000000044444444440000000000
0010000000001000000144444444010000000001
0110010000001000000444444440010000000001
0100010000011000001444444440110000000011
000000000000000000144444400000000000000000011
000010000000000001444444400000000000000000010
000010000000000001444444400001000000000000010
000000001010000000014444444400000010000000000
000000010010000000014444444400000010000000000
000000010010000000014444444400000010000000000
00000000000014444444440000000000000
00000000000044444444440000000000000
00000000000144444444440000000000000
000000000000000000000044444444444401000001
000000000000000000000144444444444410000001
000000100000000000001444444444444410000001
000000000010000000144444444440000000000100
001000000010000001444444444440000000000000
001000000100000001444444444400000000000000
000100000000011114444444444000100000000000
001000000000011144444444440000000000000000
001000000000011144444444440001000000000000
00000000000000104444444444444410010
00000000000001144444444444444410010
00000000000000044444444444444410110
000010000000001044444444441000000000000000
000110000000001144444444440000000000000000
000100000000000044444444410000000000000000
00000000000014444444444444000000000
00000000000044444444444444100000000
00000000000144444444444444100000000
00000000000100444444444444444444444
00000000001101444444444444444444444
00000000001001444444444444444444444
444000110000044444444444444444001000000000
440000000110444444444444444444001000000000
440000100010444444444444444441101000000000
100000000000000000001444444444444444444000011000000000
100000000000000000001444444444444444444000011000000000
000000000000000000004444444444444444444000010000000000
000000010000000001444444444444444444000000100000000000
000000010000000001444444444444444440000001100000000000
000000010000000011444444444444444440000001000000000000
001000000000000000000000114444444444444400000000000011
010000000000000000000000114444444444444410000000000111
010000000000000001000001104444444444444100000000001111
000000000000000000100000044444444444444444444400001000000011100
100000000000000000100001044444444444444444444000000000000111100
000000000000000000000001144444444444444444444000010000000111000
000011000010044444444
000111000010444444444
000110000010444444444
000000044444444444444
000000144444444444441
000000144444444444441
0004444444444444011100000000
0004444444444444011100000000
0014444444444441011000000000
000000000000444444444
000000000001444444444
000000000004444444444
0000000000004444444444441000
0000000000004444444444441000
0000000000044444444444440000
0044444444444440000000000000
0044444444444400000000000000
0444444444444400000000000000
14444444444444
44444444444444
44444444444444
00000001444444444444444444000000000
00000001444444444444444444000000000
00000001444444444444444444000000001
10000144444444
10000444444444
10000444444444
001144444444444444110
011114444444444444110
011144444444444444100
00001144444444
00001144444441
00001444444441
000014444444444444440
000114444444444444440
000114444444444444410
00000044444444
00001444444444
00000444444444
00011114441111
00111114441111
00111114441110
00011111111111
00011111111111
00011111111111
000014444444444444440
000114444444444444440
000114444444444444410
000000000000044444444444444444440000000000000000000000
000000000000144444444444444444440000000000000000000000
000000000000444444444444444444400000000000000000000000
000000000000000000000001044444444444444400000000000000000000000
000000000000000000000000044444444444444400000000000000000000000
000000000000000000000001444444444444444000000000000000000000000
000114444444444444444440000000000000000000000
000144444444444444444440000000000000000000000
000144444444444444444440000000000000000000000
000000000000000444444444444444444000000000000000000000
000000000000000444444444444444440000000000000000000000
000000000000000444444444444444440000000000000000000000
000144444444444444441000000000000000000000000
000044444444444444440000000000000000000000000
000044444444444444400000000000000000000000000
000000000444444444444444440000000000000000000
000000001444444444444444440000000010000000000
000000000444444444444444400000000110000000000
000000014444444444444000000000001000000000000
000000014444444444440000000000011000000000000
000000044444444444440000000000010000000000000
000000010444444444444444440000000000000000000
000000010444444444444444400000000000000000000
000000010444444444444444400000000000000000000
000000011000000000000000000000000000001100000000000000000111444444444444444444444444444444444444444444444444444444
000000011000000000000000000000000000001100000000000000000114444444444444444444444444444444444444444444444444444444
000000011000000000000000000000000000001000000000000000000114444444444444444444444444444444444444444444444444444444
001000000000000000000000000000000000000110000000000000011114444444444444444444444444444444444444444444110000000000
001000000000000000000000000000000000000110000000000000111114444444444444444444444444444444444444444441100000000000
011000000000000000000000000000000000000110000000000000111144444444444444444444444444444444444444444441100000000000
00000000000000000110000000000000000000000000000111111144444444444444444444444444444444444444411
00000000000000001100000000000000000000000000000111111144444444444444444444444444444444444444411
00000000000000001100000000000000000000000000000111111444444444444444444444444444444444444444411
000000000000000000000000000000000000000000000000000000111144444444444444444444444444444444444444441100001100000000
000000000000000000000000000000000000000000000000000000111144444444444444444444444444444444444444401000001100000000
000000000000000000000000000000000000000000000000000001111144444444444444444444444444444444444444401000001100000000
1000000000011000000000000000000000000000000000000011000000000000000011444444444444444444444444444444444444444444440000001000000000000
0000000000110000000000000000000000000000000000000011000000000000000014444444444444444444444444444444444444444444400000001000000000000
0000000000110000000000000000000000000000000000000110000000000000000014444444444444444444444444444444444444444444400000011000000000000
1000000000110000000000000000000000000000001100000000000100000000000000000000000000111001144444444444444444444444444444400000000000000
0000000000110000000000000000000000000000001100000000001100000000000000000000000000111000444444444444444444444444444444000000000000000
0000000001100000000000000000000000000000011000000000001000000000000000000000000001111001444444444444444444444444444444000000000000000
0000000001000000000000000000000000001100000000000000000000000000000000000011000000011111110444444444444444444444444444444444444440000
0000000001000000000000000000000000011000000000000000000000000000000000000010000000111111114444444444444444444444444444444444444440100
0000000000000000000000000000000000011000000000000000000000000000000000000010000000111111104444444444444444444444444444444444444440100
000000000000000000000000000000000000000000000000000000000000111000114444444444444444444444444444441110000000000000
000000000000000000000000000000000000000000000000000000000001110000114444444444444444444444444444441110000000000000
000000000000000000000000000000000000000000000000000000000001110000114444444444444444444444444444441100000000000000
00000004444444444444400000000000000000000000000000000000
00000004444444444444400000000000000000000000000000000000
00000014444444444444100000000000000000000000000000000000
00001444444444444440000000000000000000000000000000000000
00001444444444444440000000000000000000000000000000000000
00001444444444444440000000000000000000000000000000000000
0000001444444444444410000000000000000000000000000
0000011444444444444400000000000000000000000000000
0000011444444444444400000000000000000000000000000
00000004444444444444444444110000000000000000000000000000
00000014444444444444444440100000000000000000000000000000
00000014444444444444444440100000000000000000000000000000
01144444444444444410000000000000000000000000000000000000
01444444444444444110000000000000000000000000000000000000
11444444444444444100000000000000000000000000000000000000
0011114444444444444444444411000000000000000000000
0011144444444444444444444411000000000000000000000
0011144444444444444444444411000000000000000000000
4444444444444444444100000000000000111111111111101
4444444444444444444100010010000001111111111111011
4444444444444444444100110100000001111111111111101
0000011444444444444444400000000000000000000000000
0000011444444444444444000000000000000000000000000
0000011444444444444444000000000000000000000000000
444444444444000000000000000000004444444444
444444444444000000000000000000044444444444
444444444444000000000000000000044444444444
0000000000000000000000000000444444444444440000000000000000044444444444
0000000000000000000000000000444444444444440000000000000000044444444444
0000000000000000000000000000444444444444440000000000000000044444444444
0000000000000000000000000444444444444400000000000000000000000044444444
0000000000000000000000001444444444444000000000000000000000000044444444
0000000000000000000000001444444444444000000000000000000000000444444444
000000000000000000000004444444444441044400000000100000004444444
000000000000000000000014444444444440444400000000000000004444444
000000000000000000000014444444444440444000000001000000004444444
0000000000000044444444444000000000000000444444444
0000000000000044444444444100000000000004444444444
0000000000000044444444444100000000000004444444444
0000000000000000000000000044444444444411004444440000000000000004444444
0000000000000000000000000144444444444410044444440000000000000004444444
0000000000000000000000000144444444444410044444400000000000000044444444
000000000000000000000444444444444414444444000000000004444444444
000000000000000000000444444444444404444444000000000004444444444
000000000000000000000444444444444404444444000000000004444444444
44444
44444
44444
00144
01444
01444
01444
01444
01444
1044444440
1144444400
0444444400
444440000000000
444440000000000
444440000000000
4444400000
4444400000
4444400000
4444400000000000000000010
4444400000000000000000010
4444400000000000000001000
444444000000000
444444000000000
444440000000000
00001000014444444444410000001000001
00001000014444444444010000001000010
00000000144444444444010000000000011
100000000044444444420000111000000000000000
000000000044444444400001111000000000000000
100000000144444444200001111000000000010000
00000000000001444444444100000000000
00000000000001444444444000000000020
00000000000014444444441000000000000
00001104444444444444000001000000000
00001004444444444444000010110000000
00011004444444444442000000100000000
000000001444444444444220000000011100000010
000000001444444444444200000000011000000010
000000004444444444441200000000011000000011
12010002444444444444444200000000000
22200014444444444444444000000000000
20200004444444444444444000000000000
10000000001444444440000011001100000
00000000001444444410000010001000000
00000000011444444400000110011000000
100000000000444444444444400000001100000000
100000000002444444444444400001111100000000
000000000004444444444444400000001000000000
00000004444444400000000000000000000
00000004444444000000000000000000000
00000004444444000000000000000000000
00000000000000000044444400000000000
00000000000000000044444400000000000
00000000000000000044444400000000000
00000000000000000000444000000000000
00000000000000000000440000000000000
00000000000000000004440000000000000
00001444444444000000000000000000000
00004444444444000000000000000000000
00014444444444000000000000000000000
00000000000000000044444444400000000
00000000000000000144444444400000000
00000000000000000444444444400000000
00000000000044444440000000000000000
00000000000444444440000000000000000
00000000000444444400000000000000000
00000000001444444444400000000000000
00000000014444444444400000000000000
00000000004444444444400000000000000
00000000000000044444444444444400000
00000000000000044444444444444400000
00000000000000144444444444444400000
000000144444444444444444400000000000000000000000011100
000000144444444444444444100000000000000000110000001000
000001144444444444444444000000000000000000100000111000
000000001444444444444400000000000000000000000
000000000444444444444000000000000000000000000
000000001444444444444000000000000000000000000
000111444444444444444440000000000000000000000
000111444444444444444400000000000000000000000
000114444444444444444400000000000000000000000
111110000000000001444444444444444000000000000000000100000000011
101110000000000001444444444444444000000000001000001100000000111
011110000000000014444444444444444000000000001000001000000000111
00000004444444444444440000000000000
00000004444444444444440000000000000
01000004444444444444400000000000000
00000000001144444444444444440004444
00000000001444444444444444440004444
00000000001444444444444444440004444
00000001144444444444440000000000000
00000001444444444444400000000000000
00000001444444444444400000000000000
000000000000000444444444444444444440000000
000000000000001444444444444444444440000000
000000000000001444444444444444444440000000
00000100000000001101444444444410000
00001100000000001001444444444410000
00001000000000011004444444444100000
0000011000000000144444444444
0000010000000001144444444444
0000010000000001144444444444
00000000000000011114444444444440000
00000000000000011144444444444410000
00000000000000011144444444444410000
001100000000000001444444444444440000000000
001100000000000004444444444444400000000000
011000000000000014444444444444400000000000
011000000144444444444444441100000000000011
010000000144444444444444401100000000000010
010000001144444444444444411000000000000010
000000000011000044444444444444100000000010
000000000011000044444444444444100000000110
000000000010000044444444444441100000000100
0000010000001144444444444444000000011000000100000
0000010000001144444444444444000000010000000100000
0000110000001144444444444441000000010000000100000
001000000000001444444444444444400000010000
011000000000004444444444444444010000110000
011000000000004444444444444444000000100000
000000144444444444010100001100100000110000
000001444444444441110100011100100100111000
000001444444444441000110011101101001111000
000110010111000000044444444444000000000011
000100001111000001444444444440100010000111
001110001010000001444444444440100010000111
000001100000000000010044444444441111110000
000001100000000000110444444444441111000001
000001000000000000100444444444441111100001
0011110001110111111101111144444444440000110000000
0111101001111110111100111444444444400000110001000
0110100011101111111111110444444444400000100000001
0000001000000000001144444444444444000010000100000
0000011000000000001144444444444440100010000100000
0000011000000000001444444444444441000010001000000
0000000000000000001444444444444410000010000100000
0000000000000000000444444444444400000010000100000
0000000000000000000444444444444400000010000100000
000000000000000000000000001444444444444444444
000000000000000000000000001444444444444444444
000000000000010000000000001444444444444444444
000001100000001111444444444444444444400000000
000001000000011111444444444444444444400000000
000011000000011111444444444444444444400000000
000000000000000000000000001444444444444444444
000000000000000000000000001444444444444444444
000000000000010000000000001444444444444444444
000000000444444444444444444444444444
000000011444444444444444444444444444
000000014444444444444444444444444444
000000001000001100101000000044444444444444444410000000
000000001000000101110000000144444444444444444411000000
000000001000001111010000000144444444444444444110000000
000000000011044444444444444444444444444444444
000000000011444444444444444444444444444444444
000000000111444444444444444444444444444444444
000000001000000000001144444444444444444444444444444400
000000011000000000001144444444444444444444444444444000
000000010000000000011144444444444444444444444444444000
444444444444444444444444444444444440
444444444444444444444444444444444440
444444444444444444444444444444444400
001000000000000001444444444444444444000000000
001000000000000011444444444444444444000100000
100000000000000014444444444444444444000100001
000000000001044444444444444444400111010100000
000000000011444444444444444444110111100100000
000000000001444444444444444444000111100000000
000000000000011444444444444444440100
000000000000111444444444444444441000
000000000000114444444444444444401000
000000014444444444444444444444444444440001000
000000144444444444444444444444444444420001100
000000044444444444444444444444444444420110001
001104444444444444444444444
001104444444444444444444444
011104444444444444444444444
000014444444444444444411111111010000011000000
000114444444444444444411111111000000011100000
000144444444444444444410110011010000011000000
000000001444444444444444444101000001100000000
001000010444444444444444444101000001100000000
010000000444444444444444444011000001000000000
000100001000004444444444444444444444
000000000000004444444444444444444444
001000000000014444444444444444444444
000000001444444444000000000000000000000000000000000000
000000011444444444000000000000000000000000000001000000
000000001444444444000000000000000010000000000000000000
000000000001144444444444444444000000000000000000100000
000000001001044444444444444444000000100010000000100000
000000011011044444444444444440000000000000000000000000
000000001111144444444411044444440000000000000000000000
000000001110444444444410044444440000000000000000000000
000000001111444444444110444444401000000000000000000000
000001000144444444444440000000000000000000000010000010
000001000144444444444440000001000000001000000010000010
000010000444444444444440000001000000001000000000000100
000000100001001100444444444444400000000000000000101100
100001000001001000444444444444000000000000000001101100
100001000010001000444444444444000000000000000001001100
010000000000000014444444440100000001000000100
110000001000000114444444440100000001000001100
110000001000000114444444401000000010000001000
000000100000110000000000000444444444444444000000000000
000000000000100000000000001444444444444440000000000000
000001000000100000000000001444444444444440000000000000
000000000100000000444444444444444444444440000000010000
000000000100000000444444444444444444444440000000000000
000000000000000000444444444444444444444440000000100000
0000144444444400000000001000010000000000000001000
0001444444444400100000001000000000000000010001000
0001444444444400100000001000000000000000010001000
0000000011044444441000001000100000000000010000000
0000000011444444441000000000100000000000010000000
0000000010444444411000000000000000000000100000000
000001144444444444000000000000001000000000
000001144444444444000000100000001000000000
000001144444444441000000000000010000000000
1100000000000044444444444441004000000010000000000
1100000000000044444444444411044000000010000000000
1100000000000144444444444410044000000100000000000
000000144444444444000000100000000000000100
000000144444444444000000100000000000001000
000001444444444444000000000000000000001000
100044444444444100001110000000010010000000
000444444444441100001100000000010100000000
100444444444441100011100000000000100000000
000111444444444441000000000000000000000000
001110444444444401000000000000000000010000
001114444444444400000000000000000000010000
000000014444444440000000000000000010000100
000000144444444410000000010000000100010010
000000144444444410000000010000000100010000
000000000000000014444444444000000000
000000000000000144444444440000000000
000000000000000144444444440000000000
000000000000000000000000000000000000000000
000000000000000000100000000000000000000000
000000000000000000000000000000000000000000
000000000000001111001000001000010000000000
000000000000001110010100000000000000000000
000000000000001110101000000001000000000000
000000000000010444444444440000000000000000
000000000000110444444444440000000000000000
000000000000100444444444440000000000000000
0000010000000001044444444441000000000000000000100
0000000000000001044444444440000000000000000000100
0000100000000011444444444440000000000000000001000
000000000000000000000000000000000000000000
000000000000000000000000000000000000000000
000000000000000000000000100000000000000000
000000001111444444000000000000000000000000000000
000000000110444444000000000000000000000000000000
000000001110444440000000000000000000000000000000
000000000000000000044444444444440000000000
000000000000000000444444444444400000000000
000000000000000000444444444444400000000000
1100000000000000000000110000000000000000000000000000000000000000000000000000000011444444444444444444444444444444444444444444444411000
1100000000000000000000110000000000000000000000000000000000000000000000000000000014444444444444444444444444444444444444444444444411000
1100000000000000000001100000000000000000000000000000000000000000000000000000000014444444444444444444444444444444444444444444444411000
1110000000000000111111100000000000000000000000000001114444444444444444444444444444444444441100000000000000000001110000000000010000000
1010000000000000110111100000000000000000000000000000144444444444444444444444444444444444441100000000000000000001110000000000010000000
1000000000000000111111100000000000000000000000000000144444444444444444444444444444444444441100000000000000000001110000000000110000000
0000000000000000000001111000000000000000000011114444444444444444444444444444444440000000000000000000001100000000000111000000000000000
0000000000000000000011110000000000000000000011144444444444444444444444444444444440000000000000000000001100000000000110000000000000000
0000000000000000000011110000000000000000000011144444444444444444444444444444444410000000000000000000011000000000001110000000000000000
0000000011000000000000000000000000000000000000000000011100000000011444444444444444444444444444444444444410000000010000000000000000000
0000000011000000000000000000000000000000000000000000001100000000111444444444444444444444444444444444444400000000010000000000000000000
0000000011000000000000000000000000000000000000000000101100000000111444444444444444444444444444444444444100000000010000000000000000000
0000100000000000000000000000000000000000000000000000000000000000000000000001000000000000000000001444444444444444444444444444440000000
0001100000000000000000000000000000000000000000000000000000000000000000000001000000000000000000004444444444444444444444444444400000000
0001000000000000000000000000000000000000000000000000000000000000000000000001000000000000000000004444444444444444444444444444400000000
0000000000000000000000000000000000000000000000000110000000001111111111000000000000000100444444444444444444444444444100000000000000000
0000000000000000000000000000000000000000000000000110000000001111111111000000000000000100444444444444444444444444444000000000000000000
0000000100000000000000000000000000000000000000001100000000011111111110000000000000001100444444444444444444444444441000000000000000000
0000000000000000100000000000000000000000000000000000000000011110000000000001444444444444444444444444444444110000000000000000000000000
0000000000000000100000000000000000000000000000000000000000111100000000000001444444444444444444444444444444110000000000000000000000000
0000000000000000100000000000000000000000000000000000000000111100000000000001444444444444444444444444444441100000000000000000000000000
0000000000000000000000010000000000000000000000000000000000000000000000000000000000000000000000000011144444444444444444444444444444444
0000000000000000000000010000000000000000000000000000000000000000000000000000000000000000000000000011444444444444444444444444444444444
0000000000000000000000000000000000000000000000000000000000000000000000000000000000000000000000000111444444444444444444444444444444444
000000100000000000000444444444444440000000
000000100000000000000444444444444440000000
000000100000000000000444444444444440000000
000000001000000000000001044444444444444401
000000001000000000000001044444444444444000
000000000000000000000011444444444444444000
00000000000144444444444444444410000
00000000000444444444444444444410000
00000000001444444444444444444110000
000000000001000000000444444444444444000000
000000000000000000001444444444444440000000
000000000000000000001444444444444440000000
000000000000000014444444444444444000000000
000000000000000014444444444444444000000000
000000000000000044444444444444440000000000
0000000000000011444444444444444444444400100000000
0000000000000010444444444444444444444400100000000
0000000000000014444444444444444444444000000000100
000011111000001444444444444410000000000000
001010011001001444444444444400000000000000
001010110000011444444444444000000000000000
000000010001104444444444444444444444000000
000000111001104444444444444444444444000000
000000010001114444444444444444444440000000
000000111000000011444444001000000001001010
000001011000000014444440000000000010000111
000000010000000014444440010000000010000111
01100000000000100000000111444444400000000000100000000000
00000001000001100000001111444444100000000001100000000000
00000000000001100000001114444444000000000001000000000000
001000000000110001144444444400000100000000
010000000000110001144444444400000110000000
000000100001110001144444444000000010000000
000001100001000001144444444400000000100110
000001100000000100144444444410100000100100
000011000000000001444444444400000000001100
0000000000000000001144444101000000000001100000000
0000000000000000001444444001000000000001000000000
0000000000000000011444441100000000000011000000000
0001000000000000000001444444000000000000110000000
0011000000000000000001444444200000000000100000001
0011000000000000000000444444000000000001100000000
010100110000000114444444411010111100000000
101000010000000114444444410100001110000000
101000110000001114444444400101001110000000
0000000000111000001144444444410000000000000000000
0000000000110000100144444444410000000000000000000
0000000001110000001144444444000000000000010000000
001144444444444100000
001444444444411110100
011444444444441010000
001000000044444444444
000000000044444444444
101000000444444444444
001000000001000000000001100000000000000001444444444444444444444444440000000000000000000000000000000000000000011000
011000000001000000000001100000000000000004444444444444444444444444440000000000000000000000000000000000000000110000
010000000011000000000001100000000000000014444444444444444444444444400000000000000000000000000000000000000000110000
001100000000110000000011000000011000000001000000011110444444444444444444444100000000000000000000000000000000000000
011000000000110000000011000000110000000001000000011114444444444444444444444100000000000000000000000000000000000000
011000000000110000000110000000110000000011000000111104444444444444444444444000000000000000000000000000000000000000
000001100001110000000000001100000000000000110000000000011111444444444444444444444000000000000000000000000000000000
000001000001110000000000011000000000000000110000000000011114444444444444444444440000000000000000000000000000000000
000001000001100000000000011000000000000001100000000000011114444444444444444444440000000000000000000000000000000000
100000000000000000000000010000000144444444444444444444410000000000000000000000001100000000000000000000000000000000
100000000000000000000000110000001144444444444444444444400000000000000000000000001000000000000000000000000000000000
000000000000000000000000100000001444444444444444444444100000000000000000000000001000000000000000000000000000000000
000000000111100000000000000000111144444444444444444444444444440000000000000000000000000000000000001100000000000011
000000000111000000000000000000111444444444444444444444444444440000000000000000000000000000000000001100000000000111
000000000111000000000000000000111444444444444444444444444444440000000000000000000000000000000000001100000000000111
000000000000000000100001144444444444444444444440011110000000000000000000000000000000000011000000000000011000001110
000000000000000000110011144444444444444444444440011110000000000000000000000000000000000011000000000000110000001100
000000000000000000000011144444444444444444444400111100001000000000000000000000000000000011000000000000110000011100
000000000110000000000000000000000001111114444444444444444444444444444000000000000000000000000001100000000111000000
000000000110000000000000000000000001111114444444444444444444444444444000000000000000000000000001100000000111000000
000000000110000000000000000000000011111114444444444444444444444444440000000000000000000000000001000000001111000000
000001100000000000000000000000000000001000000000000000000114444444444444444444444444410000000000000000000000110000
000011110000000000000000000000000000001000000000000000001114444444444444444444444444110000000000000000000001100000
000011100000000000000000000000000000001000000000000000001144444444444444444444444444100000000000000000000001100000
444444444444000000001000000000000000110000000000110000
444444444444000000001000000000000000000000000000100000
444444444444000000010000000000000000000000000001100000
001114444444444444444444444000000000001000000
001114444444444444444444441000000000010000000
001114444444444444444444441000000000011000000
011444444444444444444444444444444411000000000
111444444444444444444444444444444411000000000
114444444444444444444444444444444111000000000
001044444444444444444444444444444441000000000000000000
001044444444444444444444444444444441000000000000000000
000444444444444444444444444444444440000000000001000000
000000444444444444440000000000000011
000004444444444444440000000000000011
000004444444444444440000000000000010
000000000011014444444444444000000001000000000
000000000111044444444444444000000001000000000
000000000110044444444444444000000011000000000
000001044444444444444400000000000100
000111444444444444444000000000000100
000011444444444444444000000000000000
001100000001110011444444444444444400000000001000001000
001100000001100011444444444444444100000000000000001000
001000000001100011444444444444444000000000011000001100
0000000000000000144444444444441111100011000000000
0000000000000000144444444444440111100010000000000
0000000000000001044444444444401111100010000000000
000000000000444444444444000000000000
000000000011444444444444000000000000
000000000001444444444444000000000000
000000001101444444444444000000000000000000
000000011104444444444444000000000000000000
000000011114444444444444000000000000000000
000011000000144444444444440000000000000000001000
000010000000444444444444440000000010000000010000
000010000001444444444444440000000010000000010000
000000000014444444011111111110110010000000
000000000104444444011111111101110110000000
000000000104444444011111111101110100000000
011000000110000000000011010000001000000000001100
110000001100000100000111110000010000000000001000
110000001010000100000111110000000000000000011000
110000000001000000011444444444440000000000
110000000010000000011444444444440000000000
110000000010000000111444444444400000000000
000000000111000001444444444444400000000000
000000000111000001444444444444400000000000
000000000111000001444444444444000000000000
0000000000000001110000000000110010100000011100444444444444444444444444444440110000000000001100000000000000000000000001100000000110000
0100000000000001100000000000111100100001011104444444444444444444444444444440100000000000011000000000000000000000000001100000000110000
0100000000000011100000000001111001100001111104444444444444444444444444444441100000000000011000000000000000000000000011000000001100000
0000000001110001100000000000000000000000011444444444444444444444444444411100000000100000000000000001100000000111000000000000000000000
0000000001100000000000000000000000000001011444444444444444444444444444111110000001100000000000000001000000001110000000000000000000000
0000000011100000000000000000000000000000114444444444444444444444444444111010000001000000000000000001000000001110000000000000000000000
0000000000000000000000000000000000000111144444444444444444444444400000000001100101111111110011000000000001000000000001110000000011110
0000000000000000000000000000000000000110144444444444444444444444400000000001100101111111110111000000000011001000000001100000000111100
0000000000000000000000000000000000000110444444444444444444444444400000000001001111111111110111000000000010001000000011100000000111101
0100010000000000000100000000000111000000111101100000000000000000000000111444444444444444444444444444400010000000000000001000000000000
0000010000000000000100000000000111000000111101100000000000000000000000111444444444444444444444444444000100000000000000010000000000000
1000111000000000001000000000000110000000111101100000000000000000000001111444444444444444444444444444000100000000000000010000000000000
0000000000000000000110000000000000010000000000000000011144444444444444444444444441100000000000000000010000000000000000011000000001110
0000000000000000000100000000000000000000000000000000011044444444444444444444444441000000000100000000110000000000000000011000000001100
0100000000000000000100000000000000000000000000000000111044444444444444444444444411000000000100000000100000000000000000110000000011100
0011000000000000000000000000110000000000000001110044444444444444444444444444444410000001010011100011100000000000000000000000000000000
0111000000000000000000000000110000000000000001100444444444444444444444444444444410000001010011100011000000000000000000000000000000000
0111000000000000000000000001100000000000000011100444444444444444444444444444444400000011110011000111000000000000000000000000000000000
0010000000000000000000000111144444444444444444444444444444000000000000111000000000000000001110000000000000110000000000000000000000000
0100000000000000000000000111144444444444444444444444444444000000000000110000000000000000001110000000000000110000000000000000000000000
0100000000000000000000000111144444444444444444444444444440000000000000110000000000000000001100000000000001100000000000000000000000000
0000000001100000000000000000000000000000000000000000000000000110044444444444444444444444000000000010000000000000000000000000000000000
0000000001100000000000000000000000000000000000000000000000000110444444444444444444444440000000000000000000000000000000000000000000000
0000000011000000000000000000000000000000000000000000000000000110444444444444444444444440010000000100000000000000000000000000000000000
0000000111101000000000000000000000000000111000100000000014444444444444444444444444444440000111100000100000000000011000000000000000001
0000000111111000000000000000000000000000111000100000000114444444444444444444444444444440000111100000100000000000011000000000000000001
0000001111010000000000000000000000000000110000000000000104444444444444444444444444444400001101100001100000000000010000000000000000001
0000000011110000000000000000111044444444444444444444444444444444444444400000000000000000000011100000111111000000000000000011100000000
0000000011110000000000000000111044444444444444444444444444444444444444000000000000000000000111100000111111000000000000000111100000000
0000000011110000000000000001111444444444444444444444444444444444444444000000000000000000000111000001111110000000000000000111000000000
0000000000000000000000000000000111111111111111111111111111111011111000000000000000000000000000010000000000000000000111000000000000000
0000000000000000000000000000000111111111111111111111111111110011111000000000000000000000000000010000000000000000000110000000000000000
0000000000000000000000000000000111111111111111111111111111100111111000000000000000000000000000100000000000000000001110000000000000000
0000000000000000000110444444444444444444444444444444444444444444444444444400000000000000000000000000000000000111000000011000000000000
0000000000000000000110444444444444444444444444444444444444444444444444444400000000000000000000000000000000000111000000111000000000000
0000000000000000001114444444444444444444444444444444444444444444444444444000000000000000000000000000000000000111000000111000000000000
0000000000000000001010000000000000000000011444444444444444444110000000000000000000000000000000000000000000000011100000000000000000001
0000000000000000001000000000000000000001001444444444444444444400000000000000000000000000000000000000000000000011000000000000000000011
0000000000000000001100000000000000000001104444444444444444444100000000000000000000000000000000000000000000000111100000000000000000011
0011000000000000000000001110000000000000000000000000000114444444444444444444444444000000000000000000000000111010000000000001111000000
0011000000000000000000001110000000000000000000000000000114444444444444444444444440000000000000000000000000110000000000000001111000000
0011000000000000000000011110000000000000000000000000001114444444444444444444444440000000000000000000000001110100000000000011110000000
0000100000000000000000000000000000011111111111111111111111111111111110000000000000000000000011100000000000000000011100000000000000000
0010100000000000000000000000000000111111111111111111111111111111111100000000000000000000000111100000000000000000011000000000000000000
0000000000000000000000000000000000111111111111111111111111111111111110000000000000000000000111100000000000000000011000000000000000000
0000000000000000000000000000000000000000000000000011144444444444444444444444444000000000000011000000000001100000000000011000000000000
0000000000000000000000000000000000000000000000000011144444444444444444444444444000000000000111000000000001100000000000011000000000000
0000000000000000000000000000000000000000000000000011444444444444444444444444440000000000000111000000000001100000000000110000000000000
011444444444440000000000000
111444444444400000000000000
114444444444400000000000000
000000000000001004444444444
000000000000001144444444444
000000000000000144444444444
011000011111111110000000000
110000011111111100000000000
110000111111111100000000000
000014444444444440000000
000014444444444440000000
000144444444444400000000
01110000000000144444444444444444
11110000000000144444444444444444
11100000000000444444444444444444
100000000001444444444400000
100000000104444444444100000
000000000014444444444100000
000011144444444100000000000
000011144444444100000000000
000011144444441100000000000
000144444444441000000000000
000144444444440000000000000
001144444444440000000000000
0100004444444444444444444444444444444444100000000
0000044444444444444444444444444444444444100000000
1000044444444444444444444444444444444444000000000
44400000000000000000001444444444444
44100000000000000000001444444444444
44100000000000000000010444444444444
000001100000001444444444444444444444440010
000001100000011444444444444444444444401011
000001100000001444444444444444444444401001
1011110000000000044444444444444444444444444444444
1011100000000000044444444444444444444444444444444
0111100000000000444444444444444444444444444444444
4444444444444444444444444444444444000010000000100
4444444444444444444444444444444444000100000001000
4444444444444444444444444444444444000100000001000
000001000000004444444444444444444441001001
000001000000004444444444444444444410000010
000011000000004444444444444444444410000010
000001100004444444444444444444444440101004
000011100044444444444444444444444440101014
000011100044444444444444444444444441041014
40101014444444444444444444444444444444440100000010011111
41101014444444444444444444444444444444440100000110011111
01010014444444444444444444444444444444410100000100111111
111001101111444444444440111111
100001011104444444444411011111
000000011114444444444410011110
111111101111111001444444411000
111111101111111011444444401000
111111111111111010444444401000
00001111000000144444444444400100000
00001110100000144444444444001100000
00011111000000144444444444001000000
11111100001111044444444441100000000
11011000001111444444444441100000000
11111000001111444444444441100000000
000010000000000444444444111001
000000000000001444444444110011
000100000000000444444444110011
101011110011110114444444400000
101011110011111104444444410000
101011110011111104444444400000
00000000000111011000000000144444444
00000000000111011000000000144444440
00000000000111011000000001444444441
00000000000000444444444444400000110
00000000000001444444444444400100010
00000000000004444444444444401100011
0000000000110444444444444444001000000000000000000
0000000000110444444444444444001000000000000000000
0000000000111444444444444441011000000000000000000
0000000000011044444444444441000000000110000000000
0000000000010044444444444440000000001100000000000
0000000000011444444444444400000000001100000000000
0110000000144444444444444444444444444444000000000
0110000001144444444444444444444444444440000000000
0110000001144444444444444444444444444440000000000
0000000001104444444444444444440000000000000000001
0000000001004444444444444444440011000000100000000
0000000011044444444444444444440000000000100000010
0010001110004444444444444444410000001101000000000
1000001110044444444444444444441000011100000000000
0111011100044444444444444444010000011110000000000
0000000104444444444444444444000000000000000000000
0000000104444444444444444444000000000000000000000
0000000104444444444444444444010000000000000000000
0000000004444444444444444444444444444440000001100
0000000004444444444444444444444444444444000001100
0000000044444444444444444444444444444440000011000
000010011014444444444444444111000010000001
000111011144444444444444444101001010000101
000100010144444444444444444110011000000010
000000000001100000444444444444444444000000111000000000
000000000001100004444444444444444441000000111000000000
000000000011000004444444444444444440000000111000000001
000000001111000000000114444444444444444411101011000000000000000
000000001110000000000104444444444444444411001010000000000000001
000000011110000000000144444444444444444011001010000000000000000
000100000000000044444444444444444444441001111111110110
000000000000001144444444444444444444410001111111111111
000000000000001444444444444444444444400001111111111111
100001111000000011100114444444444444444444444440000001110000000000001100
111111111000001100000044444444444444444444444441000001100000000000000100
100111111010000110100044444444444444444444444440000011100000000000001000
100000000001444444444444444444444444100000000000001000
000000000004444444444444444444444444000000000000000000
000000000004444444444444444444444441000000000000001000
011004444444444444444444444000000110000011110100000000
001044444444444444444444444000100000000111100110000000
110044444444444444444444444110100100000111110000000000
000000001104444444444444444444444444444444444444444444444444444444444400000000000
000000011014444444444444444444444444444444444444444444444444444444444400000000000
000000001144444444444444444444444444444444444444444444444444444444444000000000000
000000000004444444444444444444444444444410000111100000000000000
000000000004444444444444444444444444444100010111000000000000101
000000000004444444444444444444444444444010010110000000000000101
000004444444444441110000000000000000000001
000044444444444441100000000000000000000001
000044444444444441100000000000000000000001
0014444444444444440100000000
0014444444444444441100000000
0104444444444444441000000000
01114444444444444444441010111110000
01114444444444444444441010111110000
11044444444444444444440000111110001
100044444444444444444444444111111111000000
000444444444444444444444441111111111100000
000444444444444444444444440111111110000000
000004444444444441110000000000000000000001
000044444444444441100000000000000000000001
000044444444444441100000000000000000000001
0014444444444444440100000000
0014444444444444441100000000
0104444444444444441000000000
01104444444444444444444100001111111
01144444444444444444441100101111111
01104444444444444444440000001111110
100044444444444444444444444111111111000000
000444444444444444444444441111111111100000
000444444444444444444444440111111110000000
02444444444444
01444444444444
04444444444444
0004444
0104444
0104444
00112111111100
00111111111111
01101111111000
00444444444400
00444444444412
00444444444402
00000444444444
00001444444444
00001444444444
01144444444444
01144444444444
00144444444444
00001111111141
00001111111111
00001111011111
00014444444444
00114444444444
00114444444441
000000000044444444444444444444000000001000000000000000
000000000044444444444444444444000000001000000000000000
000000000044444444444444444440000000001000000000000000
000000000004444444444444444100000000100000000000100000
000000000004444444444444444000000000000000000001000000
000000000144444444444444444000000000000000000001000000
000000000001111111111111111010011010000000000
000000011101011110111111111000111110000000000
000000001011111111111111111010111100000000000
000000000000014444444444444444444400000000000000000100
000000000000114444444444444444444000000000000000000000
000000000000114444444444444444444000000000000000001000
000000000000044444444444444000000000000000000
000000000001444444444444444000000000000000000
000000000000444444444444444000000000000000000
000000014444444444444000000000100010
000000104444444444444000000001100100
000000104444444444444000000001000100
000000011100000000101010011000000000111000000
000000011100000001100011110000000000111000000
000000011101001001010110110000000001110000000
000000000444444444444444100000000000000000000
000000001444444444444444000000000000000000000
000000001444444444444444000000000000000000000
000011000000000000000000000000000000000000004444444444444444444444444444444444441111111111000000000000011001110101
000110000000000000000000000000000000000000014444444444444444444444444444444444411111111111000000000000011011111111
000110000000000000000000000000000000000000014444444444444444444444444444444444411111111110000000000000111011101011
10001100110000001111111144444444444444444444444444444444444000000000000000100000000111110000001
11011001110000011111111144444444444444444444444444444444444000001000000000000000010111100000001
01001001110000011111111444444444444444444444444444444444444000001000000001000000011111100000001
001100000000000011100000000000000000000000000000000000000000000000000011144444444444444444444444444444444440111000
011000000000000011100000000000000000000000000000000000000000000000000001044444444444444444444444444444444441110000
011000000000000011000000000000000000000000000000000000000000000000000100144444444444444444444444444444444441110000
00001000000000000000000000000000000000000000000011444444444444444444444444444444000000000000000
00001000000000000000000000000000000000000000000001444444444444444444444444444444000000000000000
00000000000000000000000000000000000000000000000011444444444444444444444444444444000000000000000
0000000001101000110000001011110100001111111000111000000000000000000000444444444444444444444444444444444444444444444444400400000000000
0000000001100000111000001011111101011111100001100000000000000000000000444444444444444444444444444444444444444444444444000000000000000
0000000111100010111000010010111001011111100001000000000000000000000004444444444444444444444444444444444444444444444444004040000000000
0000000000000000000000000000000000000000000000000000000000011111044444444444444444444444444444444444444444444444444444444444141440000
0100000000000000000000000000000000000000000000000000000000011111444444444444444444444444444444444444444444444444444444444444111040000
0100000000000000000000000000000000000000000000000000000000011111144444444444444444444444444444444444444444444444444444444441444400000
110101010110000000000000000000000000000000000000000000000000000000000000144144444444444444444444444444444444444444
111000000110001000000000000000000000000000000000000000000000000000000000444444444444444444444444444444444444444444
111010110100000000000000000000000000000000000000000000000000000000000001444444444444444444444444444444444444444440
00000000000001000000000000000000000000000000110444444444444444444444444444444444444444444444444
00000000010000000000000000000000000000000000141444444444444444444444444444444444444444444444444
00000000010000000000000000000000000000000000144444444444444444444444444444444444444444444444444
1144444444444444411110010000000000000000000000000
1144444444444444411110010000000000000000000000000
1444444444444444411100100000000000000000000000000
0000444444444440000000000000000000000000000000000
0004444444444440000000000000000000000000000000000
0004444444444400000000000000000000000000000000000
0044444444444444444440000000000000000000000000000
0044444444444444444440000000000000000000000000000
0044444444444444444410000000000000000000000000000
01144444444444444440000000010000000000000000000000000000
01444444444444444440000000010000000000000000000000000000
01444444444444444400000000110000000000000000000000000000
0004444444444444444000000000000000000000000000000
0004444444444444444001000000000000000000000000000
0044444444444444440000000000000000000000000000000
01114444444444444411000000000000000000000000000000000000
01144444444444444410000000000000000000000000000000000000
11044444444444444410000000000000000000000000000000000000
4444444444444444400010000000000000000000000000000
4444444444444444000010000000000000000000000000000
4444444444444444000100000000000000000000000000000
0144444444444444000000001000010100000000000000000
0444444444444444000000001000000100000000000000000
0444444444444440000000010000001100000000000000000
00000000000000000000000000000000004444444444400000000000000000004444444444444
00000000000000000000000000000000004444444444000000000000000000004444444444444
00000000000000000000000000000000044444444444000000000000100000044444444444444
0000000000000000000000000001444444400000000000000000000000444444444444
0000000000000000000000000000444444400000000000000000000000444444444444
0000000000000000000000000000444444400000000000000000000000444444444444
000000000000000000000000000444444444401000000000000000004444444
000000000000000000000000000444444444010000000000000000004444444
000000000000000000000000001444444444410000000000000000004444444
0000000000000000000000144444444444414400000000000001000004444444444444
0000000000000000000000144444444444404400000000000000000004444444444444
0000000000000000000000444444444444404400000000000000000044444444444444
0000000000000000000000000444444444400000000000010000000000004444444444
0000000000000000000000000444444444400000000000010000000000004444444444
0000000000000000000000004444444444400000000000000000000000044444444444
000000000000000000000444444444444100000000000000000000444444444
000000000000000000000444444444444000000000000000000000444444444
000000000000000000004444444444441000000000000000000000444444444
000000000000000000000000114444444444010000000000000000044444444
000000000000000000000000114444444444100000000000000000044444444
000000000000000000000000014444444444100000000000000000044444444
00000000000444444444444440440000001000000114444444444444
00000000000444444444444440400000001000000014444444444444
00000000004444444444444404400000001000001044444444444444
000000001444444
000000001444441
000000001444441
0000100010
0000000014
0001000014
000000011444444
000000011444444
000000111444444
4444444000
4444440000
4444440000
4444400000
4444400000
4444400000
4444444400
4444444400
4444444400
4444444440
4444444440
4444444440
4444440000
4444440000
4444440000
001110000000014444444444444444000000011100
001100000000014444444444444441000000111000
001100000000044444444444444441000000101000
000000000014444444444442000010101000000000
000000000014444444444440000000010000000000
000000000024444444444440000010100000000000
000000000114444444444441002221110000000000
000000001144444444444441022201110200000000
000000001144444444444410022211100000000000
000000000004444444444444441000001010000100
000000000044444444444444441000110000010000
000000000144444444444444410000111010110000
110000000014444444444444440000000010011000
100000000014444444444444401000000110010000
100000000014444444444444401000000110010000
000000104444444444444441000001100110000000
000000144444444444444441010001100110000001
000000144444444444444410010011101110000001
100000011444444444444444444000000001110000
000000014444444444444444444000000001110000
000000014444444444444444440000000001110000
000000000144444444444444444100000001000110
000000001444444444444444444100000001001110
000000000444444444444444441000000010001100
00000004444444444444444440000000000
00000004444444444444444440000000000
00000004444444444444444440000000000
00000000000000044444444444440000000
00000000000000444444444444440000000
00000000000000444444444444440000000
10000014444444444444444411000000000
00000014444444444444444110000000000
00000114444444444444444110000000000
00000000000000444444444444440000000
00000000000001444444444444400000000
00000000000001444444444444400000000
00000000014444444444444400000000000
00000000044444444444444400000000000
00000000144444444444444400000000000
00000000044444444444000000000000000
00000000044444444444000000000000000
00000001044444444444000000000000000
00000001444444444444444444110000000
00000001444444444444444444101000000
00000004444444444444444441101000000
00000000000000000444444444444444444
00000000000000001444444444444444440
00000000000000004444444444444444440
000000000444444444444000000000000100000000
000000001444444444444000000000000000000001
000000004444444444444000000000000000000001
000000000114444444444444444400000000000010
000000000144444444444444444400000000000100
000000001144444444444444444400000000000100
000000044444444444400000000000000000000000
000000044444444444400000000000000000000000
000000044444444444000000000000000000000000
00100444444444440000000000000000000
00101444444444440000000000000000000
01104444444444440000000000000000000
000000000044444444444444400000000000000000
000000000044444444444444000000000000000400
000000000444444444444444000000000000000100
000000000001444444444444444444000000000004
000000000011444444444444444444000000000004
000000000011444444444444444440000000000044
000000144444444444444440000000000000000000
000000144444444444444440000000000000001000
000001144444444444444440000000000000000000
0000400000000000000001144444444444400000000000000
0000400000000000000001044444444444400000000000000
0004400000000000000000444444444444400000000000000
00000444444444444440011011010000000
00000444444444444440011011010000000
00000444444444444400010110110000000
00000144444444444400000000000000110
00000144444444444100000000000000110
00000444444444444000000000000001110
00011001144444444444440000000001100
00010001444444444444440000000001100
00010001444444444444440000000001000
00000001144444444444444400000001000
00000001444444444444444400000011000
00000001444444444444444400000110000
00000004444444444444444444444441000
00000044444444444444444444444440000
00000044444444444444444444444440000
11000144444444441004000001000000000
10001044444444441044000000010000000
10001444444444411040000000000000000
000000044444444444000010000000000000000000
000000144444444444000110000000000000000000
000000444444444444000100000000000000000000
00000144444444444444010111000000000
00000144444444444444011110000000000
00000444444444444440001110000000000
00000004444444444444400000000000000
00000004444444444444400000000000000
00000004444444444444400000000000000
00000014444444444444444400000000001
00000014444444444444444400000000001
00000014444444444444444000000000010
400000001144444444444444400000000000000000
400000011144444444444444400000000000000000
400000011144444444444444000000000000000000
000001144444444444444
000001044444444444444
000001444444444444444
00001444444444444444444444000000000
00004444444444444444444444000000000
00004444444444444444444444000000000
00004444444444444444400000000000000
00004444444444444444400000000000000
00044444444444444444400000000000000
000000000000114444444444444444000000000000
000000000000114444444444444444000000000000
000000000000114444444444444444000000000000
000000000000014444444444444444444000000000
000000000000014444444444444444440000000000
000000000000044444444444444444440000000000
444444444444444444444444444444444444
444444444444444444444444444444444440
444444444444444444444444444444444440
000010001001110000444444444444444444444444010011000000000000001
000110001001110004444444444444444444444444010110000000000000000
000100001001110004444444444444444444444440010110000000010000001
000001444444444444444444000
000004444444444444444440000
000014444444444444444440010
444444444444444444444440000000001000000100000
444444444444444444444440000000001000001000000
444444444444444444444400000000010000001000000
444444444444444444444444444444444444444444444
444444444444444444444444444444444444444444444
444444444444444444444444444444444444444444444
444444444444444444440010000444444444
444444444444444444400010000444444444
444444444444444444400400004444444444
444444444444444444444444444444444444
444444444444444444444444444444444444
444444444444444444444444444444444444
444004444444444444444444444
444004444444444444444444444
440044444444444444444444444
111111110000000000000000001101111444444444444444444444411
111111110000000000000000001111111444444444444444444444411
111111100000000000000000011101111444444444444444444444111
000000000000001100000000000000000000111111444444444444444
000000000000011111000000000000000000111114444444444444444
000000000000011101000000000000000001111114444444444444444
0000000000000000000000000000000000000001111114444444444444444441100000000000
0000000000000000000000000000000000000011111114444444444444444411100000000000
0000000000000000000000000000000000000011111144444444444444444411100000000000
00000000000000000000000000000000000000000000000000000000000000000011110444444444444444444444444
00000000000000000000000000000000000000000000000000000000000000000011114444444444444444444444444
00000000000000000000000000000000000000000000000000000000000000000011114444444444444444444444444
0000000000000000000000010144444444444444444444444444444440000000000000000000
0000000000000000000000110144444444444444444444444444444440000000000000000000
0000000000000000000000101444444444444444444444444444444400000000000000000000
000000001111111111444444444444444444444444440000000000000
000000001111111111444444444444444444444444400000000000000
000000001111111111444444444444444444444444400000000000000
000000000000111111144444444444444441110000000000000000000
000000000000111111144444444444444441110000000000000000000
000000000001111111144444444444444441110000000000000000000
00000000000000000001100444444444444444444444444444444411101000100000000000000000000000000000000
00000000000000000001104444444444444444444444444444444011100000101000000000000000000000000000000
00000000000000000001104444444444444444444444444444444011010001101000000000000000000000000000001
44444444444444444444444444444444000000
44444444444444444444444444444444000000
44444444444444444444444444444440000000
0000000000000000000000000000000111111144444444444444444444444444444444401000
0000000000000000000000000000000111111144444444444444444444444444444444410100
0000000000000000000000000000001111111044444444444444444444444444444444410000
000000000011144444444444444444444444444444444100000000000
000000000011144444444444444444444444444444444100000000000
000000000011444444444444444444444444444444441100000000000
111114444444444444444444444444444444444100000000000000000
111114444444444444444444444444444444444100000000000000000
111114444444444444444444444444444444441100000000000000000
0000000000000000000000000011100010144444444444444444444444444444444444444000
0000000000000000010000000001000010144444444444444444444444444444444444440000
0010100000000000010000000101000111144444444444444444444444444444444444440000
11000000000000000000000000000000000000000000000000001111444444444444444444444444444444401010000
11100000000000000000000000000000000000000000000000001111444444444444444444444444444444411000000
11000000000000000000000000000000000000000000000000001111444444444444444444444444444444000000000
0000000000000011110000000000000000101444444444444444444444444444110100000000
0000000000000110110000000000000010001444444444444444444444444444010100000000
0000000000100110110000000000000011010444444444444444444444444441000000000000
000000111000000000000000000001144444444444444444444444444
000000111000000000000000000001144444444444444444444444444
000000110000000000000000000001144444444444444444444444444
0011000444444444444400000000000100000000000000000
0011001444444444444400000000010000000000000000000
0100004444444444444000000000011000000000000000000
000000000000004444444444444400000000000000
000000000000014444444444444400000000000000
000000000000014444444444444400000000000000
000000000444444444444000000000000000000000
000000004444444444444000000000000000000000
000000104444444444444000000000000000000000
0000000000144444444444444400000000000000000000000
0000000000144444444444444400000000000000000000000
0000000000444444444444444400000000000000000000000
000000444444444444444011100000000000000000
000000444444444444444010100000000000000000
000004444444444444444011000000000000000000
0000000144444444444444444444000000000000000000000
0000000144444444444444444444000000000000000000000
0000001444444444444444444444000000000000000000000
000000044444444444444444000000011000000000
000000044444444444444440000000110000000000
000000044444444444444440000000110000000000
001100000000444444444444044400000000000000
001100000000444444444444444100000000000000
001000000000444444444444444100000000000000
000000000000000000444444444400000000000000000000
000000000000000000444444444400000000000000000000
000000000000000010444444444100000000000000000000
0000000000000144444444000000000000000000000000000
0000000000000144444444000000000000000000000000000
0000000000001144444444000000000000000000000000000
0000000011101444444400000000000000000000000000000
0000000011000444444000000000000000000000000000000
0000000111014444444000000000000000000000000000000
000000010444444444444444440000000000000000
000000014444444444444444440000000000000000
000000014444444444444444410000000000000000
000000000044444444444400000000000000000000
000000000144444444444400000000000000000000
000000000144444444444000000000000000000000
000000044444444444000000000000000000000000000000
000000444444444440000000000000000000000000000000
000000444444444440000000000000000000000000000000
0000000000000000000000000011444444444444400000000
0000000000000000000000000111444444444444000000000
0000000000000000000000000111444444444444000000000
000000000000001104444444444441000000000000000000
000000000000001004444444444441000000000000000000
000000000000001044444444444411000000000000000000
0000000000001100000000000000000000000000000000000000000044444444444444444444444444444000000000000000000000000000000000000000000000000
0000000000001000000000000000000000000000000000000000000144444444444444444444444444444000000000000000000000000000000000000000000000000
0000000000001000000000000000000000000000000000000000000144444444444444444444444444440000000000000000000000000000000000000000000000000
0000000000000000000000000000000000000000000000000000000000000000000010000000000000000000000000011144444444444444444444444444444444444
0000000000000000000000000000000000000000000000000000000000000000000010000000000000000000000000011144444444444444444444444444444444444
0000000000000000000000000000000000000000000000000000000000000000000110000000000000000000000000011444444444444444444444444444444444444
0011000000000000000000000000001111100000000000000000000000000000000000001144444444444444444444444444444401000000000000000010000000000
0011000000000000000000000000001111000000000000000000000000000000000000101144444444444444444444444444444401000000000000000110000000000
0011000000000000000000000000011111000000000000000000000000000000000000111444444444444444444444444444444400000000000000000100000000000
0000000000000000000000000000000001100000010110000000000000000000000000000144444444444444444444444444444444444444440000000000000000000
0000000000000000000000000000000001100000001110000000000000000000000000000144444444444444444444444444444444444444440000000000000000000
0000000000000000001000000000000001000000111100000000000000000000000000000444444444444444444444444444444444444444440000000000000000000
0000000000000000000000000000001444444444444440000000000000000000000000000000000144444444444444444444444444444444444444444444400000000
0000000000000000000000000000001444444444444440000000000000000000000000000000000444444444444444444444444444444444444444444444400000000
0000000000000000000000000000011444444444444400000000000000000000000000000000001444444444444444444444444444444444444444444444000000000
0000000000000000000000000000100000000000000000111100000001444444444444444444444444444444444444444444444440000000000000000000010000000
0000000000000000000000000000000000000000000001111100000001444444444444444444444444444444444444444444444410000000000000000000010000000
0000000000000000000000000001000000000000000001111100010011444444444444444444444444444444444444444444444410000000000000000000110000000
0000000000000000000000000111000000000000000000000001444444444444444444444444444444444444444444400000000000000001000000000001000000000
0000000000000001000000000111000000000000000000000001444444444444444444444444444444444444444444400000000000000011000000000001000000000
0000000000000001000000000110000000000000000000000011444444444444444444444444444444444444444444400000000000000010000000000011000000000
0000000000000000001000000000000000000000000000100000000000000000000000000144444444444444444444444444444444444444444444444000000000000
0000000000000000001000000000000000000000000001100000000000000000000000001144444444444444444444444444444444444444444444444000000000000
0000000000000000001000000000000000000000000001000000000000000000000000001444444444444444444444444444444444444444444444440000000000000
00000044444444440000110000001100000
00000444444444410001010000001000000
00000444444444400001000000001000000
444444444444444001110000000001010000000000
444444444444444001110000000010100000000000
444444444444444010100000000110100000000000
00000001111111111111111001010000000
00000011111111111111110000100010000
00000011111111111111110010100010000
0000000010000000000014444444444410000011100110110
0000000110000000000014444444444400000011110101111
0000000100000000000044444444444100000111011101101
00000100144444444444444444441000000
00000100144444444444444444441000000
00001101444444444444444444441000000
00000004444444444444444444440000000
00000014444444444444444444440000000
00000014444444444444444444400000000
00000001444444444444444444444444410
00000001444444444444444444444444410
00000011444444444444444444444444410
00000000001444444444444444444444444
00000000004444444444444444444444444
00000000004444444444444444444444444
0000000014444444444444444444
0000000014444444444444444444
0000000044444444444444444444
00014444444444444444444444444400000
00104444444444444444444444444410000
00144444444444444444444444444400000
0000111144411111111111111111
0000111141411111111111111111
0000111441411111111111111110
0000144444444444444444444441
0000144444444444444444444441
0000444444444444444444444400
001000000444444440000
010000000444444440000
010000012444444400000
0011011110000000014444444100
0011010000000000014444444100
0110111000000000044444444100
101111111010000110110
101111111100001100110
111111111100001101110
04444444444400
44444444444400
44444444444100
000001111000000000011100000000000011000000111100000000000000000000000000011444444444444444444444444444411000000000
000001111000000000011100000000000011000000011000000000000000000000000000001444444444444444444444444444110000000000
000011110000000000011000000000000110000000110000000000000000000000000000001444444444444444444444444444110000000000
000000000000001100000000000000111000000000001100000000000000000000100000000000101444444444444444444444444444411000
000000000000001100000000000000110000000000001000000000000000000000000000000000001444444444444444444444444444111000
000000000000001100000000000001110000000000001100000000000000000001000000000000114444444444444444444444444444111000
00000011000000000011000000000000044444444444444444444444444444444444444444444444444441000000000
00000111000000000110000000000000044444444444444444444444444444444444444444444444444440000000000
00000111000000001110000000000000044444444444444444444444444444444444444444444444444410000000000
000000000000000000000000000000000000000000000000000044444444444444444444444444440000000000000000000000000000000001
000000000000000000000000000000000000000000000000000444444444444444444444444444440000000000000000000000000000000011
000000000000000000000000000000000000000000000000000444444444444444444444444444440000000000000000000000000000000011
00001110000000000000010000000000000000011444444444444444444444444000000000000000000000000000000
00001100000000000000110000000000000000011444444444444444444444444000000000000000000000000000000
00001100000000000000100000000000000000114444444444444444444444444000000000000000000000000000000
00010000000000111000000011000000000000010044444444444444444444444444411000000000000000000000111
00010000000000111000000010000000000000000144444444444444444444444444441000000000000000000001110
00010000000000110000000110000000000000100144444444444444444444444444411000000000000000000001110
11000000000000010001110000001100000001111000000000144444444444444444444444444444444444444444444
11100000000000010001110000001100000011111000000000144444444444444444444444444444444444444444444
11000000000000110001100000011000000011110000000000444444444444444444444444444444444444444444444
00000000000000110000000000000000000000044444444444444444444444444444440110000000000000000000000
00000000100001100000000000000000000000044444444444444444444444444444440100000000000000000000000
00000000000001100000000000000000000000444444444444444444444444444444400100000000000000000000000
00000110001444444444444400000000000111000000110000010000
00000000101444444444444110000000000101100000110000011000
00001110104444444444444010000000000111100000100000000000
00000010444444444410000000000000000011000000000000010000
00001100444444444410000000000000000110000000000000100000
00001104444444444000000000000000000110000000000000100000
0000000444444444000000000001000001000000010000001
0000010444444444000000000000000001100000010000000
0000010444444444000000000001000000100000010000011
1044444444444444440000000011000000010000001000000
1144444444444444410000000011000000010000011000000
0144444444444444400000000011000000100000010000000
0000000000001044444444410000000000000101000000000
0000000000001044444444400000000000000101000000000
0000000000000144444444010000000000000010110000000
0000000000000144444444440000000000000000000000011
0000000000000044444444411100000000000000100000111
0000000000000044444444410000000000000000100000010
0010000000000104444444444400000000000000000000000
0010000010000104444444444400000000000000000000000
0000000000000044444444444000000000000000000000000
0110000000000000000100000000104444444444400000000
1100000000000000000000000000144444444444400000000
1110000000000000000110000000144444444444010000000
0111000110000111000114444104444444444444444444444
0111000100000111000114441144444444444444444444444
0110000110000111000114441144444444444444444444444
100000000000001100000000144444400000000000
000000000000010000000000044444400000000000
000000000000010000000000444444000000000000
000010000000004444444444444000000000011000
000110000000004444444444444000000000011000
001110000000004444444444444000000000110000
101000000000010444444444000000000000001110
010000000000111444444444000000000000011100
010000000000104444444440000000000000011100
0000000001100000000001104444444444400400000110000
0000000011100000000000044444444444400000000110000
0000000011100000000001044444444444400000001110000
111100000011144444444444444000000000101000
111000000011144444444444440000000000001000
110100000011144444444444440000000000001000
000011000011444444444444404000111100000111
000011000011444444444444044101111000000111
000111000111444444444444040001111000001111
111144444444444444440000000
111144444444444444440000000
111144444444444444410000000
000000011444444444444444441
000000011444444444444444441
000000011444444444444444440
000011444444444444444400000
000011444444444444444400000
000011444444444444444400000
044444444444440000000000000
044444444444440000000000000
144444444444440000000000000
000000000000000001444444
000000000000000001444444
000000000000000011444444
000001444444444444440000000
000001444444444444440000000
000004444444444444440000000
000000004444444444444400
000000004444444444444000
000000004444444444444000
000144444444444440000000000
000444444444444400000000000
001444444444444400000000000
444444444444444444444444444444444444440000000000000000000
444444444444444444444444444444444444440000000000000000000
444444444444444444444444444444444444440000000000000000000
0000000000000000010000010000000000000000001000444444444444444444444444444444
0000000000000000000000010000000000000000001104444444444444444444444444444444
0000000000000000100000000000000000000000000104444444444444444444444444444444
00000000000000000000000000000000000000000000000000000110000001111111144444110011011011111111111
00000000000000000000000000000100000000000000000000000110000001011101444441110010011111011111111
00000000000000000000000000000000000000000000000000001100000001011001444441100010110111111111111
00000000000011000000000000000000000114444444444444444444444444444444444444444444444444444400000
00000000000011100000000000000000001104444444444444444444444444444444444444444444444444444400000
00000000000011000000000000000000001104444444444444444444444444444444444444444444444444444400000
1044444444444444444444444444444444444444444444444444400000000000000000000000
1044444444444444444444444444444444444444444444444440000000000000000000000000
0044444444444444444444444444444444444444444444444444000000000000000000000000
0011010444444444444444444444444444444444444444444400000000000000000100000100
0011000444444444444444444444444444444444444444444000000000000000000100001110
0011104444444444444444444444444444444444444444444000000000000000000000001110
011011010111444444444444444444444444444444444444000000000
011111000010444444444444444444444444444444444444000000000
000111001110444444444444444444444444444444444440000000000
00000000000010010444444444444444444444444444444444444444444444444444440000000000000000001100001
00000000000010110444444444444444444444444444444444444444444444444444440000000000000000011110001
00000000000000104444444444444444444444444444444444444444444444444444400000000000000000011100000
444444444440000000000000000000000000144444444444444000011000000000000010000000000000000001000000000
444444444400000000000000000000000000044444444444444000010000000000000010000000000000000010000000000
444444444400000001000000000000000000444444444444440000010000000000000010100000000000000010000000000
001144444444000000010000000000000000444444444440100000000000000000100000001000000000010000000000000000100000
011444444444000000010000000000100000444444444410100000010000000000100000010000000000010000000000000001000000
011444444440000000000000000000000001444444444400000000010000000000000000010000000000100000000000000001000000
011144444444000000000000000000000000000011144444444000000000000000000000000000000000000000
011444444444000000010100000000000000000011144444441000000000001000000000000000000000000000
011444444441000000000100000000000000000011144444441000000000000000000000000000000000000000
000000000004444444444000001000010000000000000000444444444444444400000100000000000100000000000000000
000000000014444444444000001000010000000000000004444444444444444400000100000000000000000000000000000
000000000014444444444000000000000000000000000004444444444444444400000100000000000000000000000000000
444444444000000000000000000014444444444444400001000100000000000
444444444000000000000000000014444444444444400010000100000200000
444444444000000000000000000144444444444444000010000100000000000
000000014444444410002000000000000000002104444444444440000010000001000000000100000
000000114444444410000000000000000000001144444444444440000010000000000000000000000
000001144444444440000000000000000000001144444444444410000100000010000000001000000
444444444111104441100000000000000000000000244444444444000000000000000000000000000000000000000000330000000003300000303
444444444111044441100000000000000000000000444444444444000000000000000000000000001000000000030033330000000003300003003
444444444110144441100000000000000000000000444444444444000000000000000000001000001000000000000030001000300003300003030
000000044444444444000000000000001444444444444400000011000000000000000144444444444400000000000000001
000001444444444440000000000000000444444444444400000010100000000000000144444444444400000000000000011
000001444444444440000000000000014444444444444400000001000000000000000044444444444400000000000000011
000014444444444441000011000000000000114444444444400000000000001000000000114444444400000000
000014444444444400000010000000000000144444444444400000000000001000000000144444444400000000
000144444444444400000110000000000000144444444444000000000000011000000000144444444000000000
000111444444444440000000000000000000144444444444444444400000100000000000100000000001000000
001114444444444441000000000000000001444444444444444444400001000000000000000000000011000000
001114444444444441000000000000000001444444444444444444000001000000000000000000000010000000
000000000000444444444444444400000000000000044444400000000000000000000000000000000000000000000000000000000000
000000000000444444444444444100000000000001144444400000000000000000000000000000000000000000000000000000000000
000000000001444444444444444000000000000000044444100000000000000000000000000000000000000000000000000000010000
000001000000000000000011111444444444444100010000000000000001114444444444444000000000000000000000111111111000110000000000000000
000010000000000110000000111444444444444100000000000000000001114444444444441000000000000000000000111111110000100000001000000000
000010000000000001000011111444444444444000100000000000000011114444444444441000000000000000000001111111100000400000001000000000
000000000000000000000000011444444444441101000000000000000011444444444444444441100000000000
000000000001000000000000011444444444441001010000000000000014444444444444444401000000000000
000000000001000000000000014444444444411000100000000000000014444444444444444411000000000000
001110000100000000001000001110001100000014444444444444000000000001444444444444444400000000
001110000000000000001000001100001100000014444444444444000000000011444444444444444400000000
001100000000000000011000001100001100000014444444444444000000000011444444444444444000000000
000000100000000000111444444444444441000000000000000011444444444000000000000000001111111000
000000100000000000111444444444444441000000000000000011444444440000000000000000001111110000
000001000000000000111444444444444411000000000000000011444444440000000000000000011111110000
010000000000000014444444444444444400000000000000000004444444444444444400000000000000000111
100000000000000044444444444444444000000000000000000044444444444444444000000000000000000111
100000000000000144444444444444444000000000000000000044444444444444444000000000000000000111
000000004444444444444000000000000001444444444000000000000000000001110144411101011
000000004444444444440000000000000011444444444000000000000000000011111144401100110
000000004444444444440000000000000011444444444000000000000000000011110104011011110
000000144444444444000000000000000000444444444444444400000000100000000110000000000000000000001000000000011000
000000444444444444000000000000000000444444444444444000000000100000000100000000000000000000001000000000011000
000000444444444444000010000000000000444444444444444000000000100000001100000000000000000000001000000000011000
001444444444444444440000000000000000000001144444444000000001000000000000104444444000001100000001100
011444444444444444401000000000000000000001444444440000000111000000000000104444444000001100000011100
014444444444444444401000000000000000000001444444440000000110000000000000144444441000001000000011000
000144444444440000002000000000004444444444444401100000000000000000000014444444444000110000000001100
001444444444440002000002000000004444444444444001000000000000000000000044444444444000110000000011100
001444444444440000002000000000004444444444444001000000000000000000000044444444444001110000000011000
444444444444400000000000000000004444444444444000000110000000001000000000000444444444000001
444444444444400001000000000000004444444444444000000100000000001000000000000444444444000001
444444444444400001000000000000044444444444444000000110000000011000000000004444444440000001
144444444444441100000000000001100144444444444410000000000000000000000000000114444444444444100000000
144444444444411000000000000011100444444444444400000000000000000000000000000114444444444444100000000
144444444444411000000000000011000444444444444400000000000000000000000000000114444444444444100000000
000000000144444444444444000000000010000000000144444444444444411000000000010000000000011444
000000000444444444444444000000000100000000000144444444444444011000000000100000000000014444
000000000444444444444441000000000100000000000144444444444444011000000000100000000000114444
000000000000011144444444411000000000000000001011111444441110000000000000011000000111111111111111111
000000000000111444444444111000000000000000010011111444441110000000000000010000001111111111111111111
000000000000111444444444111000000000000000010011111444111110000000000000010000001111111111111111111
000001444444444444444400000000000044444444444444444441000000000004444440401110110100000000
000001444444444444444400000000000144444444444444444440000000000000444444411101010100000000
000014444444444444444000000000000444444444444444444440000000000000444444411110100000000000
444444444444100000000000000004444444444444444000000000000000000001144444444444100000000000
444444444444000000000000000014444444444444441000000000000000000011144444444444100000000000
444444444441000000000000000044444444444444441000000000000000000001444444444444000000000000
110001144444444444110000000000000000144444444400000000000000001000001144444444110000011000
100001144444444444110000000100000000444444444400000000000000000000001444444444010000011000
100001444444444444100000000000000001444444444100000000000000000000011444444444100000011000
000011011444444444441110000000000000130311111112210000000000000111011144444444444000000000000000010
000011114444444444410000000010000000133311141111120000000000000111111444444444444000000000000000100
000111114444444444411100000010000000133444110111110000000000000111111444444444440000000000000000100
000000000000000010344343444333411000000024444444444444444444441000000000001114444444444440
000000000000000000444443444334111000001014444444444444444444441000000000001144444444444440
000000000000000010443433444334110000000144444444444444444444441000000000001144444444444440
