11001100000000033333333333333301000
10001100000000033333333333333301000
10011110000000333333333333333301000
0000000000333333333333333333330000000000
0000000000333333333333333333330000000000
0000000000333333333333333333330000000000
000000444440000000003333333333333300000000100
000000444410000000013333333333333300000000100
000004444400000000013333333333333300000001000
000000444440000000003333333333333300000000100
000000444410000000013333333333333300000000100
000004444400000000013333333333333300000001000
0000000000000011441110000011333333333333333333333
0001000000000011411100000001333333333333333333333
0001000000000014411100000001333333333333333333333
0000000000001000000033333333333333333333333101110
0000000000001000000033333333333333333333333001110
0000010000001000001033333333333333333333331001100
0010000000010100111441111100013333333333333333300
0010000000010010114441111100013333333333333333300
0100000000100000114441111000033333333333333333100
0100000000000000000003333333333333333333333333111
0100000000000000000003333333333333333333333331111
0100000000000000000033333333333333333333333331111
000011000000000000000010004444444444444400000000010333333333333333333333333333333000110000
000010000000000000000010004444444444444000000000110333333333333333333333333333333001100000
000010000000000000000010004444444444444000000000113333333333333333333333333333330001100000
000000000110000000000111111033333333333333333333333333333333300
000000000100000000000111110033333333333333333333333333333333400
000000000100000000001111110033333333333333333333333333333333000
000011000000000000000010004444444444444400000000010333333333333333333333333333333000110000
000010000000000000000010004444444444444000000000110333333333333333333333333333333001100000
000010000000000000000010004444444444444000000000113333333333333333333333333333330001100000
000000000110000000000111111033333333333333333333333333333333300
000000000100000000000111110033333333333333333333333333333333400
000000000100000000001111110033333333333333333333333333333333000
000000000111110000000000010000111103333333333333333340000000000
000000000111110000000000100001111103333333333333333300000000000
000000000111110000000000000001111103333333333333333000000000000
111111111100033333333333333333333311114411
111111111100033333333333333333333311114411
111111111100033333333333333333333311114111
00000000333333333333333333333333311
00000003333333333333333333333333311
00000003333333333333333333333333311
0000003333333333333333333311
0000033333333333333333333314
0000033333333333333333333314
11110000000000333333333333333333311
11110000000033333333333333333333311
11100000000003333333333333333333311
0000111111110011001103333333333333333331000000000
0001111111110000001133333333333333333330000010001
0001101111110000001133333333333333333330000000001
000010000000011111333333333333333333333010
000010100000011111333333333333333333333100
000100100000111113333333333333333333333100
01110000011111333333333333330010110
11110000011113333333333333330100110
11111000111113333333333333330101110
111111133333333333333333333333011101000000
111111133333333333333333333333011100000000
111111133333333333333333333330011000000000
000011110000003333333333333333333333333333333000000000
000111110000003333333333333333333333333333333000000000
100001110000003333333333333333333333333333333000000000
111100003333333333333333333333333333333330000
111100033333333333333333333333333333333330000
101000033333333333333333333333333333333330000
000000000111111110000333333333333333333333333000000000
000000001101111100000333333333333333333333333000000000
000000001101111000003333333333333333333333333000000000
000000000000000333033333333333333333333300000000000000
000000000000000333333333333333333333333300000000000000
000000000000003333333333333333333333333300000000000000
0110000000000000001100111110001100000000000001111110000000001110000110333333333333333333333333333333333333333333333333333333330000000
0110000000000000001100111110011100000000000001111100000000001110000113333333333333333333333333333333333333333333333333333333330000000
0110000000000000011100111100011100000000000001111100000000001100001103333333333333333333333333333333333333333333333333333333300000000
0000000000000000000111111000000000000000000000000000000000001100114433333333333333333333333333333333333333333333333333333333333333310
0000000000000000000111111100000000000000000000000000000000001101144433333333333333333333333333333333333333333333333333333333333333310
0000000000000000000111110000000000000000000000000000000000001101144433333333333333333333333333333333333333333333333333333333333333300
0000000000000000100000000000000000100000000010000000000000000000110000000011001100033333333333333333333333333333333333333333333330000
0000000000000000100000000000000000100000000010000000000000000000110000000110001100333333333333333333333333333333333333333333333300000
0000000000000000100000000000000000000000000110000000000000000000110000000110011000333333333333333333333333333333333333333333333300000
0000011000000000000000000000000000000000000000000000000000000000333333333333333333333333333333333333333333333333333333333333000011100
0000010000000000001100000000000000000000000000000000000001000000333333333333333333333333333333333333333333333333333333333333000011100
0000010000000000001100000000000000000000000000000000000001000000333333333333333333333333333333333333333333333333333333333330000111100
0000000000000000000003333333333333333000000000000
0000000000000000000003333333333333333000000000000
0000000000000000000003333333333333333000000000000
4000000000000000003333333333333333333333330000000
4000000000000000003333333333333333333333330000000
4000000000000000003333333333333333333333330000000
400000010000000000003333333333333331111111000000
400000010000000000003333333333333331111111000000
000000100000001000033333333333333331111111000000
0000000000001033333333333333333333333333000000000
0000000000011033333333333333333333333330100000000
0000000000010333333333333333333333333330000000000
000000000000000000000100000000000000001033333333333333333333330000000000004444444444
000000000000000000000100000000000000011033333333333333333333330000000000004444444444
000000000000000000000100000000000000010033333333333333333333330000000000044444444444
000000000001000000000000000000000003333333333333333333444444444
000000000000000000000000000000000000333333333333333333444444444
000000000000000000000000000000000000333333333333333333444444444
0000000000001100000100000000001103333333333333333333333300000044444444
0000000000001000000100000000011103333333033333333333333000000044444444
0000000000001000000100000000011033333333033333333333333000000044444444
33333333333333333000001000004444444
33333333333333330000000001004444444
33333333333333330000000001004444444
3333333333333330000000100
3333333333333330000000000
3333333333333300000000000
10133333333333300000
11133333333333300000
10133333333333300000
0000003333333333333333333
0000003333333333333333333
1000003333333333333333333
01111333333333333330
11111333333333333300
11111333333333333301
111001100011101111333333333333333333333333
111011100011001111333333333333333333333333
110011100011001113333333333333333333333331
000000011113333333333333333333333333100000
000000011103333333333333333333333333100000
000000111113333333333333333333333333100001
000000000000001113333333333333333333333330
000000000000001103333333333333333333333330
000000000000001103333333333333333333333310
000000100000011333333333333333333333333331
000000100000011333333333333333333333333331
000000100000111333333333333333333333333311
0000000000044440000000333333333001104444444441000
0000000000044400000000333333330000004444444440000
0000000000444400000003333333330011144444444410000
000000011000000000003333333333333301110110
000000010010000000033333333333333311111000
000000000100000000033333333333333001111100
144440010000333333333333333333311300044441
444400110003333333333333333333311300144441
444400100000333333333333333333013400444441
00003333333333333333333333333111111
00033333333333333333333333330111111
00033333333333333333333333330111111
010000010000003333333333333333333333333333333
100000001000033333333333333333333333333333333
100001011000003333333333333333333333333333333
000000000000013333333333333333333333000000000
000000000000033333333333333333333333000000000
000000000000133333333333333333333334000000000
00000000000010333333333333333333333
00000000000010333333333333333333333
00000000000000033333333333333333333
000000013333333333333
000000013333333333333
000000033333333333333
000000000000000000000110000000333333333333
000000000000000000000110000003333333333333
000000000000000000000100000003333333333333
0110000000000000011000100033333333333333333333000
0110000000000000010000100033333333333333333330000
1100000000000000010001000333333333333333333330000
0010000000000000000000110003333333333333333333333
0110000000000000000000100003333333333333333333333
0100000000000000000000100033333333333333333333333
00000010000000000000001003333333333333333333333330001100
00000010000000000000001033333333333333333333333330001100
00000110000000000000011033333333333333333333333330001000
000000000000000000000000000000000003333333333333333333333333110
000000000000000000000000000000000003333333333333333333333330000
000000000000000000001000000000000003333333333333333333333330001
000110011001101000000000000000000033333333333333333333333333001
000100010001001000000000000000000033333333333333333333333333000
000100010001001000001000000000000333333333333333333333333333000
000000000011001000010010000100100001033333333333333333333001001
000000000010001000010010000001100000033333333333333333333001011
000000000010001000110000001001000000033333333333333333330001010
10000010100010001000011000001333333333333333333330033100
10010000100010001000011000001333333333333333333330033100
00000001000010011000000000000333333333333333333330031000
110000000000000000000000000000000000003333333333333000000000000
000000000000000000000000000000000000000333333333333000000000000
000000000000000000000000000000000000003333333333330000000000000
000000000000000110000000000000003333333333333333333333333333333333300001
000000000000000110000000000000003333333333333333333333333333333333000011
000000000000000100000000000000003333333333333333333333333333333333000011
000000010000000000000001011100000000333333333333333333333333333
000000010000000000000001111000000001333333333333333333333333333
000000100000000000000001111100100001333333333333333333333333333
000000000000000000000000033333333333333333333333333333333333311
001000000000000000000000033333333333333333333333333333333333310
000000000100000000000000033333333333333333333333333333333333110
333333333333333333333333333333333333000111111
333333333333333333333333333333333333000011101
333333333333333333333333333333333333000011101
333333333333333333333333333333333333333300000
333333333333333333333333333333333333333000000
333333333333333333333333333333333333333000000
100000000000010000011333333333333333333333333
100000000000100000111333333333333333333333333
000000000000100000113333333333333333333333333
333333333333333333333333333333333333000000111
333333333333333333333333333333333333000001111
333333333333333333333333333333333333000001111
100011033333333333333333333333333333333333333333333333333333333333333333
000010033333333333333333333333333333333333333333333333333333333333333333
000010333333333333333333333333333333333333333333333333333333333333333333
110001133333333333333333333333333333333333333333333333333333333333333333
101001033333333333333333333333333333333333333333333333333333333333333333
101000033333333333333333333333333333333333333333333333333333333333333333
444444400101013333333333333333333333333333333333333333333310001000010010
444444000100133333333333333333333333333333333333333333333010001000010010
444444000010033333333333333333333333333333333333333333333100001000010000
000100101333333333333333333333333333333333300000100000100001000
000100100333333333333333333333333333333333100100100000100001000
001100010333333333333333333333333333333331100101000000100000000
00000101000000333333333333333333333333333333333333333333333333333310000000000
00000100000003333333333333333333333333333333333333333333333333333000000000000
00000000000003333333333333333333333333333333333333333333333333333010000000000
000000000010100033333333333333333333333333333333333333333333333333333333333330000000
000000000001100333333333333333333333333333333333333333333333333333333333333330000000
000000000011000333333333333333333333333333333333333333333333333333333333333330000000
0000000111333333333333333333333333100000000000000
0000000110333333333333333333333333100000000000000
0000001113333333333333333333333331000000010000000
0000000333333333333333333330000033300000000000000
0000003333333333333333333300011033300000000000000
0000003333333333333333333300010333300000010000000
00011144444444411110000003333333333333333333333330110444
00011144444444111110100033333333333333333333333300114444
00011044444444111100000033333333333333333333333301014444
000111111111110033333333333333333333311444444111
001111111111110033333333333333333333311444444011
001111110111110033333333333333333333314444441111
00000001111111010011111110003333333333333333300001111001
00000001111111110111111100003333333333333333100001110001
00000001111111000111111100003333333333333333100011100001
1001011111111111133333333333300111111111110011111
1010011011111111333333333333300011111111100011111
0100011111111111333333333333100111111111100011111
1000000001111111111114444444444444441111111111111111144441333333333333333333333333333333333333333333333333333333333331011111111100100
1000000011111111111114444444444444411111111111111111144443133333333333333333333333333333333333333333333333333333333331011111111100010
0000000011111111111144444444444444411101111111111111144443133333333333333333333333333333333333333333333333333333333331011111111100000
0000111000000111114111111111111100000220000333333333333333333333333333333333333333333333333333333333333333333333330111110100000000000
0010110000000111114111111111111100000020003333333333333333333333333333333333333333333333333333333333333333333333331111110100100000000
0001110000001111114111111111111000000020003433333333333333333333333333333333333333333333333333333333333333333333331111101010000000000
1111111100000000000000100011100110011111444444334331333333333333333333333333333333333333333333333333333333333333330000000001100000000
1111111000000000000000101101100110011111444443343333333333333333333333333333333333333333333333333333333333333333330000000001000001100
1111111000000000000001000101010100011114444443344313333333333333333333333333333333333333333333333333333333333333330000000001000001000
0000111141111000000000000000443333333433333333333333333333333333333333333333333333333333333333333311000000000000000000000000000000000
0000111441110000000000000000443333333433333333333333333333333333333333333333333333333333333333333310000000000000000000000000000000000
0001111411110000000000000000433333433333333333333333333333333333333333333333333333333333333333333310000000000000000000000000000000000
00000000001000010000000001111110100000333333333333333333333333333333333333333
00000000001000010000000001114111000003333333333333333333333333333333333333333
00000000000000000000000001111111000003333333333333333333333333333333333333333
10010000000000000000000000000001333333333333330333333333
00010000000000000000100000000001333333333333330333333333
01000000000000000000100000000003333333333333333303333333
00001000001100000000000000000033333333333333333333333333
00000000001100000100000010000330333333333333333333333333
00000000001100000000000010000330333333333333333333333333
0100000000000000000000001100000001000000000000000
0000000000000000000000001000000000000000000000000
0000000000000100000030001000000000000000000000100
000000100000000444444444444444441133333333333333333333333333333
000000100000004444444444444444441133333333333333333333333333333
000000100000014444444444444444441133333333333333333333333333333
1111444444444444444444444410333333333333333333333
1111444444444444444444444400333333333333333333333
1111444444444444444444444100333333333333333333333
00111000000000111114444444403333333333333333333333333333
00110000000100101144444444103333333333333333333333333333
00110000001101111144444444103333333333333333333333333333
00010100000000100001000000000001333333333333333333333333
00011100000001000000000000000003333333333333333333333333
10111100000001000000000000000003333333333333333333333333
1111013333333333333333333333
1111033333333333333333333331
1111033333333333333333333331
333333333333333333111
333333333333333333111
333333333333333331111
000000011111110000010001033333333333333333333333333333330000000
000000011111100000010010033333333333333333333333333333300000100
000000011111100000010010033333333333333333333333333333300000100
0010000000000010000000010333333333333333333333333333333333333330100100
0000000000100010010010101333333333333333333333333333333333333301001000
0110000000100010010010101333333333333333333333333333333333333301001000
00000111111111111111333333333333333333333333301100010000
00001111111111111110333333333333333333333333301100000000
00001111111111111110333333333333333333333333101100100000
00000000010010133333333333333333333333333333333011001100
00000000100100133333333333333333333333333333333001001101
00000000100100033333333333333333333333333333333000001001
001000000100000000033333333333333333333333333333330000
001000000100000000033333333333333333333333333333300000
001000000100000000033333333333333333333333333333300000
000000333333333333333333333333333333333333333000000110
000000333333333333333333333333333333333333333000000110
000000333333333333333333333333333333333333333000000100
000000000000333333333333333333333333333333333333310000
000000000000333333333333333333333333333333333333310000
000000000003333333333333333333333333333333333333110000
000011000000010011111144440000001333333333333333333333333333333
000110000000010011111444440000003333333333333333333333333333333
000110000000110011111444400000003333333333333333333333333333333
1000000000000011111100000003333333333333333333333
1000000000000011111000000103333333333333333333333
1000000000000011111000000133333333333333333333333
10000000000000111111111111111111000333333333333333333334
10000000000000111111111111111111000333033303333333333144
00000000000000111111111111111110000333330303333333333344
444444444444444444444444033333333333333333111111
444444444444444444444440033333333333333333011111
444444444444444444444440033333333333333330111111
0000000000001000000000000000000000010000011100000100000000000333333333333333333333333333333333333331333333333333333330000000000000001
0000000000001000000000000000000000000000011000000000000100000333333333333333333333333333333333333331333333333333333330000000000001011
0000000000000000000000000000000000000000111000001000000000000333333333333333333333333333333333333333333333333333333300000000000001010
0000110000020001112000002222202022122111033333333333333333333333333333333333333333333333333333333333343333343333334441001100100000303
0000100000000001102000011220002011221111033333333333333333333333333333333333333333333333333333333333343333343333334440001000110003333
0000100000200011100000011220222222221111333333333333333333333333333333333333333333333333333333333333333333333333344410000000010003033
1111011100000000101110444444444444444000000014444444440100000111333333333333333444444444444444333333333333333333333333344444444444444
1110011111000000101104444444444444440000000114444444440000100111333333333333313444444444444444333333333333333333333334344444444444444
1010011101000000001104444444444444440000000114444444441000100113333333333333314444444444444444433333333333333333333334444444444444444
4444444444444444444444444444444444000000000033333333333333333333333333333333333333333333333333333333333333333333333333444444444444444
4444444444444444444444444444444444000000000033333333333333333333333343333333333333333333333333333333333333333333333333441444444444444
4444444444444444444444444444444440000000000033333333333333333333333343333333333333333333333333333333333333333333333333444444444444444
0000000000011111000000000000001110000000000000000011100000000000000011110010003031000000000033333333333333333333333333333333300000000
0000000000011111000000000000001100000000000000000011100000000000000011110000003331000000000133333333333333333333333333333333300000000
0000000000111111000000000000011100000000000000000011000000000000000111000000000311000000000133333333333333333333333333333333000000000
1000000001110000000000001000111000000000000000000000001100000000011100333333333333333333333333333333333330000000010000100000000000000
1000000001100000000000000000111010000000000000000000001000000000111100333333333333333333333333333333333333000010110000000000000000000
1000000011100000000000010001111000000000000000000000001000000000001003333333333333333333333333333333333330000010110000000000000000000
0000100000000000000000000000000000000000111100000000000011103333333013100333333333333333333333300000011110000000000011110000000000000
0000100000000000000000000000000000000000111000000000000111003333330013303333333333333333333333300000011100000000000111100000000000000
0000000000000000000000000000000000000000111000000000001111033333300111303333333333333333333333300000011100000000000111100000000000000
0000000000000001110000000000000000000000001100000000000000100333333333333333333333333333333333333000000001111000000000000000001100000
0000000000000001110000000000000000000000011110000000000000100333333333333333333333333333333333333000000011110000000000000000011100000
0000000000000011110000000000000000000000011100000000000001100333333333333333333333333333333333333000000011110000000000000000011100000
000000333333333333333333333333333302
000030333333333333333333333333333322
000030333333333333333333333333333322
0000000000000103333333333333
0000000000000103333333333333
0000000000001133333333333333
111110000333333333333333333333333333333333333333333330
111110000333333333333333333333333333333333333333333300
111100000333333333333333333333333333333333333333333300
000000033333333333333
000000333333333333333
000000333333333333333
110000100000100010000000100333333333333333333333333333333100000
100001000000100010000000100333333333333333333333333333333100000
100001000001000010000000000333333333333333333333333333333100000
3333333000000111001000000100000000133333333333333333333333333330000001
3333331000000111001000000100000000133333333333333333333333333330000001
3333331000001111000000000000000000033333333333333333333333333300000010
000000000000010000003333333333333333333333333333310000000000011
000000100000100000003333333333333333333333333333310000000000010
000000100000100000003333333333333333333333333333000000000000010
000010000001000000000000000001010000000033333333333333333333333
000010000010000001000000000011000000000333333333333333333333333
000100000010000001000000000010100000000333333333333333333333333
00000000000000333333333333333331000
00000000010003333333333333333330000
00000000010003333333333333333330000
11010000001110010001333333333333333
11100000111100010001333333333333333
10000000011111000011333333333333333
000000001033333333333333333333
000000000033333333333333333333
000000010333333333333333333333
0000000010033333333333333
0000000110033333333333333
0000000100133333333333333
00000010000000444444411000001333333333333333333333333110
00000010000000444444001010000333333333333333333333331104
00000010000000444444000000010333333333333333333333331114
00000011044444404000033333333333333333333333344444444000
00100011044444414000033333333333333333333333344444440000
00000111444444000000333333333333333333333333344444440000
00000000004444444444044011013333333333333333333333333333
00000000014444444444140100003333333333333333333333333333
00000000004444444444140000103333333333333333333333333333
00011004444444444433333333333333333333333333334444000444
11101004444444444433333333333333333333333333344440000444
00011004444444444333333333333333333333333333344440000444
000000000111111110011001101333333333333333333333333333333333333333333111
000000000111111111110011111333333333333333333333333333333333333333333111
000000000111111100011011103333333333333333333333333333333333333333331111
001000011111100111000333333333333333333333333333333333333333333333333333411010000
011000111111100110100333333333333333333333333333333333333333333333333333110000000
110000011111101110003333333333333333333333333333333333333333333333333333110100000
000000000001010101100000100011101333333333333333333333333333333333333333333333333333333333
000000000001100011000000010111113333333333333333333333333333333333333333333333333333333333
000000000000100111001001000001103333333333333333333333333333333333333333333333333333333330
111100000111000000111333333333333333333333333333333333333333333333333333333011001
111100000011000000111333333333333333333333333333333333333333333333333333330100001
111000000010000000113333333333333333333333333333333333333333333333333333334110001
111100000111000000111333333333333333333333333333333333333333333333333333333011001
111100000011000000111333333333333333333333333333333333333333333333333333330100001
111000000010000000113333333333333333333333333333333333333333333333333333334110001
000000000111111110011001101333333333333333333333333333333333333333333111
000000000111111111110011111333333333333333333333333333333333333333333111
000000000111111100011011103333333333333333333333333333333333333333331111
001000011111100111000333333333333333333333333333333333333333333333333333411010000
011000111111100110100333333333333333333333333333333333333333333333333333110000000
110000011111101110003333333333333333333333333333333333333333333333333333110100000
111011110010001100101133333333333333333333333000111000110000010
110011110000011101011133333333333333333333333000111100010000110
110011110000011101011333333333333333333333333011110100110000100
100000011000010111333333333333333333333100111101000000010000000
100010011000110003333333333333333333333110111111001000000000000
100100011010111013333333333333333333334011111010011000000000000
11144111111111111003333333333333333333333333111111111111
11111111111111111033333333333333333333333331111111111111
14111411111111111033333333333333333333333331111111111111
111111111133333333333333333333333333311111
111111111133333333333333333333333333311111
111110111033333333333333333333333333311111
1111111111111113333333333333
1111111111111113333333333333
1111111111111113333333333333
11111111111133333333333333333333333
11111111111333333333333333333333333
11111111111333333333333333333333333
11001113333333333333333333311101100
11001113333333333333333333111101100
10011113333333333333333333111001000
000000100001101111111103333333333333333333
000001000001111111111003333333333333333333
000001000011001111111033333333333333333333
0011110011333333333333333310
1111110011333333333333333100
1111110011333333333333333100
1110000333333333333333333331
1110110333333333333333333331
1110000333333333333333333331
000333333333333333333333333333333333000000000
000333333333333333333333333333333333000000000
000333333333333333333333333333333330000000000
000000000000333300333033303330303333000000000
000000000100333303333303033333303033000000000
000000000003333333303333003303333003000000000
000000000001000003333333333333333333333330000
000000000001000003333333333333333333333330000
000000000000000033333333333333333333333300000
000000001000000000103333333333333333333333333333333110000000020
000000001000000001033333333333333333333333333333330100000000020
000000001000000001033333333333333333333333333333330100000000000
0000000000110000000000000000000000000000000000000000011000000333333333333333333333333333333333333333333333333333333300000000000000000
0000000000110000000000000000000000000000000000000000011000000333333333333333333333333333333333333333333333333333333300000000000000000
0000000001100000000000000000000000000000000000000000011000003333333333333333333333333333333333333333333333333333333000000000000000000
000000111000000000000000000000000000000000111144333333333333333333333333333333333333333333333333333333000001110000
000000111000000000000000000000000000000000111143333333333333333333333333333333333333333333333333333333000001110000
000000110000000000000000000000000000000000114143333333333333333333333333333333333333333333333333333330000001100000
0000000000000000100000000001110000011100000000111000000000000111011111111133333333333333333333333333333333333333333333333300011110000
0000000000000001100000000001010000011000001001111000000000000101111111111133333333333333333333333333333333333333333333333300011110011
0000000000000001100000000001000000011100000001110000000000000100111111111333333333333333333333333333333333333333333333333300011110001
00000000000044333333333333333333333333333333333333333333333333301000000000000011000000000111010
00000000000143343333333333333333333333333333333333333333333333300000000000000110000000000111110
00000000000143343333333333333333333333333333333333333333333333310000000000000110000000001110110
00000000110333311333333333333333333000000000000000000000
00000000103333011333333333333333333000000000000000000000
00000000103333013333333333333333333000000000000000000000
0000000000010011333333333333333333333300000000000
0000000000110011333333333333333333333300000000000
0000000000110011333333333333333333333300000000000
0000000001100011100000003333333333310000000000000
0000000001100011100000003333333333310000000000000
0000000011100011000000033333333333300000000000000
4000001000333333333333333333333333330000000000000
4000001000333333333333333333333333300000000000000
0000000003333333333333333333333333300000000000000
0000010001011333333300000000000000000000011100000
0000000001013333333300000000000000000000011100000
0000000000013333333000000000000000000000001100000
0000000000000000100000000010000010033333333330001333300001000014444444
0000000000000001000000000000000010033333333300000333000000000014444444
0000000000000001000000000000000100033333333300000333000000000004444444
0000000000000000000000000000001333333333333333333300011110044444444444
0000000000000000100000000001003333333333333333333000011010444444444444
0000000000000000100000000001103333333333333333333000111011444444444444
0000000000000100000000000000000010033333333333333333300001000444444444
0000000000000000000000000000000010033333333333333333000000000444444444
0000000000001000000000000000000100033333333333333331000000000444444444
000000000000000000000000000000003333333333333333300001144444444
000000000000000000000000000000003333333333333333300001144444444
000000000000000000000000000000003333333333333333300011444444444
113333333333333
133333333333333
133333333333333
00000333333333333010
00000333333333330000
01100333333333330000
01010333333333330000
01010333333333330000
00003333333333330000
00013333333333333000
00013333333333330000
00003333333333330000
000000000000111333333333333333333333333311
000000000000111333333333333333333333333310
000000000001110333333333333333333333333310
000011333333333333333333333333333330000000
000013333333333333333333333333333330000000
000013333333333333333333333333333330000000
000000011100001003333333333333333333300000
000000011100011003333333333333333333000000
000000011000011033333333333333333333000000
000000000111111113333333333333333333333333
000000000111111133333333333333333333333333
000000000111111133333333333333333333333333
00000000000033333333333333333333333
00000000000333333333333333333333333
00000000000333333333333333333333333
00000000333333333333333333333333333
00000000333333333333333333333333333
00000003333333333333333333333333333
11444443333333333333333333334444400
11444443333333333333333333344444100
14444443333333333333333333444444000
00000444433333333333333333333344444
00014444333333333333333333333444444
00004444333333333333333333333444444
013333333333333333333333333310000001000000
103333333333333333333333333310000001000000
103333333333333333333333333310000001100000
00033333333333333333333333333300100
00333333333333333333333333333300000
04333333333333333333333333333301000
00000010033330333333333333330000000
00000010333333333333333333330000000
10000000333333333333333333330000000
010000000000000104133333333333333333333333
010000000000004040443333333333333333333333
000000000000004041333333333333333333333333
000010000010000000010000000000100001033333333333333333333310000
000000000010000000010000000000100001033333333333333333333300000
000000000100000000100000000000100001333333333333333333333300000
000000013333333333333333333333333330000000
000000033333333333333333333333333300000000
000000033333333333333333333333333300000000
000000010013333333333333333333333000000000
000000010013333333333333333333333000000000
000000010013333333333333333333333000000000
00000001033333333333333333333300011
00000000033333333333333333333000010
00000000333333333333333333333000010
10000000000000033333333333333333333300000000000000000000
10000000000000033333333333333333333000000000000010000000
10000000000000033333333333333333333000000000000010000000
0000000000333333333333333333333340000000000000100
0000000000333333333333333333333000000000000001100
0000000000333333333333333333333000000000000001100
000000000000001033333333333333333333333000
000000000000011033333333333333333333330000
000000000000010333333333333333333333330000
111111111113333333333333333333333333333300110000011100000000000
111111111113333333333333333333333333333041110000011100000000000
111111111113333333333333333333333333333041110000011100000000000
101000100101111011000000000000033333333333333333333333333331000
000000100100111010000000000000033333333333333333333333333331000
010001100011010010000000000000333333333333333333333333333301000
000000000000000011001013333333333333333333333333333333333330100
000000000000000010010133333333333333333333333333333333333330100
000000000000000010000033333333333333333333333333333333333301000
444444444044004444444444404000400000000333333333333333333333333333333333333000000
444444444040044444444444004000000000000333333333333333333333333333333333333000000
444444444440044444444444040000000000000333333333333333333333333333333333330000000
000000000033333333333333333333333333333333333333333333
000000000333333333333333333333333333333333333333333333
000000000333333333333333333333333333333333333333333330
4444444444444444444444444444444441111333333333333333333333333333333333333333333333333333333333333333333333333333333333333333333111111
4444444444444444444444444444444441113333333333333333333333333333333333333333333333333333333333333333333333333333333333333333333111111
4444444444444444444444444444444441113333333333333333333333333333333333333333333333333333333333333333333333333333333333333333331111111
1144444444444444111111100033333333333330000000000111133330333333333333333333333333333330000333300000000000000000003330000013333333331
1444444444444444111111101033333333333330000000030111133330333333333333333333333333333300000333300000000000000000003330000013333333331
1444444444444444111111101333333333333300000000331111333333333333333333333333333333333300000333300000000000000000033330000013333333331
1111011111033333333333333333333333333333333333333333300300000001101111110100111111111111333333333333333331111111114444444444444444444
1111010110033133333333333333333333333333333333333333330300000001101111010100111011111110333333333333333331111111114444444444444444444
1111110110333133333333333333333333333333333333333333033300000001101111000000111011111111333333333333333331111111114444444444444444444
00000020111111444444444444444444444444444444444411133333333333333333333333333333333333333333333333333333333333331121111100111144414441111111110000000000
00000200111111444444444444444444444444444444444411133333333333333333333333333333333333333333333333333333333333331121111101111144444441111111100000000000
00000000211111444444444444444444444444444444444410333333333333333333333333333333333333333333333333333333333333311111111101111141144411111111100000000000
44444444444444444444444444444444444444444444400044443334440003333333333333333333333333333333333333333333333333333333333333333333333333333333333333333333
44444444444444444444444444444444444444444444400444433344440003333333333333333333333333333333333333333333333333333333333333333333333333333333333333333333
44444444444444444444444444444444444444444444000444433343403333333333333333333333333333333333333333333333333333333333333333333333333333333333333333333333
33333333333333333333333333333333333333333333333333333333333333333333333333333333333333333333333333333333333333333333333333333333333333333333333000000011
33333333333333333333333333333333333333333333333333333333333333333333333333333333333333333333333333333333333333333333333333333333333333333333333000000011
33333333333333333333333333333333333333333333333333333333333333333333333333333333333333333333333333333333333333333333333333333333333333333333333000000111
333333333333333333333333333333333333333333333333333333333333333333333333333333333333333333333333333333333333333333
333333333333333333333333333333333333333333333333333333333333333333333333333333333333333333333333333333333333333333
333333333333333333333333333333333333333333333333333333333333333333333333333333333333333333333333333333333333333333
0000333333333333333333333333333333333333333333333333333333333333333333333333333333333333333333333333333333333333333333333333333333333
0003333333333333333333333333333333333333333333333333333333333333333333333333333333333333333333333333333333333333333333333333333333333
0003333333333333333333333333333333333333333333333333333333333333333333333333333333333333333333333333333333333333333333333333333333333
00000000000100444444444400410000001000434343333333333333333333333333333300000
00000000000100444444444410000000000000334344333333333333333333333333333300000
00000000001111444444444440100000010001333344333333333333333333333333333300000
0000000000000433333333333333333333333333333333333
0000000100000433333333333333333333333333333333333
0000000000000433333333333333333333333333333333333
0000000000000433333333333333333333333333333333311
0000000000004033333333333333333333333333333333310
0000000000004033333333333333333333333333333333110
00000033333333333333333333333333333333333333300000000000
00000333333333333333333333333333333333333333300000000000
00000333333333333333333333333333333333333333300000000000
000011111111444444410003333333333333333333110144444444
000011111114444444400003333333333333333333101144444444
000011111114444444400003333333333333333333101444444444
00000101444411011033333333333333333333333114444444444110
00000114444411101333333333333333333333330014444444444110
00000114444111110333333333333333333333330044444444444000
00001110004444000000033333333333333333333333333333111114
00001110004444010000333333333333333333333333333333111104
00011110044444000000333333333333333333333333333333111104
010101011133333333333333333333333333110101110011111110
100001011133333333333333333333333333101011101111110010
101011011133333333333333333333333333100111110111110110
000000000333333333333333333333333333333333333333333333333333333333333300111001100000001000
000000000333333333333333333333333333333333333333333333333333333333333300000001100000001000
000000000333333333333333333333333333333333333333333333333333333333333000111001000000001000
0000000000001133333333333333333333333333333333333333333333333333333333333333333333333333333333333333333333333333333333333331000000000
0000000000011133333333333333333333333333333333333333333333333333333333333333300333333333333333333333333333333333333333333331000000000
0000000000011133333333333333333333333333333333333333333333333333333333333333303333333333333333333333333333333333333333333311000000000
0000000000000000000000033333333333333333333333333333333333333333333333333333333333333333333333333333333333333333333333333333333333333
0000000000000000000000333333333333333333333333333333333333333333333333333333333333333333333333333333333333333333333333333333333333333
0000000000000000000000333333333333333333333333333333333333333333333333333333333333333333333333333333333333333333333333333333333333333
0000000000000000000000000110000003333333333333333333333333333333333333333333333333333333333333333333333333333333333333333333000000000
0000000000000000000000000110000033333333333333333333333333333333333333333333333333333333333333333333333333333333333333333330000000000
0000000000000000000000000100000033333333333333333333333333333333333333333333333333333333333333333333333333333333333333333330000000000
000000000000000000000000000000033333333333333333333333333333333333333333333333333333333333333333333333333333333333
000000000000000000000000000000033333333333333333333333333333333333333333333333333333333333333333333333333333333333
000000000000000000000000000000033333333333333333333333333333333333333333333333333333333333333333333333333333333333
00001111111111111111133333333333333
00001111111111111111133333333333333
00011111111111111111133333333333333
00100111111003333333333333333333333333331111111101010111
01101111111003333333333333333333333333331111111100010111
01001111110013333333333333333333333333331111111000101111
000000000000000110000333333333333333333333
000000000000001110000333333333333333333333
000000000000001100000333333333333333333333
000000010011103333333333333333333333331000
000000000011100333333333333333333333330000
000000100111103333333333333333333333310000
00000011111033333333333333333333333
00001111111333333333333333333333333
00000101011333333333333333333333333
000000000000003333333333333333333333333000
000000000000013333333333333333333333333000
000000000000111333333333333333333333330000
0011111000001444444444444433333333333333333333333
0111000011014444444444444033333333333333333333333
0111100010114444444444440333333333333333333333333
0011000000000000100333333333333333333333333333333
0001000000000011003333333333333333333333333333333
0001000000000011003333333333333333333333333333333
00000100000104444444440000010333333333333333333333333333
00001100000114444444410000003333333333333333333333333333
00001100000004444444400000003333333333333333333333333333
044444444444440000101010011033333333333333333333333333333333444
044444444444444000001110010034333333333333333333333333330333444
144444444444444001010110110131333333333333333333333333333333444
44444444400000001101010000001333333011000000100010000000
44444444000000000110010000003333333001000000000110000000
44444444000000010010010000113333333011000001001100000000
10000000000100011114444411333333033330041444444400000001
00000000000000011144444414333333333331044444444400000010
00000000111010144144444443333330333300444444444000001000
444010000000010101033333000000000000000000
444010000000011010333333000000000000000000
440000000000011110333330000000000000000000
00100000000000000001110403333333110444444111000000010000
00100000000001000000100404333333101444444110000000111000
01000000000000000100144434333331104444440010000000111000
000000000000003333333333333333333333333333333333333333333333333333333333111111100000000100000000000010000000
000000000000003333333333333333333333333333333333333333333333333333333333111111100000000100000000000010000000
000001000000033333333333333333333333333333333333333333333333333333333333111111100000001000000000000100000000
111100011111111111100133333333333333333333
111100011111111111101133333333333333333333
111000111111111111101333333333333333333333
1111011000333333333333333333
1110110003333333333333333333
1110110003333333333333333333
00100010100011111110000010001014433333333333330000010000
00000001100010111010000011000114433333333333330000030000
01100101000010111100001010000114433333333333300000030011
0100010410414444400011114333333333333333333304410
1000010410444444010001114333333333333333333304400
1100110404144044010101003333333333333333333404400
100100010011001111000100110011100100110103333333333333104100001
000000000010001111000000110011100101113003333333333333114000001
001100000010001111000001110111000001110003333333333330110000011
0104441000100143333333333333333333331101000100000
0100410001000133333333333333333333334001000000000
0004400001001133333333333333333333331001100000000
000000111014410000000110033333333333333333333333333333333400001
000000110114100000000100033333333333333333333333333333333000001
000001111014110000000100033333333333333333333333333333330000011
00001101110100001100333333333333333333333333334401120000
00001100111001011103303333333333333333333333334100100000
00001001110000011103333333333333333333333333334041000000
00011110000110000000033333333333333333333300033000001000
00011011000112010000033333333333333333333300133001001001
00111111000001010000033333333333333333333300333010000001
444000000000000000000000000033333333333333333333333333333333333333333333000000000
440000000000000000000000000333333333333333333333333333333333333333333333000000000
440000000000000000000020000333333333333333333333333333333333333333333333000000000
000000011110101111111100033333333333333333333333333333
000000011100111111110100333333333333333333333333333333
000000111100111111110100333333333333333333333333333333
000110000000000000333333333333333333333333300000
001100000000000003333333333333333333333333300000
001100000000000003333333333333333333333333000000
00011000000000000000000001000000000003333333333333333333
00111000000000000000000000010000000003333333333333333331
00111000000000000000000010110000000003333333333333333331
000000000000000000000000033333333333333333000000
000000000000000000000000033333333333333333000000
000000000000000000000000033333333333333333000000
0011111100000000000000011110000000000000000000011111111111101111100333333333333333333333333333333333333333333333330000001111000000000
0011111000000000000000011110000000000000000000011111111111111111003333333333333333333333333333333333333333333333330000011110000000000
0011111000000000000000011110000000000000000000111111111111011111003333333333333333333333333333333333333333333333300000011100000000000
0111033033144443333333333333333333333333
0111030033144443333333333333333333333333
0111330331144443333333333333333333333330
000000033333333333333333333333000000
000000033333333333333333333333000000
000000033333333333333333333330000000
033333333333333333333333333333333333
033333333333333333333333333333333333
333333333333333333333333333333333333
000000000000000000113333333333333333333333333333333333331100000
000000000000000000103333333333333333333333333333333333330000000
000000000000000000103333333333333333333333333333333333311000000
33333333333333333333333333333333333333333333333333333333333333333333333333333333333333333333333333333333333333333333333333333333333333300000200011100000
33333333333333333333333333333333333333333333333333333333333333333333333333333333333333333333333333333333333333333333333333333333333333300000000011000000
33333333333333333333333333333333333333333333333333333333333333333333333333333333333333333333333333333333333333333333333333333333333333300000000111000000
3333333333333333333333333333333333333333333333333333333333333333333333333333333333333333333333333333333333333333333333333333000000000
3333333333333333333333333333333333333333333333333333333333333333333333333333333333333333333333333333333333333333333333333330000000000
3333333333333333333333333333333333333333333333333333333333333333333333333333333333333333333333333333333333333333333333333330000000000
3333333333333333333333333333333333333333333333333333333333333333333333333333333333333333333333333333333333333333333333333333333333333
3333333333333333333333333333333333333333333333333333333333333333333333333333333333333333333333333333333333333333333333333333333333333
3333333333333333333333333333333333333333333333333333333333333333333333333333333333333333333333333333333333333333333333333333333333333
0000000001011111111333333333333333333333333333333333333333333333333333333333333333333333333333333333333333333333333333333333333333333
0000000000111111111333333333333333333333333333333333333333333333333333333333333333333333333333333333333333333333333333333333333333333
0000000000111111111333333333333333333333333333333333333333333333333333333333333333333333333333333333333333333333333333333333333333333
110111000110000001333333333333333333333333333333333333333333331111111111111111111111111111101000000000000000
111110001410000001333333333333333333333333333333333333333333331111111111111111111111111111101001100000000000
111110000100000013333333333333333333333333333333333333333333331111111111111111111111111111111001000000000000
111110000001010100010000033333333333333333333333333333333333333333333333111111111111111001111111111
111100000001000100111000333333333333333333333333333333333333333333333333111111111111110001111111111
111100000010011100101000333333333333333333333333333333333333333333333333111101111111110011111111111
000000000000000000033333333333333333333333333333333333333333333333333333333333333333333333
000000000000000000033333333333333333333333333333333333333333333333333333333333333333333333
000000000000000000333333333333333333333333333333333333333333333333333333333333333333333333
000000000000000010000000001033333333333333333333333333333333333000011100001111000000000000000010100
000000000000000010000000001333333333333333333333333333333333333000011000011110000000000000000110100
000000000000000010000000010333333333333333333333333333333333330000011000011110000000000000000101100
011000000011000011444441110000000003300444444441033333333333333333333333333000000000000000
011000000010000011444441110000000013310444444310333333333333333333333333330000000000000000
110000000110000111444441110000000010014444444410333333333333333333333333330000000000000000
333333333333333333333333333333333333333333333333333333333333333333333100
333333333333333333333333333333333333333333333333333333333333333333333100
333333333333333333333333333333333333333333333333333333333333333333331010
010000011010000133333333333333333333333333333333333333343433333333333333333333333011111110011000110
000000011010000133333333333333333333333333333333333333444333333333333333333333333111111010011000110
100000011001001313333333333333333333333333333333333334444333333333333333333333333111111110010000110
111111110010000001000014333333333333333333333333333333333333333333333333333100011444410000100110000
111111010100000001000001333333333333333333333333333333333333333333333333333100004444411000010100000
111111110110000001000110333333333333333333333333333333333333333333333333333400014444141011000100000
000111111110013333333333330303333013444444444444444443301100020000010000000000000110010000
000111111110033333333333331303333011444444444444444113311102000010010000000000000110010000
000111111110033333333333331300333010444444444444444133011000201000010000000000110110110002
133100100333333333333333333333333333333333333333333333333333333333333333333333333333000001000000000
031300100333333343333333333333333333333333333333333333333333333333333333333333333333110000000000000
331301001333333433333333333333333333333333333333333333333333333333333333333333333331100010000000000
111111000111111000003333333333333333333333333333333333333333333333330011111111111111111111
111111101111111000033333333333333333333333333333333333333333333333330111111111111111111111
111110001111110000033333333333333333333333333333333333333333333333330111111111111111111114
111111001000000111111113333333333333333333333333333333333333333333333333333333333333333333333311111
111111100000001111111133333333333333333333333333333333333333333333333333333333333333333333333311111
111110110000001111111113333333333333333333333333333333333333333333333333333333333333333333333111111
000444444444444401111000333333333333333333333333333333333333333333333333333333333333333333110111111
000044444444444411111000333333333333333333333333333333333333333333333333333333333333333333100111111
000444444444444411110003333333333333333333333333333333333333333333333333333333333333333333101111111
104444444410011011333333333333333333333333333330333333333333333333333333333333333333333333
140044444401111110333333333333333333333333333333333333333333333333333333333333333333333333
000444444400111113333333333333333333333333333303333333333333333333333333333333333333333333
