0001000000001000333333330000000000000000
0000000000001000333333330000000000000100
0010000000001000333333330000000000000100
00000000100000000100000013333333300000000000100000
00000001000000000000000013333333300000000000000000
10000001000000000000000013333333300000000001000000
000001000000000100000033333333000000000000000
000000000000000000000033333331000000000100000
000000000000000000000033333331000000000100000
0000000000000103330101100000033333333333000000000000100
0000000000000003331101100000133333333333000000000000100
0000000000001003301101110000333333333333000000000001100
0011111110000000001003333333300000000000001010001
0011111100000000000013333333300000000000000000001
0111111110000000010013333333300000000000100100011
0001010110110100101003333333333330000001010000101
0000001001111100111103333333333330000001010001100
0000101001111001110103333333333300000000110001111
000100100110000100100333333333000111111110
000100100111000100100333333333001101111111
001100101111001001100333333330000001111110
000000011111111001000011133333333333331110
010000011111100101000110333333333333331110
000000011111000001100101333333333333311010
000000000111110000000000010000111103333333333333333340000000000
000000000111110000000000100001111103333333333333333300000000000
000000000111110000000000000001111103333333333333333000000000000
000001111100000000001113333333333333333111000000000000
000011111000000000011113333333333333333111000000000000
000011111000000000011113333333333333333111000000000000
000001111100000000001113333333333333333111000000000000
000011111000000000011113333333333333333111000000000000
000011111000000000011113333333333333333111000000000000
1333333333333333333000001111
1333333333333333333000001111
1333333333333333333000001111
1111110000000003333333333333
1111111000000003333333333333
1111110000000033333333333333
0333333333333333100111111100
0333333333333333101111111100
0333333333333330001111111000
000333333333333311111
000333333333333311111
000333333333333311111
0010011000000111113330101110
0010011000000110033330001110
0110011000000111033330011100
000000333333333333300
000001333333333333300
000003333333333333300
110000033333333333111
111000033333333330110
111000033333333330110
000000033333333310000
000000033333333300000
000000333333333110000
000111110000033333333333333333300000000000000000000000
001111110000333333333333333333300000000000001000000000
001111010000333333333333333333000000000000000000000000
000000000000000033333333333333330000000000000000000000
000000000000000033303333333333330000000000000000000000
000000000000000033033333333333330000000000000000000000
000000000333333333333300000001000000000000000
000000000333333333333000000011000000000000000
000000001333333333333000000011000000000000000
000000000000000333333333333000000000000010000
000000000000000333333333333000000000000000000
000000000000000333333333333000000000000000000
00000000010000000011000011000000000000011000010033333333333333333333333333333333333333310000000
00000000110000000010000111000000000000110000110033333333333333333333333333333333333333010000000
00000000100000000110000111000000000000110000100333333333333333333333333333333333333333000000000
0011100000000000000000000000000000100000000000001100000000000000001100011333333333333333333333333333333333100000000000000000000011100
0011000000000000000000000000000001100000000000001100000000000000001100011333333333333333333333333333333331100000000000000000000011000
0111000000000000000000000000000001000000000000011000000000000000001100113333333333333333333333333333333331000000000000000000000111000
111011100001100000000000000000000000000000011000000111111333333333333333333333333333333333333333333300010111000000
111011000011000000000001000001000000000000011000001111111333333333333333333333333333333333333333333000010110000000
110111000011000000000001000001000000000000011000001111111333333333333333333333333333333333333333333000001110000000
1000001100000000000000111000000000000000000000011110000110000000100011110000011333333333333333333333333333333333333333333333330000000
1000001100000000000000111000000000000000000000011100001100000001100011100000011343333333333333333333333333333333333333333333330000000
1000011000000000000000110000000000000000000000011100001100000001100011100000011333333333333333333333333333333333333333333333300000000
1410000000000000103333333000111100000000000000011
1110000000000001003333330000111000000000000000011
4100000000000001033333330001111000000000000000111
0000000133333333330000000000000000001000000000000
0000000033333333300000000000000000000000000000000
0000000033333333300000000000000000001000000000000
0000011033333333310000001000000001000000000000100
0000011033333333111000000000000011000000000000100
0000010333333333010100000000000011000000000000100
0000000010000033333333300000000000000000000000000
0000000010000333333333000000000000000000000000000
0000000100000333333333010000000000000000000001000
00000000000000000000000000010000333333333333001000100000000000000000044444444
00000000000000000000000000110103333333333333000000100000000000000000444444444
00000000000010000000000000100103333333333333010001000000000000000000444444444
00000000000000000000000000000003333333333301111440110000000000000044444444444
00000000000000000000010100000033333333333311111440000000000000000044444444444
00000000000000000000000000000033333333333311111440000000000000000444444444444
0000000000010000000000000000003333333333333330000000000000044444444444
0000000000000000000000000001113333333333333300000000000000444444444444
0000000000100000000000000000133333333333333300000000000000444444444444
00000010000000000001100000044444000333333333000100000000000000004444444444444
00000000000000000001000000044444003333333333400100000000000000004444444444444
00000000000000000001000000044440003333333334400000000000100000004444444444444
333330000000000
333330100000000
333330000000000
000003333330000
000003333330000
000003333330000
000000000000333
000000000003333
000000000003333
000113330010100
000013331110100
000103330100110
000000000000100111123333332110000001111101
000000000001000111123333322110000000111101
000000000001001112233333322100000001111001
00000010011100333333300001110000000
00000010011100333333300001010000000
00000100111103333333300011110000000
01111110033333010000000001110000000
01111110333333100000000011110000000
11111110333333100000000011100000000
00000001133333333331110111111111101
00000011333333333331100111111111101
00000001333333333311011111111111011
000000000000000333303333330000144400000000
000000000000000333303333330000144400000000
000000000000003333033333300000144100000000
00111000000000333333330111111111100
00110000000003333333301111111111000
01110000000003333333301111111111000
11100000000000333333333001140441000
11100000000000333333333011110411000
11100000000000333333330011414411000
00000000003333333333111111111000000
00000000033333333330111111111000000
00000000033303333330111111110000000
000000000000333333333333333330001000000001111000000000
000001010000333333333333333330010000000001111000000000
000001010000333333333333333330010000000011111000000000
010000000001033333333333333333333333300001111111111000
000000000001033333333333333333333333340011111111110000
000000000000333333333333333333333333300010111111111000
000000000000133333333330000000000001111110
000000000001033333333300000010000001111100
000100000001333333333301000010000011111100
00000333333333333333333300000000000
00000333333333333333333340000000000
00103333333333333333333300000000000
001000000000000001100000000010333333333300
001000000000000001100000000000333333333301
011000000000000001000000000003333333333301
00100000000000000000000000033333333
01100000000000000000000000033333333
01000000000000000000000000333333333
00011100000000000003333333333330000
00011000000001000033333333333330000
00011000000001000033333333333300000
00100000010000010033333333333330100
00100000010000110033333333333331000
01100000110000110333333333333331000
001000000011001010000000110000001100003333333333333300110110011
010000000011000010010001100000001100003333333333333300110110010
010000000011010010000001100000001000003333333333333301110100110
01001010001001000011000000000000333333333301000010010000
10011000010011000010100000000000333333333301000110010001
10011000010010000100100000000003333333333300000100111001
00001000000000000000000000000000000003333333331100000111
00001100000000100000000000000000000033333333331000000010
00000000000001100000000000000000000033333333311001000110
1101000101100100000000000000333333333330000000000
1101000101100100000000000000333333333300000000000
1100000001000100000000000000333333333300010010000
000000000000000000011000000000000000000033333333333333333333333
000000000000000000011000000000000000100033333333333333333333333
000000000000000000010000000000000000000033333333333333333333333
000000000000000010003333333333333333
000000000000000100003333333333333333
000000000000000100033333333333333333
000000011111111111111111100333333333333333333
000000000111111111111111011333333333333333333
000000000111111111111111003333333333333333333
010000000000000000033333333333333333333331100
110000000000000000333333333333333333333331000
100000000000000000333333333333333333333310000
333333333333333333333333300
333333333333333333333333300
333333333333333333333333300
333333333333333010000000001
333333333333331000000000011
333333333333330000000000011
111333333333333333333333333110000001001111000
111333333333333333333333331100000011010111000
110333333333333333333333331100000010011110000
000000011333333333333333333333333101001111111
000000111333333333333333333333331101001111111
000000113333333333333333333333331100001111111
000010010333333333330001100000001000011000000000000000
000000010333333333310001000000001000011000000000000000
000110100333333333300001000000010000010000000000000000
010133333333333333110001000000000000000000000
010333333333333333100001000000000000000010000
100333333333333330100001000000000000000010000
000010001001001001001001333333333000100000001000000000
000100001011001010000010333333330000000000001000000001
000100010010010010010013333333330000000000011000000001
100100001010333333333330001000000100000100000
100100010010333333333300001010000100000100000
000100010103333333333300010100001000000100000
00000000000003333333333330000000000
00000000000003333333333330000000000
00000000000033333333333330000000000
000333333333310000100000000000000001000000
003333333333310000100000000000000001000000
003333333333000001000000010000000001000000
000000003333333333000000000000000000001000
000000003333333330000000000100000000011000
000000003333333330010000000100000000011000
10003333333333000001000000000001100
00003333333333001011000000000001100
10033333333333000110000000000001100
111000000000000000333333000001144444100000
011000000100000000333333000001044444100000
111000000100100103333333000011444444100000
000000000000333333333333331104444111100000
000000000000333333333333301104444111000000
000001000013333333333333311104444110000000
000000000011111111000100333333333333300001
000000000011111110000010333333333333311011
000000000011111110000000333333333333310111
010100111111111110003333333333000000000000
001000111111111110003333333333000000000000
101000111111111100003333333333100000000000
1000000000000000000000011000000000011111111111111100000000000003033333333333333333333333333333333333303333333333333333333300001111111
1000000000000000000000011000000000111111111111111000000000000003033333333333333333333333333333333333303333333333333333333000011111111
0000000000000000000000010000000000111111111111011000000000000000033333333333333333333333333333333333333333333333333333333000011111111
0000000000011111111100000000011101100111110000000000000010004443333333133333333333333333333333333011111011111100000000000000000000000
0000000000011111111100000000010101100110110000000000000010004433333333333333333333333333333333333011111011111100000000000000000000000
0000000000111111111000000000010011100110110000000000000010044433333331333333333333333333333333333111111111111000000000000000000000000
0011111111111000000000000000000000000333333333333333333333333000000000000000000000000000000000000000000000000000000000000000000000000
0111111111110000000000000000000000000333333333333333333333333000000000000000000000000000000000000000000000000000000000000000000000000
0111111111110000000000000000000000000333333333333333333333333000000000000000000000000000000000000000000000000000000000000000000000000
1111110000000000000000000000000000000000000000000033333333333333333333333333333333330000000000000000000000000000000000000000000000000
1111110000000000000000000000000000000000000000000334333333333333333333333333333333330000000000000000000000000000000000000000000000000
1111110000000000000000000000000000000000000000000334333333333333333333333333333333330000000000000000000000000000000000000000000000000
10000000000000000010000011110003333333333333333333333333
10000000010000000000000011110003333333333333333333333333
10000000010000000000000011110003333333333333333333333333
000101011001001001111033333333333333300000
010101011110001011111033333333333333300000
111101010010000010110333333333333333300000
000100000000000000010110330000333303333033
000100000000000000001111300000303303333333
000000000000000000001110310003033033330333
000000000000010111111111000300000000330000
000000000010111111111110000300000003300000
000000000011110101111111003000000003300000
00044444444444444444111111111100333333330044444444444411
01444444444444444441111111111103333333330144444444444411
00444444444444444441111111111103333333300144444444444411
10000001100101110000000011001333333333333333331110044444
10011100001001100000000011103333333333333333331110040444
10010110011011000000000111103333333333333333331111044444
10000000000000000000000000000133333111100000000100000000
10000000000001000000000000000333333111100000001100000000
00000000000001000000000000001333330111100000101100000000
0011000000000000000110000003333333100001000000000
0011000000000000001100000003333333100011000000000
0011000000000000001100000003333333000010000000000
001110000000110000000011000000100000003333333333333333333333333333333333330001100000010000000000000000111000000000
001100000000110000000011000001100000003333333333333333333333333333333333300011000000110000000000000000111000000000
011100000001100000000011000001100000003333333333333333333333333333333333300011000000100000000000000000110000000000
000000010010000100100033333333333331000000
100000010010000000100033333333333331000000
100000000100001001000333333333333301000000
1000000000000000000100033333333330111000000000010
1100000000000000000101333333333300110000000000010
1000000000000100000100333333333301110000000000000
000000000000001100000001100000011000000111000000000001113333333333333333333333333333333333334444400000000011100000
000000000000011100000001100000110000000110000000000001113333333333333333333333333333333333344444000000000011000000
000000000000011100000001100000110000001110000000000011113303333333333333333333333333333333344444000000000111000000
001003333333333333333330000011100000001000000
001033333333333333333330000011100000011000000
011033333333333333333330000011000000011000000
000000000000333333333333330000000000110000000
000000000000333333333333330000000000101000000
000000000003333333333333300000000000110000000
000000000000333333333333333333333333333333333333310000
000000000000333333333333333333333333333333333333310000
000000000003333333333333333333333333333333333333110000
000000033333333333000011111110100101000001001011110111
000000333333333333000011111100010101000100101011110111
000000333333333334000111110100000001000010010011110111
0011000000000011111100003333333333330001000000001
0011000000000011111000003333333333330001000000001
0110000000000011111000003333333333330001000000011
000110000000000333333333000000001000000000
000110000000000333333333000000001000000000
000110000001000333333333000000011000000000
010100000000111111110000300010000000001111000000
000100000001111111110003300110000000001111000000
000000000001111111110003300110000000001111000000
1111111111110003333333330000000000000100000000111
1111111111100033333333300000000000000000000000110
1111111111100033333333300000000000000100000000110
4444442211100001000000001111100003333333333333333333333333333100000000011111111110001111111100111110000000000000010100010011111111111
4444422111100001000000001101000003333333333333333333333333331100000000011111111100011111111000011100000000000000110001010111111111111
4444422111000011000000011101000003333333333333333333333333331100000000011111111100011111111000111100000000000000111000010111111111111
1110100000000011111111111110000000011000001111001111000133333333333333333333333333333333333331111111100000011100000110001110000000001
1110000000000111111111111101100000011000001110001111010333333333333333333333333333333333333331111111000110011100000110001110000100011
1100000000000111111111111101000000010100001110001111001333333333333333333333333333333333333311111111001110011100001100001100000100011
4444444444444444444444444444444444444444444444444444444444444444444444333331334343333333344444444444444444444444444444444444444444400
4444444444444444444444444444444444444444444444444444444444444444444444334311314443333333344444444444444444444444444444444444444444400
4444444444444444444444444444444444444444444444444444444444444444444443334333313433333333444444444444444444444444444444444444444444000
0000000000011111111110000000000000000011000000000011114444444444444444444433333333333333333333334444444444444444444444444444444444444
0000000000011111111100000000000000000010000000000111114444444444444444444433333333333333333333334444444444444444444444444444444444444
0000000000111111111100000000000000000010000000000111114444444444444444444333333333333333333333344444444444444444444444444444444444444
0011010000000000000001110000000000000000001111000000000000011110000000000003333333333333333333333333333000000111000000000000001111000
0111000000000000000011110000000000000000011110000000000000011100000000000033333333333333333333333333330000001111000000000000001111000
0111100000000000000011100000000000000000011110000000000000011100000000000033333333333333333333333333330000001110000000000000001111000
0000000000000000000000000111000000000000000000011100000000000111330000000000003311000300000000000000000110000000000000001111000000000
0000000000000000000000001111000000000000000000011000000000000111333000000000003111100000000000000000001110000000000000011110000000000
0000000000000000000000001110000000000000000000111000000000000113303000000000001111001000000000000000001110000000000000011110000000000
0000000111000000000000000000000000000110000000000000000333333333333330310000000000001111000000000000000000111100000000000000000000010
0000000110000000000000000000000000000110000000000000000333333333333330311000000000001110000000000000000000111100000000000000000000010
0000001100000000000000000000000000000100000000000000003333333333333331301000000000001110000000000000000001111100000000000000000000111
0000000000000000000000000111100000000011133333330033333333333333300000000111000000000000000000000000100000000000110000000000000000000
0000000000000000000000000111000000000011133330330033333333333333300000000111000000000000000000000000000000000000110000000000000000000
0000000000000000000000000111000000000011333330330033333333333333300000000110000000000000000000000001000000000001110000000000000000000
323333333333333333333
033333333333333333333
033333333333333333333
003333333333333333330
033333333333333333300
033333333333333333300
010000000113333333333300000
000000000113333333333300000
100000000113333333333300000
000000000000100333333333300
000000000001003333333333300
000000000011003333333333300
0000010100000010000010000003333333333333330000001
0000010100000000000000000103333333333333331000010
0000010000000000000100000103333333333333331000010
001100000000000001001333333333333331100000
001000010000000000003333333333333331000000
001000010000000010013333333333333331000000
000000100000103333333333333001000000000000
000000000000103333333333333001000000100000
000001000001003333333333333100000000100000
0000000000000000000000001333333333333333330001000
0000000000000000000100001333333333333333330001000
0000000000000000000100000333333333333333330000000
00000001111100000011333333110000001
00000001101100100011333331000001011
00000001110100100013333331100001011
111111001133333333310000000000
111111001133333333100000000000
111110001133333333100000000000
00000000000110000001333333333000001
00010100001110000001333333333000011
00010000000110000000333333333000011
1111100333333333001000000
1111110333333330001000000
1111110333333331000000000
0000100444444444400003333333011100000000001100000
0000111444444444400003333333001100000000010000000
0001100444444444400003333330111100000000010000010
00011000000100000000011433333333134444444444100000111001
00011000000000000000010333333333333444444414000001000011
00011000001000000000014333333333334444444411010000100011
41100101111100111333300100033333333300010101110000111010
10000010101001110333330000033333333300000111100000000000
01000001111010000033303103033333333300101111110000100100
10000000044444444400033333333333343444444001000011000001
00000000444444444400133333333333344444444001000010000001
00000000444444444400133333333333334444440011000110000001
100100000111111000333333333333333333333330000000110001111100101
100000000111111003333333333333333333333310100001110011111100010
000000000111111003333333333333333333333310000000100001111100011
000100001000333333333333333333333333300100000010000011111100101
010101011000333333333333333333333333301100001000000011111101110
000110011000333333333333333333333333011000000000000111111111100
111011110010001100101133333333333333333333333000111000110000010
110011110000011101011133333333333333333333333000111100010000110
110011110000011101011333333333333333333333333011110100110000100
100000011000010111333333333333333333333100111101000000010000000
100010011000110003333333333333333333333110111111001000000000000
100100011010111013333333333333333333334011111010011000000000000
100100000111111000333333333333333333333330000000110001111100101
100000000111111003333333333333333333333310100001110011111100010
000000000111111003333333333333333333333310000000100001111100011
000100001000333333333333333333333333300100000010000011111100101
010101011000333333333333333333333333301100001000000011111101110
000110011000333333333333333333333333011000000000000111111111100
1110111110000033333333333333111111111111100010001
1111111110000033333333333333111111111111100010101
1111111110000033333333333333111111111111000110011
11111111113333333333333311111111100
11111111113333333333333111111111100
11111111133333333333333111111111100
01113333333333331111111111111111111
10113333333333331111111111111111111
11113333333333311111111111111111111
111111111111333333333333111111011111111111
111111111113333333333333111111011111111111
111111111113333333333333111111011111111111
01333333333333
01333333333331
01333333333333
00003333333333
00003333333333
00033333333333
11113333333333
11111333333331
11113333333331
11011333333333
11313333333333
11113333333333
000000000000000003333333333330000000000000000000001000
000000000000000003333333333330000000000000000000011000
000000000000000033333333333331000000000000000000010000
000000000000003333333333333300100000000000000000000000
000000000000003333333333333000100000000000000000000000
000000000000033333333333333000000000000000000000000000
000000000000000000003333333333330000001000000
000000000000000000003333333333300000001000000
000000000000000000003333333333300000010000000
010000000000001100333333333333333330000000000
010000000000001101333333333333333330000000000
100000000000011101333333333333333300000000000
000000000000000000000000000000000000001110033333333333333333333333333333333333330000000000000000000001000000000011
000000000000000000000000000000000000001110033333333333333333333333333333333333300000000000000000000011000000000011
000000000000000000000000000000000000001100333333333333333333333333333333333333300000000000000000000010000000000111
000000000000000000000000000000000000000000000000001100000000000000000033333333333333333333333333333333330000000000
000000000000000000000000000000000000000000000000011000000000000000000033333333333333333333333333333333330000000000
000000000000000000000000000000000000000000000000011000000000000000000333333333333333333333333333333333300000000000
00001111000000000000000000000000000110003333333333333333333333333333333330000110000000000000011
00001111000000000000000000000000000110033333333333333333333333333333333300000010000000000010011
00001111000000000000000000000000000110033333333333333333333333333333333300001000000000000000101
0000001011110111000110000000000000011000011100000000000000000000000000013404334433333433333333333333333333333333410111000110444444141
0000001011000111011110000000000000110000011000000000000000000000000000414434333333333333333333333333333333333333100111100014444444141
0000000011101111011110000000000000111000101000000000000000000000000000134034334333331333333333333333333333333334401111101104444441141
0000000000000011033330000000000000000000000000000
0000000000000010033330000000000000000000000000000
0000000000000010033300000000000000000000000000000
00000000001000333333333100000000000000000000000000000000
00000000001000333333331000000000000000000000000000000000
00000000001001333333331000000000000000000000000000000000
0000000011100033333333331000000000000000000000000
0000000011000333333333330000000000100000000000000
0000000011000333333333330000000000100000000000000
0010000000000000000000001000000000033333330000000000000010000444444444
0000100000001000000000001000000000033333330000001000000000000444444444
0100100000000000000000011000000000033333300000001000000000000444444444
0000000000000000000000001000000040013333333333100000000000000004444444
0000100000000000000000011000001110003333333333000000000000000044444444
0000100000000000000000010000001140003333333331000000000100000044444444
000010000000000000000000100010033333000000000000000001004444444
000110000000000000000001000010333333000000000000001001004444444
000100000000000000000000000010333333000001000000001011004444444
0000000010000000010001111113333333333000001000000000000000444444444444
0000000000000000010000111113333333333000000000000000000000444444444444
0000000100000000100001111113333333330000000000000010000000444444444444
000333330000000
001333330000000
001333300000000
333333330000000
333333330000000
333333330000000
0000333333
0003333333
0013333333
0000333000
0000330000
0000330000
01110000000000000000010033333333110
11110000000000000000000033333333110
11110000000000000000110033333333100
100000000011111113333333333331000000000000
000000000011111113333333333301000000000000
000000000011111103333333333311000000000000
001110000000000000333333333311100001100000
001110000000000000333333333311100001100000
001100000000000023333333333311100001100000
000000000000001111133333333333333310011110
000000000000001111333333333333333300011100
000000000000001111333333333333333110011100
00000000033333333333333330111111001
00000000033333333333333331111111001
00000000033333333333333331111111010
00000033333333333333300000001000000
00000033333333333333300000000000001
00000033333333333333300000000000001
00000000001114333333333444100000000
00000000001114333333333441100000000
00000000001144333333334441000000000
00000003333333333333300000000000000
00000033333333333333000000000000000
00000033333333333333000000000000000
000000000010003333333333333300000000001000
000000000010003333333333333300100000000000
000000000000003333333333333300100000000000
0000000000333333333333333333333333330000000010000
0100000010333333333333333333333333340000000000000
0000000003333333333333333333333333341000000000000
000001000013333333333333300000000001100000
000001000013333333333333300000000001100001
000000000033333333333333100000000011100000
00000004413333333333333333330000444
00100004413333333333333333330000444
00100014433333333333333333330000444
010000001111033333333330001000000000000001
100000001111333333333300011000000000000001
100000001110333333333300010000000000000001
100000133333333333333101101111000001100000
000001033333333333333001111111000001100000
000001033333333333331001011111000011100000
00100003333333333311000000000000000
00100003333333333310000000010000000
01000003333333333110000000010000000
01001133333333333100010000000101111
10001133333333333000100000100001111
10001333333333333000100000110011111
000000000000000110033333333300000001000000
000000000000000100333333333300000001000000
000000000000000100333333333000000000000000
000000000000003333333333333411000000000000
000000000000003333333333330011000000000001
000000000000003333333333330011000000000001
00001100003333333330000000000000000
00001000003333333330000000000000000
00011000003333333300100000000000000
03333333333333333333300000010000000
03333333333333333333000000110000000
03333333333333333333400000100000000
000000000000000000000000003333333333333333333310000044
000000000000000000000000003333333333333333333000000044
000000000000000000010000033333333333333333333000000044
444444440000000000011000000333333333333333333333333333333333333
444444400000000000040000000333333333333333333333333333333333333
444444400000000000110000003333333333333333333333333333333333330
000000000000000400333333333333333333
400000000000000100333333333333333333
000000000000004000333333333333333333
000444400000104400440333333333333333333333333
004444401010104400403333333333333333333333333
004444401001000400403333333333333333333333330
441111111111013333333333333333333333333333333333333343111
441111111110033333333333333333333333333333333333333343111
441111111110133333333333333333333333333333333333333333111
11111111111011144444444444444444441111111133333333333333333333333333333333333333011111001111111
11111111111011144444444444444444441111111133333333333333333333333333333333333330111111011111111
11111111110011444444444444444444411111111133333333333333333333333333333333333330111101011111111
44444443101103333333333333311110001114
44444444101003333333333333111110000144
44444444010033333333333333111110010144
01000000000000000111114444444441110000000011111033333333333333333333333333311111111111110011100
00000000000000010111414444444441110000000111110033333333333333333333333333311111111111110111100
00000000000000011111444444444441100000000111113033333333333333333333333333311111111111110111000
333333333333333333333333333333333000000000000000000000000
333333333333333333333333333333330000000000000000010000000
333333333333333333333333333333330000000000000010010000000
00000000000000000000000110101111111110000000000000011111111100000000000033333333333333333333333
00000000000000000000100110101111111110000000000000011011111100000000000033333333333333333333333
00000000000000000010100011111110111110000000000000111111111000000000000333333333333333333333333
0000333333333333333333333333333333300000001010000000000000000000000000000110
0003333333333333333333333333333333300000011000000000000000100000000000000100
0003333333333333333333333333333333300000010000000000000000100000000000000100
000000000000033333333330000000000000110000000000000000000
000000000000033333333330000000000000110000000000000000000
000000000000333333333330000000000001110000000000000000000
0000000000000100000444003333333300010000000000000
0000000000000100000040033333333300010000000000000
0000000000000000000440033333333000010000000000000
000400003340033333333333333300004000000000
004100000440333333333333333300000000000000
104000003300333333333333333300000000000000
000000033333333333333333300001000000000000
000000033333333333333333300001000000000000
000000333333333333333333300010000000000000
0000000003333333333333333333340000100000000000000
0000000003333333333333333333300000100000000000000
0000000003333333333333333333300001100000000000000
000000001111444100002333333333311114444444
000000011014444100002333333333310114444444
000000011114441100003333333333310114444444
000000001111110000333333333111444441110000000000
000000011111110000333333333111444411100000000000
000000011111110000333333330101444411100000000000
001110011000003333333333311114444400000010000000
001110111000003333333333311114444100000000000000
001111111000033333333333311114444000000100000000
000000333333333333111100011000001100000000000000
000000333333333333111100011000001000000000000000
000000333333333333111000110000011000100000000000
0000000000000000000011111111111100000000000000000000000000000000000003333333333333333333333333333333000000000000000000000000000000000
0000000000000000000011111111111100000000000000000000000000000000000003333333333333333333333333333333000000000000000000000000000000000
0000000000000000000111111111111100000000000000000000000000000000000003333333333333333333333333333330000000000000000000000000000000000
0000000000111111111111100000000000000000000000000000000000000000000000000000033333333333333333333333333333333333333333333330000000000
0000000001111111111111000000000000000000000000000000000000000000000000000000033333333333333333333333333333333333333333333333000000000
0000000001111111111111000000000000000000000000000000000000000000000000000000333333333333333333333333333333333333333333333303000000000
0000000000110000000000000000000000000000000000000000000033333333333333333333333333333333333333000000000000000000000000000000000000000
0000000000100000000000000000000000000000000000000000030333333333333333333333333333333333333330000000000000000000000000000000000000000
0000000000100000000000000000000000000000000000000000030333333333333333333333333333333333333330000000000000000000000000000000000000000
0000000000000000000111111111110000000000000000000000000000000000000001133333333333333333333333333333333333333333333333000000000000000
0000000000000000000111111111110000000000000000000000000000000000000001133333333333333333333333333333333333333333333330000000000000000
0000000000000000000111111111100000000000000000000000000000000000000001133333333333333333333333333333333333333333333330000000000000000
1111111000003333333333333301
1111111000003333333333333001
1111111000033333333333333001
101111000111111001333333333333333333333333
011011000111111003333333333333333333333333
011010000111111003333333333333333333333333
00000000000001133333333333111111111
00000000000010133333333333111111111
00000000000010133333333333111111111
00000000001333333333333333333010000
00000011011333333333333333333010000
00000010013333333333333333333110000
00000000001133333333333333333333300
00000000011133333333333333333333301
00000000111333333333333333333333000
00000001000000133333333333333333100
00000001010000033333333333333333000
00000001000001033333333333333333000
11111111111011333333333333333333311
11111111111113333333333333333333311
11111111110113333333333333333333311
0111010110000000333333333111
1111010110000000333333330111
1110001100000000333333330111
00001100000000001100000000100000000110000000000000013333333333333333333331100000010010100000000
00011100000000001100100010100000001100000000000001133333333333333333333310110000000011100000000
00011000000000001100100011000000001100000000000001133333333333333333333311100100100000000000000
00010000000010100110000011000143333333433344444444401000
00011000000110000110000011000113334333333334444444400010
00110010000110000100100010001133314333343334444444000010
100000000010000100000000011000000111103333333333333333333333333333333333333333333333333333333333313100000440100000
000000000001000000000000110000001111003333333333333333333333333333333333333333333333333333333333311100041410100000
000000000000001000000000110000001111003333333333333333333333333333333333333333333333333333333333331000401411000000
110000001110000000100000000111000000110001100000333333333333333333333333310000010000011100000011100010100000000000
110000001110000001100000001111000000110000100000333333333333333333333333000000000000011100001111000000100000001000
110000001100000001100000001110000001110010000010333333333333333333333331100000110000111100001110000000100000001000
0110000111000100011003333333333311000110001100000
0110000110001100111103333333333330000110001100000
1100000110001100110003333333333310000100001100000
00110000100000111000001000000000000
11110000010000100000000000000000000
01020000100000100000010000000000000
00000001111111100100040333333333301001100100001000001111
00000001101014100000141333333333340011000100011000011100
00001001111111010000044333333333040001000000111000011101
000000001111000011000333333333000000000000111000
000000001111000111003333333333000000000000111000
000000001110000111003333333333000000000000100000
111111000110004400000000333333333333333400000000
111111000110044400000000333333333333330011000001
111111000110044000000000333333333333330000000001
0000000000000000000000033330333000000000000000000
0000000000000000000010033000303000000000000000000
0000000000000000000010333300330000000000000000000
000000011000000000000033333333011000000000
000000011000000000000033333333110000000000
000000010000000000000033333333110000000000
0000000000001111000000000000000000000111110000000000000011111003333000033333313133000000000111100000000000000000000011110000000000000
0000000000011111000000000000000000000111100000000000000111110003333000333333313333000000000111100000000000000000000011100000000000000
0000000000011111000000000000000000000111100000000000000111110003333000333333111333000000001111000000000000000000000011100000000000000
1111000000000000000000000011100000000000000000000000000000000000001111100000000033333333333333333333333333333001111100000000000000000
1110000000000000000000000011100000000000000000000000000000000000001111000000000333333333333333333333333333330011111000000000000000000
1110000000000000000000000111100000000000000000000000000000000000011111000000000333333333333333333333333333330011111000000000000000000
003333333333333300000111
003333333333333300001111
203333333333333000001111
103333333333333300000000000
003333333333333300000000000
003333333333333300000000000
000000000000000000000033333333333333333300000
000000000000000000002233333333333333333300000
000000000000000000000033333333333333333000000
100000010000333333333333333333333311
110001000000333333333333333333333311
010000000003333333333333333333333311
0011100001000001133333333333333333333333333333333333333330000000000000000000
0111100000000000033333333333333333333333333333333333333330000000000000000000
0101000000000010333333333333333333333333333333333333333300000000000000000000
0000000000111111100003333333333333333333333333333333333333333333333333300000
0000000000111111100033333333333333333333333333333333333333333333333333000000
0000000000111111000033333333333333333333333333333333333333333333333333000000
0000011011000000033333333333333333333333333333333333333333333333300000000000
0000001110000000033333333333333333333333333333333333333333333333300000000000
0000101100000000333333333333333333333333333333333333333333333333300000000000
0000000000000000101111111113333333333333333333333333333333333333333333334004
0000000000000001101111111133333333333333333333333333333333333333333333330044
0000000000000001011111111133333333333333333333333333333333333333333333340044
000011000000000033333333333111100000001111100000000011000033333333330111000001100100100000000000000000110000
001111000000000333333333333111100000010010100100000011010033333333331111000001000000000000000010000100100000
110111000000000333333333331111000000000101000100000010001033333333331110000001000101001000000010010001100000
101000000000103330033333300333000110000100000000001000000000001000000000000000000010000000000000000
101000001000113300333333303333000100000100110000001000000000001000000000000000000010000000000000000
110000001001033300333333003333001100000000001000010000000000001000000000000000000100000001000000000
010000000000033333333300000000000000000000000010000000000000000000000000333333333010000000
000000000000033333330301000000000000100000000000000000000000000000000000303333330010000000
000000000000333333330301000010000000000000000100000000000000000000000000333333330010000000
000000033333333333330000000000000000000000000000000000000033333333300000000000000000000000000000000000000000
000000333333333333330000000000000000000000000000000000000033333333300000000000000000000000001000000000000000
000000333333333333330001000000000000000000000000000000000333333333300001000000000000000000001000000000000000
010000000000000000000113333333331100000000000000000000000011000000000000000000033333333330
010000000000000000000103333333331000000010101000000000000010000000000000000000033333333330
100000000000000000001103333333331000000000101000000000000010000000000000000000333333333300
000001100003333000000000000000011000000000000000333333333330000001100111000000000
000001000003333000000000000000011000000000000003333333333330000001101111000000000
000001000033333000000000000000010000000000000003333333333300000011000111000000000
000000000000000033333333331000101000000000000000100000
000000010000000333333333330101011000000000000001000000
000000001100000333333333310000011000000000000001000000
000011000001100022000033333333333301111111111001000000100010000101333333333333333333111111111000000
000010000011000001000033333333333301111111100001100000000010000101333333333333333331111111111000000
000010000010100011000033333333333111111111110001100000000010000001333333333333333331111111110000000
103033333333333333331000000000000000000000000011033333333330001000111100000000000110000000
013333333333333333330000000001000000000000000011333333333330001000111000000000000110000000
013333333333333333310000000000000000000000000110333333333300011000011000000000000100000000
000000000333333333330010000000000110000000001000011000011333333300010000000011100
000001100333333333300110000000000100000000001000110001111333333300100001000001100
000000100333333333300010000000000110000000011000110002113333333000100001000001100
111111111000000100333333333333000000000000110000000000000001100000000000011000000033333333
111111111000000103333333333330000000000000100000000000000001100000000000010000000333333333
111111111000001003333333333330000000000001100000000000000001000000000000110000000333333333
111111111033333333333001000000000000000010000000000000000003330004404003000000000000000010000000000000000000114444444
111111111133333333333011000000000000000100000000000000000033330044444033000000000000000010000000000000000001104444444
001111110033333333330011000000000000000100000000000000000333300044440030000000000000000110000000000000000001144444444
000111111333333333333300011002020000000100001111000000011111000000100000000003000101011010000011111100001111
000111110333333333333300011100200000000000011100000000011111000000100000000011000001111101000111110001101111
000111010333333333333300112000222222200000011110101001101111000001100000000011001011111101001111011111000111
000010000013333030333311010100444444441110000000111110000333333333333330111111111111000111111111111
000000000103333333333111010004444444440010000000111110000333333333333331112111111110000111111111111
000000000133333333333110101004444444411010000001111100000333333333333301111111111110000111111111111
