001000000022222222221000
000000100022222222220000
000000100022222222220000
000000000022222222220000
000000000122222222200000
010000000122222222200000
000000000000222222222200000
000000000000222222222220000
000000000001222222202210000
000010000001222222222210000
000010000002222222222200000
000000000002222222222200000
000010000000222222100
000000000000222222100
000000000000222222100
000000000000222222000
000000000002222222000
100000000002222222000
100100000002222220000
100101000002222220000
000000000002222220
000000000002222200
000000000002222200
000000000002222200
010000000002222200
010000000022222200
010000000022222200
000000000022222200
010000002222222222201
010000002222222222201
010000002222222222200
010000002222222222200
000000002222222222000
000000002222222222010
000000002222222222010
000000022222222222010
000000022222222222010
100000022222222222010
010000002222222222201
010000002222222222201
010000002222222222200
010000002222222222200
000000002222222222000
000000002222222222010
000000002222222222010
000000022222222222010
000000022222222222010
100000022222222222010
000222222222211
000222222222211
000222222222211
000222222222211
000222222222211
000222222222211
000222222222211
001222222222211
112222222221001
112222222221000
112222222221000
112222222222000
122222222220010
122222222220010
122222222220010
122222222210010
012222222100
012222222100
112222222001
112222222101
112222222001
112222222001
112222222001
122222221000
012222222
012222222
012222222
012222222
012222222
012222222
022222222
122222222
000022222222222200
000022222222222200
000022222222222200
000022222222222200
000022222222222200
000022222222222200
000222222222222200
000222222222222200
000222222222222200
000222222222222200
000022222222220
000022222222220
000022222222220
000022222222220
000022222222200
000022222222200
000022222222200
000022222222200
000222222222200
000222222222200
000001000012222220000
000001000012222220000
000000000012222220000
000000000012222220000
000000000012222220000
000000000012222220000
000000000012222220000
000000000012222220000
000000000022222220100
000000000022222220100
000000000122222220100
000000000122222220100
000000000122222220000
000000000122222220000
001010000122222220010
001010000122222220010
001010000122222200010
001010000122222220010
001010000122222220010
001010000122222220010
000000000122222220
000000000122222220
000010000122222220
000010000122222220
000010000122222220
000010000122222220
000010000122222221
000010000122222221
000000000222222221
000000000222222221
001000000222222201
001000000222222201
101000001222222201
101000001222222201
101000001222222200
101000001222222200
101000001222222200
101000001222222200
001000001222222200
001000001222222200
000222222222222000000
000222222222222000000
002222222222222000000
002222222222222000000
002222222222222000000
002222222222220000000
002222222222222000000
002222222222220000000
000222222222222222000000
000222222222222222000000
000222222222222222000000
000242222222222222000000
001242222222222220000000
001242222222222220000000
001242222222222220000000
000100000000002222222200004444
000100000000002222222210044444
000100000000002222222210044444
000000000000002222222200044444
000000000000002222222200044444
000000000000002222222200044444
000000000000022222222000044444
000000000000022222222000044444
022222222000
122222222000
222222222000
222222222000
222222222010
222222220010
122222200
122222200
122222200
222222200
222222000
122222000
000022222222222
000022222222222
000022222222222
000222222222222
000222222222222
000222222222222
000222222222222
000222222222221
010222222222222
010222222222222
010222222222221
001222222222221
002222222222221
002222222222221
002222222222221
102222222222221
000000002222200
000000002222200
000000002222000
000001002222000
000001022222000
000001022222000
000001022222000
000001022222000
000222244444220
000222244444220
000222244444220
002222244444220
002222244444200
002222244444200
002222244444200
002222244442200
000000002222222110220
000000002222222111220
000000002222222111220
000000002222221100221
000000002222221000221
000000002222221002221
000000002222222100221
000000002222222102220
000000002222221012200
000000002222221112200
000002222222222
000002222222222
000002222222222
000002222222222
000002222222222
000002222222222
000002222222222
000012222222222
000000022200000000
000000022200000000
000000222221000000
000000222201000000
000000222201000000
000000222201000000
000000222200000000
000000222200000000
000000222200000000
000000222200000000
000001222222212000
000001222222210000
000001222222211000
000001222222211000
000002222222201100
000002222222201100
000002222222211100
000002222222211000
000001222222221110100000
000011222222221110100100
000011222222221110100100
100010222222221100100100
100010222222221100000000
100010222222221100000000
100012222222221100000000
000012222222221101000000
000000000000022222222
000000000000022222222
000000000000222222222
000000000000222222222
000000000000222222222
000000000000222222222
000000000000222222221
000000000000222222221
000000000000002222222222000
100000000000022222222222000
100000001000022222222222100
100000001000022222222222100
100100001000022222222222100
000000000000022222222222000
000000000000022222222220001
000000000000022222222220001
000000000222222200
000000010222222200
000000012222222200
000000010222222200
000000012222222000
000000002222222000
000000002222222000
100000002222222000
100000002222222000
000000022222222020
002222222222222
002222222222222
002222222222222
022222222222222
022222222222222
022222222222222
022222222222222
022222222222222
022222222222222
022222222222222
002222222222222
022222222222222
022222222222222
022222222222222
022222222222222
022222222222222
022222222222222
022222222222222
022222222222222
022222222222222
001222222222220000
001222222222220010
000222222222220000
000222222222220000
000222222222220000
000222222222220000
002222222222220000
002222222222220100
002222222222220000
102222222222201100
000022222222200000000
000022222222200000000
100022222222200000000
100022222222200000000
100022222222200000000
110022222222100000000
010122222222000000010
010122222222000000010
010222222222000000010
010222222222000000010
000222222222222222200
000222222222222222200
020222222222222222200
022222222222222222200
002222222222222222200
002222222222222222200
002222222222222222000
002222222222222222000
002222222220000000000
002222222220000000000
102222222220000000000
102222222220000100000
102222200200000100000
102222202200000100000
002222222200000000001
022222202200000000001
000000222222222222220000
000000222222222222222000
000000222222222222222000
000000222222222222220000
000000222222222222220000
000000222222222222200000
000000222222222222200000
000000022222222222200000
000000022222222222200000
000000022222222222200000
000000022222222222200000
000000022222222222000000
000000022222222222000000
000000022222222222000000
000000022222222222110
000000022222222221110
000000022222222222110
000000022222222221110
000000022222222221110
000000022222222221110
000000022222222221110
000000022222222221110
000000022222222221110
010000022222222221110
010000222222222221100
010000222222222221110
010000222222222221110
010000222222222221100
010000222222222221100
010000222222222221100
010000222222222221100
010000222222222221100
010000222222222221100
000000222222222221100
000000022222222221222
000000022222222222222
000000022222222222222
000000222222222222222
000000222222222222222
000000222222222222222
000000222222222222222
000000222222222222222
000000222222222222222
000000222222222222222
000000222222222222222
000000222222222222222
000000222222222222222
000000222222222222222
000000222222222222222
000000222222222212222
000000222222222222222
000000222222222222222
000000222222222222222
000000222222222212221
000000010001222222222222
000000000001222222222222
000000000001222222222222
000000000002222222222220
000000100012222222222222
000000000012222222222222
000000000012222222222220
000000000012222222222220
000000000022222222222001
000000000022222222222001
000000000022222222222000
000000000022222222222001
000000000022222222222010
000000000022222222222000
000000000022222222222000
000000000022222222222000
000000001222222211001
000000001222222211001
000000001222222211001
000000002222222210001
000000002222222011000
000000012222222110010
000000012222222110010
000000012222222110010
100000001222222001101
100000001222222001001
100000001222222001101
100000001222222011101
000000012222221001001
000000012222221001001
000000012222221001001
000000012222221011000
002222222222222011100001222222010000
002222222222122011100001222222000000
022222222222222010000000222222100000
022222222222220010000000222222100000
022222222222220010000000222222100000
122222222222220010000002222221100000
122222222222220111000002222221100000
122222222222220111000012222221100000
002222222222100
012222222222100
022222222222100
022222222222100
022222222222100
022222222222100
022222222221000
022222222221001
000010022222222211010
000010022222222211010
000000222222222211010
000000222222222211010
000000222222222211010
000001222222222211010
000001222222222210110
000001222222222110100
000000001222222221
000000001222222221
100000001222222221
100000001222222221
100000011222222211
100000012222222211
100000011222222211
100000011222222221
000000012222222211
000000012222222211
000000012222222211
000000012222222211
010000012222222211
010000012222222211
010000012222222211
010000012222222211
010001012222222211
010001012222222211
000001012222222211
000001012222222211
022222222220000
222222222220000
222222222220000
222222222220000
222222222200000
222222222200000
222222222220000
222222222220000
222222222220000
222222222201001
000000222222222222
000001222222222221
100101222222222221
100100222222222221
100100222222222221
100101222222222221
100100222222222221
000002222222222220
000002222222222220
000002222222222220
010000000102222224444
010000000102222224444
010000000102222224440
010000000002222224440
000000000002222224440
000000000022222224440
000000000022222224440
100000001022222244440
100000002222222222200
100000002222222222200
100000002222222222200
100000002222222222200
100000002222222222200
100000002222222222200
100000002222222222200
100000022222222222000
100000022222222222000
100000022222222222000
100000022222222222000
100000022222222222010
100000022222222222010
000000022222222222110
000000022222222222110
000000022222222222010
000000022222222222010
000000122222222222001
000000022222222222001
000000022222222222001
000000000222222222220
000000002222222222221
000000002222222222221
000010002222222222220
000010002222222222220
000010002222222222220
000010002222222222220
000000002222222222200
000000002222222222200
000000002222222222200
000000002222222222200
000000002222222222200
000000002222222222200
000000002222222222200
000000002222222222200
000000002222222222200
000000002222222222200
000000002222222222200
000000002222222222200
000000002222222222200
000001002222222222000
000001002222222220000
000001002222222220000
000001002222222220000
000001002222222220000
000000002222222220010
000000002222222220010
000000002222222220010
000000002222222220010
000000012222222220010
000000012222222220010
000000012222222220010
000000012222222220010
000000012222222220010
000000012222222220010
000010012222222220000
000010012222222220000
000010012222222221000
000010012222222220000
000010022222222220000
000000000222222222000
000000010222222220000
000000010222222222000
000000010222222220000
000000010222222220000
000000012222222220000
000000012222222220000
000000012222222220000
000000012222222220000
000000002222222220000
000000002222222220000
000000002222222221000
000000002222222220000
000000002222222221000
000000002222222221000
000000002222222221000
000000002222222221000
000000002222222220000
000000002222222220000
000000002222222220000
000002222222222222222
000022222222222222222
000022222222222222222
000022222222222222222
000022222222222222222
020022222222222222220
000022222222222222222
000022222222222222220
000022222222222222220
000022222222222
000022222222222
000022222222222
000022222222222
000022222222222
000222222222222
000222222222222
000222222222222
000222222222222
000222222222222
111100000000022222222222220
111100000000022222222222220
111100000000022222222222220
111000001000022222222222220
111000001000022222222222200
111000000000022222222222200
111000000000022222222222200
111000000000022222222222200
000000000010000022222002022222
000000000010000022220002022222
000000000010000022220002022222
000000000000000022220002222222
000000000000000022220002222222
000000000000000022220002222220
000000000000000022220000222220
000000000000000222220020222220
000000000012222222222201
000000000022222222222211
000000000022222222222211
000001000022222222222211
000000000222222222222111
000000000022222222222101
000000000022222222
000000100122222222
000000100122222222
000000000222222222
000000000222222222
000000000222222222
000000222222222200000
000000222222222200000
000000222222222000000
000000222222222000000
000000222222222000100
000000222222222000000
000002222222222000100
000002222222222000100
000002222222222000010
000100222222220000100
000002222222220000100
000102222222220000100
000102222222220000100
000102222222220000100
000102222222220100100
000102222222201000100
000000000000002222222222222221
000000000000022222222222222221
000000000000022222222222222221
000000000000022222222222222221
000000000000022222222222222221
000000000000022222222222222221
000000000000022222222222222221
000000000000022222222222222221
000000000000022222222222222201
000000000000022222222222222201
000000022222222222222221
000000022222222222222201
000000022222222222222201
000000022222222222222201
000000222222222222222201
000000222222222222222210
000000222222222222222211
000000222222222222222210
000000222222222222222010
000000222222222222222010
000000022222222222222221
000000022222222222222201
000000022222222222222201
000000022222222222222201
000000222222222222222201
000000222222222222222210
000000222222222222222211
000000222222222222222210
000000222222222222222010
000000222222222222222010
000000000000002222222222222221
000000000000022222222222222221
000000000000022222222222222221
000000000000022222222222222221
000000000000022222222222222221
000000000000022222222222222221
000000000000022222222222222221
000000000000022222222222222221
000000000000022222222222222201
000000000000022222222222222201
001100000022222211101
001100000022222211111
001100000022222211110
001100000022222211110
000000000022222201010
101000000222222211010
000000000222222211010
001000000222222211010
001000000222222111010
001000000222222111010
102222222222211
002222222222211
102222222222211
002222222222210
112222222222211
112222222222211
002222222222111
022222222222111
111022222222211111
110022222222211111
110022222222211111
110022222222211111
111022222222211111
111022222222101111
111022222222111111
111222222222111111
011222222210
011222222210
011222222210
011222222210
111222222211
111222222200
111222222211
112222222201
001122222211
001122222211
001122222211
001122222211
001122222211
011222222211
011222222211
011222222211
000002222222222200
000002222222222200
000002222222222200
000002222222222200
000002222222222200
000002222222222201
100002222222222201
000002222222222200
000002222222222200
000022222222222000
000022222222222000
000022222222222000
000022222222222000
000022222222220000
000022222222220000
000022222222220000
000222222222220000
000222222222220000
000222222222220000
000222222222220000
000000000000122222200
000010000000122222000
000010000000122222000
000010000001122222200
000010000001122222000
000000000001122222000
000000000001222222000
000000000001222222000
000000000001222222000
000000000001222222000
000000000001222222000
000000000001222222000
000000000001222222000
000000000001222222101
000000000001222222101
000000000001222222101
000000000001222222101
000000000001222222100
000000000001222222101
000000000001222222000
000000000000022222222
000000000000022222222
000001000000022222222
000001000000022222222
000001000000022222222
000001000000022222222
000001000000022222222
000001000000022222222
000001000000022122222
000001000000022122222
000001000000122122222
000001000000122122222
000000000000122122222
000000000000122122222
000000000000122122222
000000000000122122222
000000000000222122222
000000000000122222222
000000000000222122222
000000000000222222222
002222222222222220000
002222222222222220000
002222222222222220000
002222222222222220000
002222222222222200000
022222222222222200000
022222222222222200000
022222222222222200000
000222222222222200000
000222222222222200000
000222222222222200000
000222222222222200000
000222222222222200000
002222222222222200000
002222222222222200000
002222222222222000000
000001000000222220220000144444
000000000000222220220000144444
100000000000222222220000044444
000000000002222222220000044444
000000000002222222220000044444
000000000002222222220000044444
000000000102222222220000044444
000010000002222202200001444444
000000000000012222222220004444
000000000000022222222200004444
000000000000022222222200004444
000000000000022222222200044444
000000000000022222222200044444
001000000000022222222200044444
000000100000022222222200044444
000000000000122222222200044444
012244422242224422221100000000
012244422242224422221100000000
012244222442224422221100000000
012244222242224222221100000000
012244222242224222221100000000
012244222242224222221100000000
022444222442224222221100000000
122444222422224222221100000000
112444222422224222211000000000
112444222422224222211000000000
100002222222222200
000002222222222200
000002222222222200
000012222222222200
000012222222222200
000012222222222200
000022222222222200
000022222222222200
000000222222222222
000010222222222222
000012222222222222
000012222222222222
000002222222222222
000002222222222222
000002222222222222
000002222222222222
000100002222222222210000000
000000002224222222200000000
000000002222222222200000000
000000002222224222200000000
000000002222222222210000000
000000022222222222210000000
000000022222222222210000000
000000022222222222200000000
000000022222222222100000000
000000022222222222100000000
000022222222221000
000022222222220000
000222222222220000
000222222222220000
000222222222200000
000222222222200000
000222222222200000
000222222222000000
000040002222222222200
000000002222222222000
000000022222222220000
000000022222222222000
000000022222222222000
000000022222222222000
000000022222222222000
000400022222222222000
010122222222221110
000122222222221110
000222222222221110
000222222222221110
000222222222211110
000222222222211110
100222222222211000
101222222222211100
000122222222001
001222222222000
001122222220000
001122222220000
001222222220000
001222222220010
001222222220010
001222222220010
000000010022222221100
000000110022222221100
000000110022222221110
000000110022222221110
000000110022222221010
000000110222222221010
000000100222222221010
000000100222222211000
001000012222222222100
000000012222222222100
000000012222222222100
000000012222222222100
000000122222222222100
010000122222222221000
010000122222222221000
010000122222222221000
011122222222200000
011222222222200010
011222222222200000
011222222212200000
011222222212000000
011222222222200000
111222222222000000
111222222222000000
111222222222000000
111222222222000000
000000002222222022220
000000002222222022220
000000002222222222220
000000022222220022220
000000022222222222220
000000022222222222220
000000022222220222200
000000022222220222200
000000022222220222200
000000022222220222200
404404222222244
404001222222244
404001222222244
444001222222244
444001222222244
444001222220444
444401222221444
044401222222444
044401222222444
044002222222444
040042222222444
040442222222444
044442222222444
044042222222444
044042222222444
040042222222444
040042222222444
044012222222444
040012222222444
040042222222444
002224422222222222
002224422222222220
002224422222222220
002224422222222220
002224422222222220
022224222222222220
002224222222222220
022224222222222220
022224222222222220
022224222222222222
022224222222222220
022224222222222220
022224222222222220
022244222222222220
022244222222222220
022244222222222220
022244222222222220
022244222222222220
022244222222222220
022244222222222220
000001222122222200010
100001022222222000010
000001022222222000010
000001022222222020010
000001022222222020010
000000222222222000010
000000222222222000010
000000222222220000000
000000222222220000000
000000022220220000000
000000022220222000000
000000022202220000000
000000222202220000000
000000022222220000100
000000022222220000100
000000222222220020100
000000022222220020100
000010222222220020100
000010222222220020100
000010222222220000100
000222222222222000000
000222222222222000000
000222222222222000000
000222222222220000000
000222222222221000000
000222222222221000000
001222222222221000000
002222222222221000000
000022222212201100
000222220212201100
000222220222201100
000222222222101100
000222222222101000
000202222220100000
000222222220000000
000222222222000000
000002222222220000000
000022222222220000000
000022222222220000000
000022222222220000000
000022222222220000000
000022222222200000000
000022222222220000000
000002222222222222
000022222222222222
000022222222222220
000122222222222220
000122222222222220
000122222222222220
000022222222222220
000022222222222200
002222402222020000000
002222422222120000000
002222402222120000000
002222422222120000000
022222222222120000000
022222402222020000000
022222202222020000000
022222422222120000000
022222422222020000000
022222422222110000000
022222422222110000000
022222220202110000000
022222222202110000000
022222222212110000000
022222222212110000000
022222222221110000000
022222202221110000000
022222222221110001000
022222222221100001000
022222222221200000000
000022222222221110000
000022222222221100000
000022222222221100000
000022222222221100000
000022222222221100000
000222222222221100000
000222222222221100000
000222222222221100000
000222222222221100000
100222222222221100000
100222222222221100000
000222222222221100000
000222222222221100000
000222222222221100000
000222222222221100000
000222222222221100000
000222222222221100000
001222222222221100000
001222222222221100000
001222222222211100000
100000000222222201
100010012222222201
000010002222222211
000010002222222211
000000002222222211
000000002222222210
100000002222222210
100000002222222010
100000000222222201
100010012222222201
000010002222222211
000010002222222211
000000002222222211
000000002222222210
100000002222222210
100000002222222010
100000022222222222
100001022222222222
100001222222222222
000001222222222222
000001222222222222
000000222222222222
000000222222222222
000000222222222222
000022222222222220
000022222222222220
000222222222222220
000222222222222220
001222222222222220
001222222222222220
001222222222222220
000222222222222200
000000001222222000101000
000000002222222000110000
001000002222222010010000
000000002222222010010000
010000012222220111010001
011000012222220011010001
010000012222220011010001
101000012222220001010001
000000122222221001001000
000000122222220111001000
100000022222220111001000
100000222222200111000000
100000222222210011000000
100000222222201011000000
000000222222200111000000
000001222222211111010000
000010022000010001110
000010022000010001110
000010022000010000010
000010022100000001010
000010220100100001010
000000020100100011110
100000020100100011110
000010020100100011100
000000000220100010001
000000000220100010001
000000000220110010001
000000000220100010001
100000002220100000001
100000002210100010000
100000002200000000010
000000002200000100010
000001222222211100
001001222222211100
001001222222211100
001001222222211100
001001222222211100
001001222222211100
001000222222211100
001000222222211100
001000222222211100
000000222222211100
000000222222211100
000000222222211100
000000222222211100
000012222222111000
000012222222111000
000012222222111000
000012222222111000
000012222222111100
000012222222111100
000012222222111000
001110012222222
000000012222222
000010012222222
100001012222222
000001012222222
100001012222221
100001012222222
100001012222221
100001012222221
100001012222221
100001012222221
000001012222221
000001012222221
010000012222221
010000012222221
011100022222221
011100022222221
011100022222221
011100022222221
011100122222221
010010112222222221000000
011010112222222221000000
010010112222222221010010
010110112222222220010010
010110112222222220010010
011110112222222220000000
110100122222222220010010
111100122222222210020000
000000000112222222000
000000000112222222020
000000000102222222000
000000000102222222200
000000000102222222000
000000000102222222000
000000000102222222000
000000000002222222220
001000000002222222220
001000000002222222220
001000000102222222220
001000000102222222220
001000000122222222220
001000000122222222220
001000000122222222200
001000000122222222200
001000000122222222200
001000000122222222200
001000000122222222200
001000000122222222200
001000000122222222200
001000000122222222200
001000000122222222200
001000000122222222200
001000000022222222200
001000000022222222200
000000000022222222200
022222222222220
022222222222200
022222222222200
022222222222200
022222222222220
222222222222200
222222222222200
222222222222200
222222222222200
222222222222200
002222222222222222
002222222222222222
002222222222222220
002222222222222220
002222222222222222
002222222222222220
022222222222222220
022222222222222222
022222222222222220
000222222222222222222
000222222222222222222
000222222222222222222
000222222222222222222
000222222222222222222
000222222222222222222
000222222222222222220
000222222222222222221
000222222222222222221
000222222222222222221
000222222222222222221
000222222222222222221
000222222222222222221
002222222222222222221
002222222222222222221
001222222222222222221
001222222222222222221
001222222222222222220
001122222222222222221
000222222222222222220
000022222222222210100
000022222222222210100
000022222222222210100
000022222222222200000
000022222222222200000
000022222222222200100
000022222222222210100
000022222222222200001
000022222222222200001
000122222222222200101
010122222222222200001
010222222222222200001
010222222222222200001
000222222222222000001
000222222222222000001
010222222222222201000
000222222222222201000
010122222222222101000
010122222222222101000
000222222222222100000
022222222222222222222222220000
122222222222222222222222220000
122222222222222222222222200001
122222222222222222222222200010
122222222222222222222222200000
122222222222222222222222200000
222222222222222222222222200100
222222222222222222222222200100
222222222222222222222222200110
222222222222222222222222200110
002222222222222222222000000000
002222222222222222222000000000
002222222222222222222000000000
002222222222222222222000000000
002222222222222222222000000000
002222222222222222222000010000
022222222222222222220000000000
022222222222222222220000000000
022222222222222222220000000000
022222222222222222220000000000
000100222222222222220000001000
000101222222222222200000001000
001102222222222222200010001000
000002222222222222200010001000
001002222222222222200010001000
001002222222222222200000001000
001002222222222222200000001000
000002222222222222000000001000
010002222222222222200000000000
001002222222222222000000010000
000122222222222222222222001000000
000122222222222222222222201000000
000122222222222222222222221000000
000122222222222222222222201000000
000122222222222222222222001000000
000122222222222222222222200000000
000122222222222222222222200000000
000122222222222222222222200000000
000222222222222222222222000000000
000222222222222222222222200000000
010222222222222211000000000000000
000222222222222111000000100000000
000222222222222111000000100000000
000222222222222210000000100000000
000222222222221210000000000000000
000222222222222210001000000000000
002222222222222110001000000000100
002222222222221110001000000000000
102222222222222210000000000000000
102222222222222110000000000000000
000002222222222222222000000000
000022222222222222220000000000
000022222222222222202010000000
001022222222222222200000000000
000022222222222222220010000000
000022222222222222202000000000
000222222222222222200000000000
000022222222222222200000000000
000022222222222222200000000000
000222222222222222200000000001
000000000100000000000001222222222222222222220100000000
000000000100000000000002222222222222222222222000000000
000000000000000000000012222222222222220222221000000000
000100000000000000000022222222222000
000100000000000000000222222222220000
000100000000000000000222222222220000
000000000000000000000222222222220000
001000000000000022222222222222222222200110
001000000000000022222222222222222222200110
001000000000000222222222222222222222200100
001000000000000222222222222222222222200100
010000000000000222222222222222222222000100
111222222222222222222210000110
111222222222222222222210000100
111222222222222222222210000100
111222222222222222222120000100
001122222222222222
001122222222222222
001222222222222222
011222222222222222
000000002222222222222222222000
000000002222222222222222222000
000000002222222222222222222000
000000022222222222222222222000
000000022222222222222222220000
000001000000000000122222222222222001
000001000000000000122222222222222001
010001001000000001122222222222222001
010001001000000001122222222222222001
010001001000000001122222222222222000
010001001000000001122222222222222000
010001001000000001122222222222222010
010001001000000001122222222222222010
000001000000000001222222222222222010
000001000000000001222222222222222010
000001222422222222222222222222222220000000000000
000001222422222222222222222222222220000000000000
000001222422222222222222222222222220000000000000
022222222222222222000000
122222222222222222000100
222222222222222220000100
000000022222222222222222222222
000000022222222222222222222222
000000022222222222222222222222
000000222222222222222222222221
000000000001000222222222200000
000000000001000222222222200000
000000000001000222222222000000
000000000011000222222222000000
000000000000000022222222222221101002222201
000000000000000022222222222222111010222201
000000000000000022222222222222111012222200
000000000000000022222222222211100102222010
000000000000000022222222222211010102222010
000000000000022222220001000000000000
000000000000022222220000000000000000
000000000000222222222010000000000000
000000000000222222220010000000000000
000000000000222222220010000000000000
010000000110222222222222222211111000100000000000
010000001110222222222222222211111000100000100000
010000001112222222222222222211111000100000100000
100000001102222222222222222211110001100000100000
010000010000000001000000000222222222222222222222010000
100000000000000000000000002222222222222222222222000000
100000000000000010000000002222222222222222222220100001
100000000000000010000000002222222222222222222220100001
000222222222222222222222222222
000222222222222222222222222222
000222222222222222222222222222
002222222222222222222222222222
002222222222222222222222222222
000010222222222222222222222200000000
000012222222222222222222222200001000
000002222222222222222222222200010000
000002222222222222222222222200000000
010002222222222222222222222001010000
000002222222222222222222222222222222220000
000002222222222222222222222222222222220000
002002222222222222222222222222222222200000
002022222222222222222222222222222222200000
000000000000222222222222222222222222222200000000
000000000000222222222222222222222222222020000000
000000000000222222222222222222222222222020000000
000100000000022222222222222222222221111000
000100000000022222222222222222222211111100
000100000000022222222222222222222221111100
000100000000022222222222222222222211111000
000100000000022222222222222222222211111000
000100000000022222222222222222222211111000
000100000000022222222222222222222211111000
000100000000022222222222222222222211111000
000100000000022222222222222222222211111000
001000000000022222222222222222222211111000
000000000000011000000112222222222222222222222222
000000000000000000000112222222222222222222222222
000000000000000000000112222222222222222222222220
000000000000000000000122222222222222222222222200
000000000000000012222222222222201111000010
000000000000000112222222222222211110000110
000000000000000112222222222222211110000110
000000000000000122222222222222211100000110
000222222222222222222222222220001110100000000010222222222222011000000000
010222222222222222222222122220001110100000000012222222222221010000000000
012222222222222222222222222220011101000000000002222222222221110000000000
012222222222222222222222222200011101000000000102222222222221110000000000
000000001000022222222222222222221111001100
000000001001022222222222222222221111001100
000000000001222222222222222222221110011100
000000000001222222222222222222211110011000
022222222222222222222000000000
222222222222222222222200000000
222222222222222222222200000000
222222222222222222222200000000
222222222222222222220001000001
001000000000000000100022222222222244444440
001000000000000000100222222222222244444440
001000000000000000100222222222222244444400
011000000000000001000222222222222444444400
000000000000000002222222222222222222222000
000000000000000022222222222222222222222010
000000000000000022222222222222222222222010
000000001000000022222222222222222222222000
000000001000000022222222222222222222222000
000000001000000022222222222222222222222000
000000001000000022222222222222222222222000
000000000000000022222222222222222222220000
000000000000000022222222222222222222220000
000000000000000022222222222222222222220000
000000000000000002222222222222222220000000
000000000000001002222222222222222201000000
000000000000001002222222222222222220000000
000000000000001002222222222222222201000000
000000000000001002222222222222222201000000
000000000000001022222222222222222201000000
000000000000001022222222222222222201000000
000000000000001022222222222222222200000000
000000000000001022222222222222222200000000
000000000000000022222222222222222200000000
000000022222222222222222222222
000000022222222222222222222222
000000022222222222222222222222
000000022222222222222222222222
000000022222222222222222222222
000000000000000000001000000000002222222220000022022222222222
000000000000000000001000000000002222222200000022022222222220
000000000000000000001000000000002222222200000020022222222220
000000000000000000000000000000022222222200000220222222222220
000000000000000000022222222222222222
000000000000100000122222222222222222
000000000000100000122222222222222222
000000010022222222222222222220000000011000
000000110002222222222222222200000000110000
000000010022222222222222222200010000110000
000000110022222222222222222001000000110000
000000000000022222222222222222222222222222222110
000000000000022222222222222222222222222222220111
000000000000022222222222222222222222222222220110
000000000000022222222222222222222222222222200110
000000000000222222222222222222222222222222200110
000000000000000000000000000222222222222222222222222222222211
000000000000000000000000002222222222222222222222222222222211
000000000000000000000000002222222222222222222222222222222211
000000000000000000000000002222222222222222222222222222222011
000000000000000000000000002222222222222222222222222222222011
110122222222222222222222221111
010122222222222222222222221111
100022222222222222222222211111
000222222222222222222222211101
011111222222222222221101
011111222222222222221000
011111222222222222221101
011112222222222222221001
000000000022222222222222222222220001
010000000022222222222222222222220001
000000000022222222222222222222220000
000000000022222222222222222222220000
000000000222222222222222222222200000
000000000000000000000001122222222222200000
000000001000000000000001122222222222000000
000000001000000000000001122222222222000000
000000001000000000000011122222222222210001
000000001000000000000011122222222222010001
000000000000000000000011122222222222010001
000000000000000000000011222222222222010001
000000000000000000000011222222222222010000
000000000000000000000011222222222222010001
000000000000000000000011222222222222000000
000022222222222222222222222222222000000000
000222222222222222222222222222222000000000
000222222222222222222222222222222000000000
000222222222222222222222222222222000000000
000000000010000000000002222222222202222200000000104444444444
000000000000000000000002222222222202222200000000104444444444
100000000000000000010002222222222222222200000000004444444444
000000000100000000000022222222222022222000000001044444444444
001122224444422222224422222244422222222211110000000000000000
001222244444422222244422222244422222222211110000000000000000
011222244444222222444222222244422222222211110000000000000000
011122244444222222244222222244222222222111100000000000000000
011122244444222222244222222244222222222111100000000000000000
000000000002222222222222222222222222
000000001002222222222222222222222222
000000001022222222222222222222222222
000000001022222222222222222222222222
000000022222222222222222222010000000
000000022222222222222222222000000000
000000222222222222222222222000000000
000000222222222222222222202000000000
001000122222222222222222222111111100
000000122222222222222222222111111100
010000222222222222222222222111101000
010001222222222222222222222111111000
000000000000011100002222222222222211100100
000000000000111100022222222222222211100100
000000000000111000022222222222222211101100
000000000000111000022222222222222111101000
001111122222222222222222220000000000
011111222222222222222222200000001000
011111222222222222222222200000000000
011111222222222222221222200000000000
011111222222222222221222000000000000
400440400442222222222222244444
400440040412222222222222244444
400444040412222222222222244444
404444000412222222222222244444
404444000412222222222222244444
404440000412222222222202444444
404440400412222222222212444444
004444400112222222222222444444
004440400112222222222222444444
004440000422222222222222444444
000000000010202222122220222222200000001000
100000000010002222222022222220000000001000
000000000010022222222022222220000000001000
000000000010002222222222222220002000011000
000000000010002222222222222220002000011000
000000000000222222222222222220000200011000
000000000000202222222222222220000200011000
000000000100222222222222222200000200010000
000000000100222222222222222200000200010000
000000000100022222222202222200000000010000
000000022222222222221222210011100000
000000222022222202221220210010100000
000000222222222202222220200010100000
000000222222222222222222100010100000
000000010222222222222222222222222220
000000012222222222222222222222222220
000000002222222222222222222222222200
000000102222222222222222222222222000
010000022222222222222222222211111000000000
000000022222222222222222222211110000000000
000000022222222222222222222211110000000000
000000022222222222222222222211110000000000
000000022222222222222222222211110000000000
000000222222222222222222222211110000000000
000000222222222222222222222211110000000000
000001222222222222222222222211110000000000
000001222222222222222222222211110000000000
100001222222222222222222222111110000000000
100000000000000002222222222222220111
100000001000001022222222222222220110
010000001000000022222222222222221110
010000001000000022222222222222201110
000001022222222222222222222222222200
000001022222222222222222222222222200
000001222222222222222222222222222200
000000222222222222222222222222222000
010000000000122222222222222110000111000010000000
010000000000122222222222222001101111000010000000
100000000000022222222222222000111111000010000000
100000000001222222222222220101111111000100000000
010000000000000002222200110000001000000011
010000000000000002222100110000001100000010
010000000000000002222000101000001000000110
000000000000000002222000100000011000000110
010010101001001122222222222221
000000000001001122222222222221
000000001001001122222222222221
100100000010001122222222222221
000100000010001122222222222221
100101010010001222222222222211
100101010010001222222222222221
100101010010001222222222222211
100101010010001222222222222211
100101010010011222222222222211
000000000000000000111022222222222222020000
000000000000000000111022222222222222002000
000000000000000000110022222222222222000000
022222222222222222222222222000
022222222222222222222222220000
022222222222222222222222220000
022222222222222222222222220000
022222222222222222222222222000
000000222222222222222222222222222222222221
000000222222222222222222222222222222222221
000000222222222222222222222222222222222221
000002222222222222222222222222222222222221
000002222222222222222222222222222222222221
000001222222222222222222222222222222222221
000001222222222222222222222222222222222201
000001222222222222222222222222222222222210
000001212222222222222222222222222222222211
000000222222222222222222222222222222222210
012222222222222222222222222222222222222222222222222000000000
122222222222222222222222222222222222222222222222222000010000
122222222222222222222222222222222222222222222222220000010010
122222222222222222222222222222222222222222222222220000011100
122222222222222222222222222222222222222222222222220000010100
000001100002222222222222222222222222222000000000000011000000
000001100012222222222222222222222222220000000000000011000000
000010100022222222222222222222222222200000001000000011000000
000100000022222222222222222222222222220000001000000010000000
000011000022222222222222222222222222200000001000000110000000
001000222222222222222222222222221110000001000000000000000000000000
000002222222222222222222222222111110000001000000100000000000010000
000002222222222222222222222221111110000001000000100000000000000000
010002222222222222222222222222221100000000000000100000000000000000
010002222222222222222222222212211100000000000000000000000000000000
