00100000000012222221000000100000010
00100000000022222220000000100000100
00100000000022222220000000100000100
000000000000000000002222210000000000000100000
000000010000000000002222200000000000001000000
000000010000000000012222220000000000001000000
000000000000000000022222220000000000000000
000000000000000000022222200001000000000000
000000000000000000222222200001000000000000
00000000000000000222222222222000000
00000000000000002222222222222000001
00000000000000002222222222220000001
000000000000000000002222222222222220000000111000000000000000000
000000000000000000002222222222222220000000110000000000000000000
000000000000000000022222222222222220000011111000000000000000000
000000000000000000002222222222222220000000111000000000000000000
000000000000000000002222222222222220000000110000000000000000000
000000000000000000022222222222222220000011111000000000000000000
0022222222222000000000000000
0222222222222000000000000000
0222222222220000000000000000
0000011000000022222222222111
0000010000000122222222222111
0000010000000222222222222111
00011122222222
00011122222221
00011222222221
00111222222111
01111222221011
01112222221111
000000000022222222222222222220000000000010000000000000
000000000022222222222222222220000000000000000000000000
000000000022222222222222222200000000000000000000000000
000000000000000222222222222220000000010000000
000000000000000222222222222220000000000000000
000000000000002222222222222200000000000000000
0000000000000000000000011000000000000000110000000000000000110000000000000000000000111222222222222222222222222000001000000000000000011
0000000000000000000000011000000000000000110000000000000000100000000000000000000000111222222222222222222222222000011000000000000000110
0000000000000000000000110000000000000001100000000000000000100000000000000000000001111222222222222222222222220000111000000000000000110
1000000000000000001000000000000000000000000100011111111000000000000000001100000000000000000001022222222222222222222222222222222222001
0000000000000000001000000000000000000000001100111111111000000000000000011000000000000000000011222222222222222222222222222222222222001
0000000000000000001000000000000000000000001000111111111000000000000000001000000000000000000010222222222222222222222222222222222222011
0000000222222222222222200000000000000000001100000
0000000222222222222222200000000000000000001000000
0000000222222222222222200000000000000000001000000
40000002222222222200000000000000000000000000000000000110
40000002222222222000000000000000000000000000000000001100
40000022222222222000000000000000000000000000000000001100
000000000000100000000000000000000000000000000222222222220000000000000000000444444444
000000000001100000000000000000000000000000000222222222220000000000000000004444444444
000000000001000000000000000000000000000000000222222222220000000000000000004444444444
000000000000000000000000000000022222222210000000000000004444444
000000000000000000000000000000222222222210000000000000004444444
000000000000000000000000000002222222222210000000000000044444444
11000022222010000000
11000022220000000000
11000022220100000000
0002200000
0022200000
0022200000
00000001222222222222221111000011100
00000002222222222222210111000000000
00000012222222222222211110000001000
00001100222222222222222222222222000
00011102222222222222222222222220000
00011002222222222222222222222220000
00000000000000000002222001000000000
00000000000000000022222000000000000
00000000000000000002222000000000000
00000000000002222000000000000000000
00000000000002222000000000000000000
00000000000022220000000000000000000
00000222222222000000000000100000000
00000222222222000000000000100000000
00000222222222000001000000000000000
00000000001000001122222222100000000
00000000001000011122222222200000000
00000000010000011222222221000000000
0000000000011122222221111011
0000000000011222222221111011
0000000000111222222221111010
000000000000000022222222222200001000000000
000000000000000022222222222200000000000000
000000000000000022222222222200000000000000
000010000000000222222222222222000001100010
000010000000000222222222222220000001100000
000100000000002222222222222220000001000000
000001000000000000000000222222222222222222222222222222222222220
000001000000000000000000222222222222222222222222222222222222220
000001000000000000000002222222222222222222222222222222222222220
000000000000000100000012222222200000000000000
000000000000000100000022222222200000000000000
000000000000000000000122222222200000000000000
000000000010000222222222222
000000000100000222222222222
000000000100002222222222222
110000000000000000000022222222222222222222111
110000000000000000000022222222222222222222111
110000000000000000000222222222222222222222111
000012222222211110000000000000000000000000000
000122222222210010000000000000000000000000000
000122222222211000010000000000000000000000000
000100000100000001222222222000000000000000000000000000
000100001000000001222222222000000000000000000000000001
000100001000000001222222222000000000000000000000000001
000000000022222220100001000000000000000000
000000000222222220100000000000000010000000
000000000222222201000000000000000010000000
00222222222222220000000000000000000
02222222222222220000000000000000000
02222222222222200000000000000000000
000000000000222222222222220200000000000000
000000000000222222222222220000000000000000
000000000002222222222222200000000000000000
000000000000222222222000000000000000000000
000000000000222222222000000000000000000000
000000000002222222222000000000000000000000
0000000000000000000000000000110110000000000111111000000000000110000000000000000000000000110011144022222222222222222222111110000000000
0000000000000000000000000000111100000000000111111000000000001110000000000000000000000000100111144022222222222222222221111110000000010
0000000000000000000000000001101100000000001111110000000000001110000000000000000000000000101111444222222222222222202222121100000000010
0000000000001000000000222222222222200000000000100
0000000000000000000002222222222222200000000000010
0000000010000000000002222222222222200000000000100
0000000000000000022222222222
0000000000000000222222222222
0000000000000000222222222222
0010000000100001112222000000000100000011000000000
0100001000100001112222000000001100000011000000000
0100000001110111122220000000001000000010000000001
0001000000000000000000222222010000000000000000001
0011000000000000000000222222010000000000000000001
0010000000000000000000222220110000000000000000001
00000012222222222222210110000000000
00000002222222222222201110000000000
00000102222222222222201100000000000
0000000022222222220110011100
0000000002222222220110011100
0000000022222222220110111100
000000111000000000000000110000000001111122222222222222222222222222200111111100111100000000000000010000000000011000
000000111000000000000000110000000001111222222222222222222222222222000111111101111000000000000000110000000000011000
000000110000000000000001100000000001111222222222222222222222222222200111111001111000000000000000100000000000111000
000000000000000000001100000000000000000001111111112222222222222222221111111111111110000000000000000000000000000000
000000000000000000011100000000000000000001111111122222222222222222211111111111111110000000000000000000000000000000
000000000000000000011100000000000000000001111111122222222222222222211111111111111110000000000000000000000000000000
000000000222222222222222000000000000000010000
000000100222222222222220000000000000000110000
000000002222222222222220000000000000000100000
000000000000100000100222222221010000000000010
110000000000000001110222222221110100000000010
100000000001000000102222222211110100000000000
000000011110000000001122220011000000000000
000000011110000000001122220011000000000000
000000011110000000001222200011000000000000
100000000001000000000000000000000000110000
100000000001000000000100000000000000100000
100000000001000000000100000010000000100000
0000110000000000000011000000000000000100000002222222222222222222222222222222222222000000000000000000010000000001100000000000011000000
0000110000000000000011000000000000000100000002222222222222222222222222222222222220000000000000000000110000000001100000000000011000000
0000110000000000000110000000000000000100000022222222222222222222222222222222222220000000000000000000110000000001100000000000110000000
0011000000000111000000000000000000000100000022222222222222222222222222222222222222222011000000000000000000011100000000000000000000001
0110000000000110000000000000000000000100000002222222222222222222222222222222222222222111000000000000000000011100000000000000000000011
0110000000001110000000000000000000000100000022222222222222222222222222222222222222220111000000000000000000011000000000000000000000010
0000111100000000000000000000000000000011000002222222222222222222222222222222222222000011110000000000000000011110000000000000000011110
0000111000000000000000000000000000000011000002222222222222222222222222222222222220000111100000000000000000111100000000000000000001110
0000111010000000000000000000000000000111000022222222222222222222222222222222222220001111100000000000000000111100000000000000000011110
0000000000000000000000000001100002222222222222222222222222222222222000110000000000000000000000011100000000000000000000000111000000000
0000000000000000000000000011100022222222222222222222222222222222220000110000000000000000000000011100000000000000000000000110000000000
0000000000000000000000000011100022222222222222222222222222222222220001100000000000000000000000011000000000000000000000001110000000000
000000000222222222200000000
000000000222222222001000000
000000002222222222001111100
000002222222222222000000000
000002222222222222000000000
000002222222222222000000000
00000000000010000000000000222222222222210000000000000100
00000000000010000000000000222222222222200000000010000001
00000000000010000000000000222222222222000000000010001001
0000000000011000000100000010000002222222222222222
0000000000010000000000000010000002222222222222222
0000000000010000001000000010000022222222222222222
1111110000000001022222211
1111110000000000222222211
1111100000000000222222211
10000000000000022222222101000011000
00000000000000022222221101100011000
00000000000000022222221101000010000
0000000000000022222222222222220001100000000000000
0000000000000022222222222222220011000000000000000
0000000000000022222222222222220011000000000000000
0010000000000000000022000000100000000000000000000
0110000000000000000022000000000000000000000000000
0100000000000000000020000000000000000000000000000
000000000000000000000000000000022222222222222222222101111000001000000001
000000000000000000000000000000022222222222222222221101110000001000101000
000000000000000000000000000000222222222222222222212111110000001000000001
000000101100000000000000000022222222222222222221111111100111100
000000111000000000000000000022222222222222222221111111000111000
100001101000000000000000000222222222222222222211011111001111000
000000000000000000000000000000022222222222222222222101111000001000000001
000000000000000000000000000000022222222222222222221101110000001000101000
000000000000000000000000000000222222222222222222212111110000001000000001
11111122222222211111111111111010111
11111122222222011111111011111110111
11111222222222111111111011110100111
10111100010122222222211111111111111
10110000010222222222201111111111111
01100000100222222222101111111111111
11222222221100
12222222222000
12222222222022
00112222222222
00112222222222
01122222222222
000000222222222222222222200000000000000000000
000002222222222222222222000000000000000000000
000002222222222222222222000000000000000000000
000000000000002222222222222222210000000000000000000000
000000000000002222222222222222010000000000000000000000
000000000000022222222222222222010000000000000000000000
0011100000000001100000000001100000000000000000000000000000000000000000001111112222222222222222222222222222222200000000000000000000000
0001100000000001100000000001100000000000000000000000000000000000000000001111122222222222222222222222222222222200000000000000000000000
0011100000000011000000000001100000000000000000000000000000000000000000011111122222222222222222222222222222222000001100000000000000000
000000001100000011111100000110000000000001100000000002222222222222222222222211100000000000000001110000000001100000
000000011100000111101100101110000000000000100000000002222222222222222222222221100000000000000001110000000001000000
000000011100000111111000101110000000000010000000000022222222222222222222222211000000000000000001100000000001000000
2222222222222220000000000000000000000000000000000
2222222222222200000000000000000000000000000000000
2222222222222200000000000000000000000000000000000
0000022222222222000000000000000000000000000000000
0000022222222220000000000000000000000000000000000
0000222222222220000000000000000000000000000000000
0000000000000000000000000000222222222222000000001000000000004444444444
0000000000000000000000000000222222222220000000001000000000004444444444
0000000000000000000000000000222222222220000000001000000000044444444444
000000000000000000000000222222222200000000000001000444444444444
001000000000000000000002222222222200000000000001000444444444444
001000000000000001000002222222222000000000000000004444444444444
0022100000
0222000001
2222000001
2122220000
2122200100
1222200100
000000000022222222222222000011000000000000
000000000122222222222222000011000000000000
000000000122222222222220000010000000000000
000000001222222222222222201000001000000000
000000001222222222222222201000010000000000
100000002222222222222222211100010000000000
10000000012222222222222200000000100
00000000122222222222222200000000000
00000000122222222222222000000001000
00110000000022222000000000000000000
00110000000222022000000000000000000
00110000002222020000000000000000000
0000010000000022222222222222000000000000100000000
0000010000000022222222222222000000000000100000000
0000000000000022222222222222000000000001000100000
000000000000022222222222222222000000000000
000000000000022222222222222220000000000000
000000000000222222222222222220000000000001
000000000022222222222200000000000011001010
000000000022222222222000000000000111001010
000000002222222222222000000000000101000001
000000000000000011222222222100001000000000
000000000000000112222222221000001000000000
000000000000000112222222222000011000000000
000000000000000000102222222222200000000000000000002224444442210000000001000000000000000000000000010
000000000000000000000222224222200000000000000000002224444422210000000001000000000001000000000000110
000000000000000000022222222222000000100000000000000244444422210000000010000000000000000000000000100
0000111222222222221110000001
0001111222222222221110000001
0001111222222222221100000011
000000000000000000000012222111110220000100000
000000000000000000000012222111112220001100000
000000000000000000000112211121100201001000000
444444444444444400222222222222211114444401111004404444444
444444444444444401222222222222211114444101101004444444444
444444444444444401222222222222211114444111100004444444444
0000000000000000000000000000000000122222222222222001000000000000000000000000
0000000000000000000000000000000000222222222222222000010000000000000000000000
0000000000000000000000000000000001222222222222220010010000000000000000000000
000000000100000000000022222222200000000000000
000000000000000000000022222222200000000000000
000000000000000000000222222222200000000000000
000000000000000000220002222220002222200000000000000111000
000000000000000000020022222220002222000000000000000110000
000000000000000000202022222220222222000000000000001110000
00000000000000111100000000000000000000000000001100000000000000000000000000020222222222222202000
00000000000001111100000000000000000000000000011100000000000000000000000000220222222222222200200
00000000000001111100000000000000000000000000011100000000000000000000000000202222222222222220000
00000000000222222222211000000000000
00000000002222222222211000000000000
00000000002222222222210000000000000
0000000000022222222222000000000000000000000000000
0000000000222222222222200000000000000000000000000
0000000000222222222222002000000000000000000000000
000000000222222222222200000000000000000000
000000000222222222222200000000000000000000
000000000222222222222000000000000000000000
000000000222222222222222000000010000000000
000000002222222222222222000000000000000000
000000002222222222222222000000100000000000
0000000000000000000000000000000001000000000000000000000000000000000000111222222222222222220000000000000000000000000000000000000000000
0000000000000000000000000000000011000000000000000000000000000000000000012222222222222222200000000000000000000000000000000000000000000
0000000000000000001000000000000010000000000000000000000000000000000000112222222222222222200000000000000000000000000000000000000000000
0000000000000000000000000000000000000000000000000000000000000222222222222222222222222000000000000000000000000000000000000000000000000
0000000000000000000000000000000000000000000000000000000000002222222222222222222222222000000000000000000000000000000000000000000000000
0000000000000000000000000000000000000000000000000000000000002222222222222222222222222000000000000000000000000000000000000000000000000
00010100000001000000000000222222222
00110100000001000010000002222222222
00101100000011000010000002222222222
10001000000000000000022222222222222
10001000000100000000022222222222222
00010000000000000000022222222222222
00000000000000000000222222222222222
00000000000000000000222222222222222
00000000000000000000222222222222222
00000000000000000000000000000110000000001110000000000000011110000000111222222222222221111111111
00000000000000000000000000000100000000000110000000000000001100000000111222222222222221111111111
00000000000000000000000000000100000000001110000000000000011100000001111222222222222211111111111
110000000000111110110000111000000111000111222222222222222222221111111110100011100000000000000010000000000000000000
110000000001111100110000111000000111000112222222222222222222221111111100000011100000000000000110000000000000000000
100000000001111000100001110000000110001111222222222222222222211111111101000111000000000000000110000000000000000000
100000011000000001000002122210000000100000001100
100000111000000011000001022210000000100000011110
100000111000000011000002222100000000000000011110
0110000000000000000000000000100000000000000010000
0111000000000000010000000000000000000000000000000
1101000000000000000200000000000000000000000100000
0000000000000000000000001111000000000000000000000011112022222222222222222222222222222222221110000000000000000111110000000000000000000
0000000000000000000000001111000000000000000000000011112222222222222222222222222222222222221110000000000000000111110000000000000000000
0000000000000000000000011110000000000000000000000011110222222222222222222222222222222222221100000000000000000111110000000000000000000
000000022222222222000000
000000122222222222000000
000000122222222222000000
000000000002222222222222000
000000000022222222222222000
000000000022222222222220000
1100000000002222222222222222222222222222100000001100000000000000000000000000
1100000002002222222222222222222222222220100000011100000000000000000000000000
1100000002002222222222222222222222222220000100101100000000000000000000000000
000000000000000000000000001111000000000000000000000111000000000000000000000000001112121222222222222222222222222222
000000000000000000000000001111000000000000000000001110000000000000000000000000011112111222222222222222222222222222
000000000000000000000000011111000000000000000000000110000000000000000000000000011122112212222222222222222222222222
000022222222222222111010000000000000012222222222222222100000000000000000000000000222222222222222200
000222222222222222111100000001000000012222222222222222100000000000000000000000000222222222222222010
000222222222222222110000000000000000012222222222222222000000000000000000000000000222222222222222010
000100000000000000000000000001242222222240000000000000000000002222222222222200000000000001000000000
000000000000000000000000000001242222222040000000000000000000002222222222222240000000000000000000000
000000000000000000000000000002222222222440000000000000000000022222222222222210000000000000000000000
111100001002222222222222222001001111000000000002222222222222210111000000000000000000000000
111100000002222222222222222001001111000000000002222222222222200111000000000000000000000000
111100000022222222222222220001011111000000000022222222222222000110000000000000000000000000
222222222222222201111000110000000222222222222222200010011100000000020011122222222222222200
222222222222222201111000010000000222222222222222100002211100000000000011122222222222221200
222222222222222211011100000000002222222222222222000002011000000002020011122222222222220000
000010222222222222222221100000000001110222222222222201000000000000000000000012222222222222
000002222222222222222221000000000001112222222222222221000000000000000000000012222222222222
000012222222222222222211000000000011102222222222222221000000000000000000000022222222222220
000022220000000000000000001000000000000000222222200000000000001000000000000000100000000000011111111
000222200000000000000000011000000000001000222222000000000000001000000000000001100000000000011111111
000222220000000000000000010000000000001002222222000000000000001000000000000001100000000000011111111
100022222222222222200000000000000000110222200002222222222020000010000000000111111111111111
100222222222222222000000000000000000100200200022222222222000000010000000001111111111111111
000222222222222222000000000000000001100000200022222222220002000100000000001111111111111111
