0011111111111111110100000000000000
0000111111111111100100010000010000
0011111111111111100100010000010100
0011111111111111101100010000010100
0111111111111111101100010000010100
0111111111111111101100010000010100
0111111111111111101100000000000100
010111111101111110110000000000010
010111111111111100110000000000010
011111111111111100110000000000000
111110101111001111111101100
00111111001100111111010110
00111011001100011110011010
01011110001100111011110110
00011110000111101011101110
00111010000100111011011110
00100110000100111111011100
00110111010001111111111100
00111110110001111111101100
11100100011011101111101100
11111000010001011111111100011
11111000000001011111111000011
11110000000011011011111000001
11111000001001011111111011011
11110001000100111111111011001
11110000000010101111111011011
11110000000001111111111010011
11110100010100011111111000011
11110000000101111111111000011
11110000000110101111111000111
01111111111111111000000100000000000
11111111111111111010000100000000000
11111111111111111010000000000000000
11111111111111111010000000001001000
11111111111111111010000000001001001
11111111111111111000000000001001001
11111111111111111000100000001001001
11111111111111111000100000000000002
1111111111111111100010000000000000
1111111111111111100000000000000000
100111111111111111100001011000101
000111111111111111100001001001001
000111111111111111100000101000001
000111111111111111100000101000001
000111111111111111101000001000001
100111111111111111101001000000001
000111111111111111101001001010000
000111111111111111101000100000000
001111111111111111100000000001110
00011111111111111110000110000101
01111011111111111111111111111
01111011111111111111111111111
01111111111111111111111111011
01111011111111111111111111111
11111111111111111111111111111
11111111111111111111111111111
1011111111111111111111111111
1111111111111111111111111111
1111011111111111111111111111
1111111111111111111111111101
010001111111111111110011010
110001111111111111111111011
011101111111111111111110111
111111111111111111111111100
111111111111111111111111110
001011111111111111111011110
101001111111111111111111100
101001111111111111111011101
110001111111111111100011111
011011111111111111110111101
111111111111111111111111111111111
111111111111111111111111111111111
11111111111111111111111111111111
11111111111111111111111111111111
11111111111111111111111111111111
11111111111111111111111111111111
11111111111111111111111111111111
11111111111111111111111111111111
11111111111111111111111111111111
11111111111111111111111111111111
0000000000111111111111111111111110000
0000000000111111111111111111111110000
0000000000111111111111111111111110100
000000000011111111111111111111111110
000000000011111111111111111111110010
000000000011111111111111111111110000
000000000111111111111111111111110000
000000000111111111111111111111110000
000000000111111111111111111111110000
000000000111111111111111111111110000
011111111111111111111000000000010
111111111111111111111000000000000
111111111111111111111000001000000
111111111111111111111000001000000
111111111111111111111000001000000
111111111111111111111000001000000
11111111111111111111000000000010
11111111111111111111000000000010
11111111111111111111000000000010
11111111111111111111000000000010
00000000011111111111110000100000000
00000000011111111111110000000000000
00000000011111111111110000000000000
0000000001111111111111000000000010
1000000001111111111110000000000010
1000000011111111111110000000000010
1000000011111111111110000000000010
0000000011111111111110000000000000
0000000011111111111110000100000000
0000000011111111111110000100000000
