000022222222224444220000000000100
000022222222224444220010000000100
00002222222224444422001000000000
00102222222224444420001000000000
00102222222224444422001000000000
00002222222224444422001000000000
00002222222224444422000000000000
00022222222224444422000000000000
00002222222224444222000000000100
00022222222224444222000000000100
0110111022222222222100111011
0111101022222222222000101101
1111101122222222222000100111
1011100122222222222000111011
000010002222222222210011101
010010002222222222210011101
100010022222222222210010111
110011022222222222210011101
110110022222222222210011100
100110022222222222100001110
12222222222222222222222222001000
12222222222222222222222222000000
12222222222222222222222222000000
12222222222222222222222222000000
12222222222222222222222220000000
12222222222222222222222220000000
12222222222222222222222220000000
12222222222222222222222220010000
2222222222222222222222222001000
2222222222222222222222222001000
1112222222222222111001111111100000
1112222222222222111101111111110000
1112222222222222110001111111000000
1112222222222222110001111111101000
1112222222222222111101111111101000
1122222222222222101011111111101000
1122222222222222110011111111001000
1122222222222222111011111111001000
1122222222222222111011111111001000
112222222222222211011111111100000
00010222222222222222200000110000
00010222222222222222201000110110
00010222222222222222201000110110
00010222222222222222201000110000
0000022222222222222220100011010
0000022222222222222220100011000
0100022222222222222200000010011
0000022222222222222201000001010
0000022222222222222200000111010
0000022222222222222200000110000
11222222224222222222110111100010
11222222224222222222100011000011
1122222222422222222211001110000
1122222222422222222211001100000
1122222222422222222211001110001
1122222222422222222211011100000
1222222222022222222210111100001
1222222220222222222210111100011
1222222220222222222210111100011
1222222220222222222110111100000
002222222222222222222000000000000
002222222222222222222000000000000
002222222222222222222000000000000
002222222222222222222000010000000
002222222222222222222000010000000
012222222222222222222000010000000
012222222222222222222000010000000
02222222222222222222000001000000
02222222222222222222000000000000
02222222222222222222000000000000
0001222222222222222222221111000000
0001222222222222222222221110001000
1001222222222222222222221111000000
1001222222222222222222221111000000
0001222222222222222222221110000000
000122222222222222222222111000000
000122222222222222222222111100000
000122222222222222222222111000000
000222222222222222222222111000000
000222222222222222222222111000000
