411111001133333333333333301111
411111010133333333333333301111
410111111133333333333333111111
411011100133333333333333111110
411111110133333333333333111111
411011011333333333333333001011
401111011333333333333333011111
411111011333333333333333011111
411110111333333333333333010111
411110011333333333333333011111
01111003333333333000311111111110100000
0111103333333333330031111111111010000
0001103333333333030031111111111010000
0111103333333333330031111111111010000
1111003333333333300311111111111000000
1111003333333333000310111111111000000
1111003333333333000310111111111000000
1111013333333333000311111111110000000
1111013333333333300311111111110100000
1111013333333333000311111111110100000
0100001110001444433333300000000
0100001110003444433333333001000
0100011110004444433333303000000
0100011110004444433333303000000
0100011110004444433333103000000
0001111110014444333333133000000
1001011110014444333333303000000
1001011110014444333333033001000
100101111001444433313303300000
100101110001444433333333000000
0444441113333313333334444433330144
0444441113333333333334444433330144
0444441013333333333334444433331144
0444440113333333333334444433331144
0444441013333333333334444333331144
0444440033333333333334444333331444
0444440133333333333334444333331441
044444113333333333334444433333144
444444013333313333333444433330144
444441113333333333334444433330144
000000000033333333333001011000001000
000000000033333333333001010000001000
000000000033333333333001011000001000
000000000033333333333000010000011000
000001000033333333333000010000011000
000001000033333333333010010000011000
000001001033333333330010110000010000
000001001033333333330010110000010000
00000100133333333333001011000000000
00000000133333333333001011000001000
1111111111333333333333333333333311
1111111131333333333333333333333114
1111011111333333333333333333333114
1111011111333333333333333333333114
1111011111333333333333333333333114
1111011113333333333333333333333104
1110011113333333333333333333333114
1111011113333333333333333333333114
1110111113333333333333333333333114
111011111333333333333333333333311
0111133333333333011333331111010000001
1111133333333333111333331110010000000
1111133333333333111333331111010000000
1111133333333333111333331111010000001
1111133333333333011333331111000000000
1111133333333333111333331111000001001
111113333333333311133333111100000100
011133333333333311133333111000000100
111133333333333311133331110100000000
111133333333333011333331111000000001
144410333333333311113333333333331
144410333333333331113333333333331
144400333333333333113333333333301
144411333333333331303333333333312
14441133333333313131333333333330
44441133333333333131333333333332
44441133333333313110333333333331
44411133333333313110333333333331
44411133333333313113333333333330
44410133333333313113333333333330
00001100401010010033100013444440000
00001100401003010330000014444440001
00001100400000010333100114444440001
10001101011000000330000114444441001
0001110100003000033000011444444100
0001110101003010033010013444444100
0001110101113300033000111444444100
0001110101013300033000013444444100
0001110101113010333000011444440000
0001110101010010333000013444440000
1101110333333333333333301111114
110110033333333333333331111111
111110033333333333333331111111
111110033333333333333331111111
111110033333333333333331111111
111110033333333333333331111111
111110033333333333333301111111
111110033333333333333301111111
111110333333333333333301111111
111110333333333333333301111111
03333333333333333333333333330110000
01333333333333333333333333331100000
00333333333333333333333333331010001
0333333333333333333333333333111001
0330333333333333333333333333111001
0333333333333333333333333333110000
3333333333333333333333333333110011
0333333333333333333333333333100000
0333333333333333333333333333100000
0333333333333333333333333331100000
333333333333333333333331011
333333333333333333333331111
33333333333333333333333111
33333333333333333333333111
33333333333333333333333111
33333333333333333333333101
33333333333333333333333011
33333333333333333333333111
33333333333333333333331111
33333333333333333333331011
100010010333333333333333011411111110
110011010333333333333333114411111110
010011010333333333333333014411111110
110001000333333333333333114411111110
01000000333333333333333311411111110
01000000333333333333333311411011110
00001000333333333333333311411111110
10001000333333333333333311411111110
10010010333333333333333311410111110
10010010333333333333333011411111110
11003333333333333333333010101100
11003333333333333333333011100100
10003333333333333333333001110000
10033333333333333333333000100000
1103333333333333333333300110000
1103333333333333333333301111000
1103333333333333333333301110000
1103333333333333333333301110010
1003333333333333333333310100100
1003333333333333333333311101100
011044143333333344444444113110111001
011144143333333344444441111101110011
011044143333333344444444111000110001
011044143333333344444441111000110001
111044043333333444444441113100110000
111444443333333444444441113101110000
111444443333333444444441113101110010
111441433333333444444441113101010010
111441433333333444444441113111010010
111441433333333444444441111111110110
00110444444444444440111111100001
00111444444444444441111111101001
01111444444444444441111111101001
01110444444444444441111111100001
01111444444444444441111111100001
01104444444444444441111111100001
00104444444444444411111111101010
0110444444444444441111111100101
0110444444444444441111111100101
0110444444444444441111111000000
000000033333333333333333333333311
000000033333333333333333333333311
000000033333333333333333333333311
000000033333333333333333333333311
000001033333333333333333333333311
000001033333333333333333333333111
00000003333333333333333333333311
00000003333333333333333333333311
00000003333333333333333333333311
00000003333333333333333333333311
