000004444444444444444444444444444000
000004444444444444444444444444444000
000014444444444444444444444444441100
000014444444444444444444444444440100
00001444444444444444444444444444010
00001444444444444444444444444444000
00001444444444444444444444444444000
00001444444444444444444444444444000
00001444444444444444444444444444000
00001444444444444444444444444444000
004444444444444444411111111111111111111
00444444444444444441101111111111111111
00444444444444444440101111111111111111
01444444444444444440111111111111110111
01444444444444444440111111111101101111
01444444444444444440111111111111111111
01444444444444444411111111111111111111
01444444444444444411111111111111111111
01444444444444444411111111111111101111
04444444444444444410111111111111101111
1444444444444444444444410111
1444444444444444444444410011
4444444444444444444444411011
444444444444444444444441111
444444444444444444444440111
444444444444444444444440111
444444444444444444444440111
444444444444444444444410111
444444444444444444444440111
444444444444444444444410111
00444444444444444444444401111110010
01444444444444444444444401101110010
01444444444444444444444411101110100
01444444444444444444444401111110110
01444444444444444444444400101110100
04444444444444444444444410101110100
04444444444444444444444411111010101
04444444444444444444444111111110100
0444444444444444444444411111100010
0444444444444444444444411111110010
214444444444444444444444100010010
21444444444444444444444411001001
21444444444444444444444411001000
11444444444444444444444401000001
11444444444444444444444401000000
21444444444444444444444401000000
11444444444444444444444400000000
11444444444444444444444400010010
11444444444444444444444401010010
14444444444444444444444400010000
00000444444444444444444440040000000000000000
00000444444444444444444440040000000000000000
00000444444444444444444440040000000000100000
00000444444444444444444440140100000000100000
10000444444444444444444411040100000010100000
00001444444444444444444401400100100010100001
00001444444444444444444401410000100010000001
00001444444444444444444400410000100000000001
00004444444444444444444400410000000000000000
0000444444444444444444440141000000000000000
001444444444444444444444400000
004444444444444444444444100000
00444444444444444444444411000
00444444444444444444444411000
00444444444444444444444401000
01444444444444444444444401000
01444444444444444444444400000
01444444444444444444444400010
01444444444444444444444400010
01444444444444444444444400010
44444444444111111111444444444444444410
44444444444111111111444444444444444410
4444444444411111111444444444444444441
4444444444411111110444444444444444441
4444444444411111111444444444444444441
4444444444411111101444444444444444440
4444444444410111111444444444444444440
4444444444410111101444444444444444440
4444444444410111111444444444444444440
4444444444410111111444444444444444410
4444444444444444444444444444400000010020
4444444444444444444444444444400000010020
4444444444444444444444444444000000010000
4444444444444444444444444444100000010010
444444444444444444444444444410000000001
444444444444444444444444444410000000000
444444444444444444444444444410000000000
444444444444444444444444444400000000000
444444444444444444444444444400000000000
444444444444444444444444444400000000000
0000010000014444444444444000000001
0000010000014444444444444000000001
0000010000014444444444444000000001
0000010000044444444444441000100001
0000000000044444444444441000000001
0000000000044444444444441000000001
001000000004444444444444100000000
001000000004444444444444100000001
001010000014444444444444100000001
000010000014444444444444000000001
1144444444434444344444400000010000
1144444444334444444444400000010000
1144444444334444444444400000010000
114444444433444444444441000000010
114444444434444344444441000000010
114444444433444343444441000000010
114444444433444343444441100000010
144444444434444343444440100000000
144404444434444344444440100000000
144444444434444344444440000010000
00100144444444444444444444000000000
00000144444444444444444444000100000
00100144444444444444444444000000000
00000144444444444444444444001100010
00101144444444444444444444001100000
01001144444444444444444444000000000
00001144444444444444444444001101001
00101444444444444444444444000100001
0000144444444444444444444000010000
0100144444444444444444444001010000
1144444444444444011144444444444444444400
1144444444444441011144444444444444444400
1144444444444441111144444444444444444400
1144444444444440111444444444444444444401
114444444444444011144444444444444444440
104444444444444011144444444444444444410
144444444444444011144444444444444444410
144444444444444011144444444444444444410
144444444444444011144444444444444444410
144444444444444111144444444444444444400
11111111111111101001111111444111111111100
11111111111111001001111111444111111111000
11111111111111001011111111444111111111010
11111111111111000011111111444111111111000
11111111111111000011111114444111111111000
1111111111111100001111111444111111111101
1111111111111100001111111444111111111110
1111111111111100001111111444111111111100
1111111111111101001111111444111111111100
1111111111111100001111111444411111111100
0144444444444444444444444444410011
0144444444444444444444444444410011
0144444444444444444444444444410011
0144444444444444444444444444411011
0444444444444444444444444444411010
044444444444444444444444444440001
044444444444444444444444444441011
044444444444444444444444444411110
044444444444444444444444444414011
144444444444444444444444444411101
101441400404004444444011000000000
101444444404044444444011000000000
011444400404004444444011000000000
11144040400100444144441100000000
11141140041100444144401100000000
01141140404140444444411100000000
01444040004104444044411100000000
01414140004004444444411100000000
01401140004404444444411000000000
01441440004404444444011000000000
0144444444444444414000000000000000
0144444444444444401000000000000010
0144444444444444401100000000000000
0444444444444444401100100000000000
1444444444444444400100100000000000
1444444444444444400100100000000000
1444444444444444400100100000000000
1444444444444444100100100000000000
1444444444444444140100100000000000
144444444444444414000000000000000
00444444444444444444441011
11444444444444444444441011
00444444444444444444440111
14444444444444444444440011
14444444444444444444441110
14444444444444444444441011
1444444444444444444441101
1444444444444444444441101
1444444444444444444441001
1444444444444444444441011
144444444444444444444444101111
144444444444444444444444111100
144444444444444444444444011111
144444444444444444444444101111
144444444444444444444444011110
04444444444444444444444400111
14444444444444444444444400111
44444444444444444444444000010
44444444444444444444444100111
44444444444444444444444110111
0444444444444444444400010000001000
444444444444444444440001000000100
444444444444444444410001000000100
044444444444444444400001000001100
044444444444444444400001000001000
444444444444444444400001000001000
444444444444444444400001000001000
444444444444444444400001000001000
444444444444444444400000000001000
444444444444444444400000000001000
10001011444444444444444442000000
10001011444444444444444412000000
10000011444444444444444412000001
10010011444444444444444412000001
10000111444444444444444410000001
00000111444444444444444410000000
00000111444444444444444410000000
00000111444444444444444410000000
00010114444444444444444410000000
00010114444444444444444420000000
0111444444444444444444440000111101
0011444444444444444444410001111110
1114444444444444444444400011110111
0014444444444444444444410011110000
1014444444444444444444410011110000
1004444444444444444444411011110000
1114444444444444444444411001110000
1014444444444444444444411011111000
0114444444444444444444401011111010
101444444444444444444440001111101
444444444444444401011111111011111
444444444444444401001111111011111
444444444444444401001111111111111
144444444444444401001111111111111
444444444444444411001111111111111
44444444444444441100111111111111
44444444444444441112111111111111
44444444444444441101111111111111
44444444444444441101111111111111
44444444444444441001111111111111
0144444444444444444444440111110000000
0144444444444444444444440111110000000
0144444444444444444444440111110000000
0144444444444444444444440111110000000
0444444444444444444444440111110000000
0144444444444444444444401111110000000
044444444444444444444440111111000101
044444444444444444444440111111000101
044444444444444444444440111111000101
044444444444444444444440111110000001
04444444444444444440000000000000
04444444444444444440000000000000
04444444444444444440000000000000
04444444444444444440000000000000
04444444444444444440000000000000
14444444444444444440000000000000
14444444444444444440000000000000
14444444444444444410000000000000
44444444444444444410000000000000
44444444444444444410000000000000
010144444444444444444441000
000144444444444444444441000
00044444444444444444444100
00144444444444444444444100
00144444444444444444444100
00144444444444444444444100
00144444444444444444444100
00144444444444444444444100
00144444444444444444440100
01144444444444444444440000
00001444444444100001444444400010
00001444444444000004444444400011
00001444444444000004444444100011
00004444444444000004444444100011
0000444444444400001444444400000
0000444444444400001444444400001
0000444444444400001444444400011
0000444444444400001444444400011
0000444444444100001444444400111
0001444444444100001444444400111
000144444444444444440111010100000
000144444444444444440110010000000
000144444444444444441110000000000
000144444444444444441111010000001
000444444444444444441110000000001
000444444444444444440110000000001
000444444444444444431110000000001
00044444444444444443110000000000
00044444444444444443100000000000
00144444444444444440101000000000
1111444444444444444440010111111111
1111444444444444444410111110111111
1111444444444444444410011111111111
1111444444444444444410011111111111
1114444444444444444400111111111111
1114444444444444444400011111111111
111444444444444444440011111111111
111444444444444444441110111111111
111444444444444444441110111111111
111444444444444444440111111111111
00144444444444444444411101001
00144444444444444444411010001
00144444444444444444411010000
00144444444444444444401010000
00144444444444444444401010000
00444444444444444444400010000
00444444444444444444100000000
00444444444444444444101000000
0044444444444444444410000001
0144444444444444444410110001
14444444444444444444400100000000000
14444444444444444444400100000000000
4444444444444444444440010000010000
4444444444444444444440011000010001
4444444444444444444400010000010001
4444444444444444444400000000010001
4444444444444444444400000000010001
4444444444444444444400000000010001
4444444444444444444400100000000000
4444444444444444444400100000000000
001444444444444444444401101000000000
004444444444444444444401111010000000
004444444444444444444401110010000000
004444444444444444444101100100100000
004444444444444444444101101100100000
004444444444444444444111110100100000
004444444444444444444111010100100000
014444444444444444444011010100000000
01444444444444444444401100110000000
01444444444444444444401110000000000
0000144444444444444444444440000010
0001144444444444444444444440000010
0011144444444444444444444410000010
000144444444444444444444444000000
000144444444444444444444444000000
000144444444444444444444444000000
000144444444444444444444444010000
010144444444444444444444440010000
010144444444444444444444440000010
010144444444444444444444440000010
004444444444444444440000000000000000
004444444444444444440000000000000000
01444444444444444444000000000000000
01444444444444444444000000000000000
01444444444444444444000000000000000
00444444444444444444000000000000000
00444444444444444440000000000000000
00444444444444444440000000000000000
10444444444444444441000000000000000
10444444444444444440000000000000000
