10101111222111111
11000011222111111
11001111222011111
11010110222011111
11011112222011100
1100011222001111
1101101222011111
1101111222011110
1111111222010110
1111111222011111
10010033311000010000333100110000000000
11100033311000110000333100110000001000
10011033311100000000333100010000001000
01101033311101010000333100010000001000
11000333310001010100333100000000001000
11110333310001010100333100000001001000
1100033331001111010033110000000100000
1100033331001101010333100100000100000
1100033331101111010333100100000100000
0100133311000100000333100100000000000
14444000004444440000001444400000
14444000004444410000001444400000
44444000004444400000004444400000
44444000004444400000004444400000
44444000004444400000004444000000
4444000001444440000000444400000
4444000001444440000001444400000
4444000004444440000001444400000
4444000004444440000001444400000
4444000004444440000001444400000
111111111111111111111111111111111
11111111111111111111111111111111
11111111111111111111111111111111
11111111111111111111111111111111
11111111111111111111111111111111
11111111111111111111111111111111
11111111111111111111111111111111
11111111111111111111111111111111
11111111111111111111111111111111
11111111111111111111111111111111
14444100111144441110000001444440100
14444110001144441110000011444410100
14444100011144441110100011444410001
14444100011044441000000011444410011
14444100110444441111000001444410100
14441100010444411110000001444410011
14441110110444410111000001444410000
44441000110444411100000001444410001
44441000110444410101000001444401011
4444110011144441110000000444441001
110111011101000000110100100001
111011000101000000010000000001
011101110110000000110001000011
011101100100000000100000000011
111001001100000000110000000001
11111010010000000011100000000
01111010011100000011100100001
11110110001100000111100100011
11111010111100000111100100011
11011010001100000111100100001
001111000001111111000000111110000
001111000001111110000001111110000
011111000001111110000001111100000
011110000001111110000001111100000
01111000000111111000000111110000
01111000000111111000000111110000
01111000000111111000000111110000
01111000001111111000000111110000
01111000001111111000000111110000
01111000001111111000000111110000
002222210000022222200000000222222000
002222210000022222200000000222222000
002222100000022222200000000222222000
002222100000022222100000000222220000
022222100000022222100000000222220000
022222100000022222100000000222221000
022222100000122222000000000222221000
022222100000222222000000000222221000
02222210000022222200000000022222100
02222210000022222200000000022222000
11111101110011011110010110
11100111010011110011010110
1111111111011110001110011
1011011110010011111101111
1111101110000101011011010
1111111110111110011011110
1101101110001111011111110
1111101010001111010111110
1010101110011101010000110
1001101110001010001000110
0144441000001444444010000000000
0144440000001444444010001000000
0144440000001444444000001000000
0144440000004444444010001000000
0144440000004444444000001000000
0144440000004444444000000000000
0144440000004444440000000000000
0444440000004444440000000001000
0444410000014444440100000001000
044441000001444444010000000100
4444011100444441111111
4444110000444440111111
444400000044444011111
444411010144444011101
444001010144440011101
444011010144440111100
444111010144440011110
444011010144440111101
444011010144440111111
444011000444441111111
11211110011111222100011111111111111
11211010011111222100011111111111111
12211010011111221100011111111111111
12211110111111221100011111111111111
12211110111111221100011111111111111
12111100111111221100011111111111111
12111110111111221100111111111111111
12111010111111221100111111111111111
12111100111111221100111111111111111
12111100111112221000111111111111111
1111101033311010001111103333111110
1111101033311001001101003333111100
1111000033311101001101003333111100
1111000133310000001111003333111101
1111100033311001001101103333111110
1111110033301001101101113333111110
1101010033301100001101003333111100
111111033330111100110103333111110
111111033330111000110133333110110
111111033330011000110103333110110
0001101222200001024420011011100000
0011101222200000024420000011100000
0110101222200100024420000111100010
0011101222000000024020010111100010
1111000222000010024210010111000010
011100022200000002421101011100001
011110022210010002421101011100000
111110022210000004421101011100000
011100222200000014421111111100001
011110222200100024420000011100000
10144400111110444400011111111
10144400111111444400011111111
11144400011111444400011111111
11144400111111444401111111111
11144101111111444401111111111
01144101011111444401111111111
01144101111111444101111111111
01144101111111444100111111111
0114400111111444410111111111
0114400111111444410011111111
22222211101122222101111112222100
22222211001222221001111112222100
22222211111222221001111112222100
22222011100222221001111112222100
22222010000222221001111112222100
22222011100222221011111112222100
22222011000222221010111112222100
2222211000022222101111112222200
2222211010122222001111112222200
2222211100122222001111112222100
00000000000000000000000000000000
00000000000000000000000000000000
00000100000000000000000000000000
0000010000010000000000000000000
0000010000010000000000000000000
0000010000010000000000000000000
0000010000000000100000000000000
0000000000000000100000000000001
0000000000000000100000000000001
0000000000000000000000000000001
0000000010000000000000101001000100000
0000000010000000000000101001000100000
0030000010000000000000100001000100000
0000000000000000000000100000000000000
0000001000000000000000300000000000000
0010001000000000000310000000000000000
001000300000000000031000000000000000
000000300000000000031000000000000000
000000300000000000001001000000000000
000000000000000000000101000000100000
0101000101110014441000144441000
0111000101110014441000144441000
0111000101110044441000144441000
0111000001110044441000144441000
0101000001100044441000144441000
010000000110014444000014444100
010000000110014444000014444000
001000101110014444000044444000
011000101110014441000144444000
110000101110014441000144444000
111111111111111111111111111111111
111111111111111111111111111111111
111111111111111111111111111111111
111111111111111111111111111111111
111111111111111111111111111111111
111111111111111111111111111111111
111111111111111111111111111111111
111111111111111111111111111111111
111111111111111111111111111111111
111111111111111111111111111111111
000000000011000000000000000000000
000000000011000000000000000000000
000000000010000000000000000000000
000000000110000000000000000000000
000000000110000000000000000000000
000000000110000000000000000000000
000000100110000000000000000000000
000000000100000000000000000000000
00000000011000000000000000000000
00000000011000000000000000000000
44441440110010144440001000010000010010000
44411440111000144440000000010000010010001
44411440111100144441000000000000010010001
44411440111100444440000001010000010000001
44413410011101444441000000000000000000001
44414411111011444411000000000000000000000
44414411110011444411000000000000000000000
4441441110100144440100000010000000000000
4441440111110144440000001010000010000000
4441440100110144440100000010000010010000
00001000044444000000444444100000
00001000044441000000444444100000
00001000044441000000444444100000
00001000144441000000444444000000
00000000144440000000444444000000
00000000144440000001444444000000
00000000144440000001444444000000
00000000144440000001444444000000
00000000444440000004444444000000
0000000044444000000444444100000
111144401111144100001111444011
110444401011144100001111444111
110444401111044000000014444011
100444401011044000001014444011
110444411011444000001014441111
111444410011444000011114441000
010444410011441000011114441111
01144441001144100000111444111
01144411001144100001111444001
00144401001144100000111444000
00000000020000000000010000000100
00000000000000000000010000000000
00000000000000000000000000000000
00000100002000000000000000000000
0000010000000001000000000000000
0000010000200001000000000000000
0000010000000001000000000000000
0000000000000001000000000000000
1000000000000001000000000000100
1000000000000001000010000000100
1144410000044444100000004444010010
114440100004444410000001444410000
114440100004444410000000444410000
114441100004444000000001444110000
104441100004444100000001444110001
144440100004444000000001444110000
144441100004444110000001444010010
144440100014444110000001444010010
144410000014444000000004444010000
144400000014444100000004444010010
11011041110000001441100001001111
11004111110000011441100001011141
10014111100100114441100000011111
11010114100100014441100000001141
11011111100100014441100011001111
10011411100100014441100011001111
10011411100100014441100010011111
00110411100100014441100010011111
10010411100000014441100010011111
10110411010000014411000010011111
0004440000044444000000004444000000
0044440000044444000000004444000000
0044440000044444000000014444000000
0044440000044444000000044444000000
0044440000044444010000044444000000
0044440000044444010000044444000000
0044440000144444010000044444000010
0044440000144440000000044444000010
014440000004444000000004444000001
014441000044444000000004444000000
0010000111110111001011110000001
0000000111111011000011110000000
0000100111010010000011110000000
0000000111000111000011110000000
000000011100101000001111000000
000000011100101000011111000000
000000011100101001011111000001
000000011100100001011111000001
000000111100000001011111000001
000000111111010001011111000001
00111100000001111100000011100010
00111100000001111100000011100010
01111100000001111100000011100010
01111100000001111100000111100010
01111000000001111100000111100010
01111000000001111100000111000000
0111100000000111110000011100000
0111100100000111100000011100000
0111100000001111100010011100000
0111100000001111100000011100010
1110014441101001144400111111111111
1100144441101101144410111111111111
1000144440101001144400011111111111
1000144440001000144100111111111111
1000144410001010144100011111111111
1000144410001011144101111111111111
100114441001101144411110111111111
000014441001101144410111111111111
100014441001101144400111111111111
110014441001101144400111111111111
00011100000001111001000000100000000
00011100000001111001000000000001000
00011100000001111000000000000001100
00011101000001111000000000000001100
00011101000011111000000000000001000
00011001000011111000000000000001000
00011000000011110000000001000001000
0001100000001111000000100100000100
0001100000001111001000100100000100
0001100000001111001000100100000100
02244444440011122221100001111111
00244444440011122221100001111111
10244444440011122220100001111111
12244444440011122221000001111111
12244444440011112221000001111111
1224444444001122222101000111111
0244444444001121222101000111111
0244444444001122222001000111111
0244444440001122222101000111111
0244444440011122222111000111111
11111331100000000001113311100000001011111
11111331100000000001313311100001001011111
11111331100000000001313111100100011111111
11113331100001000001313311100100011011111
11113331101001000001311111100110010111111
11113331101001000011333311000100011011111
11113330000001000011311311000110010111111
1111331100000100001131111100000000011111
1111331100000000001113311100101001011111
1111331100000000001113311100000000011111
1000444000000000011133011000
1000444010000000011033010000
100144400101000001103101100
100144400100000001103111100
000344401100000011103110100
000344401010000011133000000
000444011100000011133010000
001444001000000011133011000
000444011000000011133010100
000444000000000011133011000
0000000014444400000014444400000011110101000
0000000014444400000014444400000011400111000
000000001444440000011444410000001040111100
000001001444411000011444400000001140111100
000001001444401000011444400000001110111100
000000001444401000014444400000001140101100
000000011444400000014444400000001140111100
010000011444400000014444400000001110101100
010000014444400000014444400000001110111000
000000014444400000014444400000001110101000
00100300000100000333001110000
00100000000000000333001110000
00100000000000000333001110000
00100000000000000333001110010
00000000000000003333001100000
00003000001000003333001100000
00000000001000003330001100000
0000100000100000333001110000
0000300000100000333001110010
0000300000100003333001110000
00444400000004444000000004440000
00444400000004444000000004440000
00444400000004444000000004440000
00444400000014441000000014440000
0044440000001444100000001444000
1144400100001444000000001441000
0144400100001444000010001441000
1044401100000444000010004440000
0444400000004444000000004440000
0444400000004444000000004440000
013333310000110043334441011110101
103333310000100043334401011110011
13333330001010004333444111111111
13333330400110004333444101111100
03333330400110003333444101111101
43333330000100000333444111111011
43333330000100043334441111111011
03333330000110013334441111110101
43333314000110043334441001111111
03333310000110043334401011111101
1001033333340001010001000000001000
1000033333340101000001000000001000
1000033333410101000000000000001000
1000033333410101000000000000001000
000003333341010100000000000000000
000003333341010100000000000100000
000003333340000000001000000100000
001003333340000010001000000000000
001033333340000010001000000000000
001033333340001010001000000000000
000101100100010000100100000001111000
00011010110001000100010100000111000
00110000010001000010010010000111000
00100100010000000000000010000011000
00111010010001000000000010010111000
00101110000000000100000010000011000
01112110001001000010000010001111000
00110100000010000110000010000011000
01110100110010000100100100000011000
01100100000010000100100000000101001
0110222220011100222221100000000
0100222220011110222221100000000
0100222220010000222221000000000
0100222220011000222221000000000
0102222220011000222201000000000
010222222001000022220100000000
010222222001000022221100000000
010222222000000022221100000000
000222222011000222221100000000
000222222011100222221100000000
110111333111001111111
111110333111000111111
111110333110001111100
111013333110001111111
111113331110011111110
111113331110011111000
111113331110011111100
111113331110011111000
011013331110011111100
11111333111001110110
000000000012221000000222220000000000
010000000022221010000222220000000000
010000000022221000000222220000000000
010000000022221000000222220000000000
010000000022211010000222220000000000
000000000022210110000222220000000000
000000000022210110002222210001000000
00000000002221010000222221010100000
00000000002221011000222221000100000
00000000012221011000222221000100000
0144000111111444101114100110000001101
0144100111111444101114010110000011111
0144000111111444011114100110000001111
0144000011111444001114100100101000111
0144001111111444011114100000100001011
004400111111144000114410010010000111
044400111111444001114410000010001111
144400114111444001114410100010001111
144000111111444100114410110000001111
144100111111444101114410100000101111
01444000000000144101011000001111
01441010000000144100011000011111
01441000010000144100011000010111
0444111100101014410101110001110
1444101100100144411101101001111
1444110100000144400011000001011
1444110000001144401111100111101
1444110001000144400111000001001
1444000000000144400111000001111
1444010000010144100110000011011
11144444001144444410111141110000
11144444010144444410110041110010
11444444010144444410110001110100
11444441010144444410114401110100
1144444111044444441010400111010
1144444111044444441011400111010
1144444111044444441000400111010
0144444011044444440000040110010
1144444011144444440011141110010
1144444001044444410110141110010
00013333444444111101330211111011110
00013330444441111113330011110111100
01013330444441111103330110010011110
0101333044444111111333300011011110
0001333044444111110333011011011110
0001333144444111101330011011011110
0011333144444111101330011011011110
0011333144444111111330011111011110
1013333144444111111330011011011110
1013333144444101111330211111011110
0144444140000014410111111441011111
0144444040100014410111111441111110
0144444040000014411111111441111010
0144444000000014410111111441111010
0144444000000004410111111441111000
0444444000000044411111111440111111
1444444000000144411111111440110110
1444444000000144411111111440111101
144444140000014401011111041011010
144444100000014410111111041011010
00000044444100000144444000000011
00000044444100000144444100000111
00000044444100000144444000000111
00000144444100000144444000000111
10000144444100000144444000000111
10000144444000000144444000000111
10000144444000000144444000000111
10000144444000000144444000000111
00000444441000000144441000000111
00000444441000000444441000000111
0010333301111111144110011111111111111
0013333301111111144110011111111111111
0113333311111111141110011001111111111
0113333311211111140100111002111111111
0113333311111111141100111111111111111
0113333311111111441100111101111111111
0103333011111111441101111111011111111
011333301111111144111110111111111111
011333301111111140110111111111111111
011333301111111144110111111111111111
0014444100000131320001144444000000
0114444100001111310001144444000000
0114444100001111310001144444000010
0114443100001111100001144444000010
0114343100001111100001144444000010
0114344100001011100001144440000010
011444410000131120000144444000000
013444410100134320000144444000000
014444310100134310000144444000000
014444100100134310000144444000000
111111333330111111111111110133001
111111333300111111111111110033001
111101333300111111111111110033101
111101333300111111111111110133001
11110033330011111111111111013300
11110033330111111111111111033301
11110033330111111111111111033301
11110333330111111111111111033301
11100333330111111111111110033301
11110333330111111111011110033301
14440011000004444001010011111100001
14440010000014444001010011111100001
44440010110014444000011011111101101
44440010100014444000010111111101011
4444000010001444400001011111110101
4444000000001444400001011111110000
4444000011104444401001011111111010
4441000000004444401001011111011111
4440111000004444101011011111011001
4440110000004444001011111111100010
00000000033100010000000000033301
00000000333100000000000000033301
00000001333100000000000000033311
00000001333100000000000000033311
00000001333000000000000000033011
00000001333000000001000000033011
10000001333000000001000000033011
10000001333000000001000000033011
10010001333000100001000000333011
00000001331000100000000000333011
0000001444100144444441000114440
000011144410104444444100010440
000011144410014444444100010441
000011144411104444444100010441
000011044411114444444100004441
000001144411014444444100014441
000011044411114444444000014441
000011344401114444444000014441
000010444411044444441000014441
000111444411144444441000014440
010103311000000010000101133010001
000103331000000000000111133011001
000003331000100000000011033011000
00000330100010000000001103301101
00000330100010010000001103301111
10103330000010010000000103111101
10103330000010010000001003011101
10103330010010010000011103011001
10103331010000010000101103011001
10103331010000010000111133010101
00000000000000000000000000000000000
00100000000000000000000000000000000
00100000000000000000000000000000000
00100000000000000000000000000000000
00000000000000000000000000000000000
10000000000000000000000000000000000
00000000000000000000000000000000000
00000000000000000000000000000000000
00001000000000000000000000000010020
00000000000000000000000000000000000
002222221000022222111111102222111
002222221000022222111011102222111
002222221000022221111111102222111
002222221000022220111111102222111
002222221000022221111111102222111
002222221000022221111111102222111
00222222100002222111111110222211
00222222000002222111111112222111
02222222000002222011111112222111
02222221000022222111111102222111
110444401000044444001001000100010001111
111444401100144444111001010000111111111
111444001000444440111001000010011111111
114444001000444440111010010000011111111
114444001000444440011000011011010110111
114444000000444441010001010000011111111
114444001000444440010000010001111111111
114444001000444440010000001110111111110
11444401000044444100000001101010111111
10444401000044444011000000111010001111
00001444440000041000000000000000000000
00000444440000141000000000000000000000
0000144444000004100000000000000000000
0000144441000014100000000000000000000
0000444441000014100000000000000000000
0001444440000014100000000000000000000
0001444441000014100000000000000000000
0001444440000014000000000000000000000
0001444440000104000000000000000000000
0001444440000104000000000000000000000
101111100000001111100000001110000
101111100000001111100000001110000
111111100000011111100000001100000
111111000000011111100000001100000
111111000000011111000000011100000
01111100000001111100000001110000
01111100000001111100000001110000
01111100000001111100000001110000
01111100000001111100000001110000
01111100000001111100000001110000
0000100000000100100011110000000
0000000000000100100011110000000
0000000000000100100011110000000
0000000000000000100011010000100
0000000000100000000111110000100
0000000000101000000111110000100
0000000000101000000111110000100
0000000000101000000111110000100
0001000000001000000111110000100
000100000000100100011110000000
0001011100100100111111000000000100000
000101111010010011111100001000000000
010011110000010111111100001000000000
000011110000010011111000001000101001
110011110000010111111000001000010011
010011110000010011111000100010100010
000011110000010111111010000010100001
000011110000110011111010000110000010
111011110000110111111010100010100000
111011100101000011111000000010001011
1110144411111100444444110001001010
111144410110100044444411010100100
101044410110100044444411010100100
111144411111000044444411100100000
101044400111010044444401000100001
111144410111110044444400101001000
110144411111010044444100011011100
111144411111000144444100100000000
110144401011010144444000000001010
110144401101100144444000001001011
14444011111444441100010001441411
14444011111444441100010001441411
14444011101444411100010004441411
14444411100444411100000004441111
14444110110444411100010004440111
44441011111444411000010004441111
44441000111444410000100004440111
44441110111444410000100004440111
44440111111444410001100014440111
44440111010444410101100014444110
001111100000111100000101111001001
001111110000111100000100111001001
100111100000111110000101111001001
101011100100111100000001111001001
101011110100111100000001111001001
101111100100111100000001111010001
101111100000111000001011111011001
101111100000111100001011111010001
01111110000011100000101111001000
01111110000111100000101111001000
0010000144441000001441000001100
0010000444441000004441000001100
0010000444440000004440000001100
001000144444100001444000000110
001000144444100001444000000110
000000144444100001444000000110
000000144441100001444000001110
000000144441000001444000001110
000000144441000001441000001110
000000144441000001441000001100
00000000000001000000000000000000110
00000000000010000000000001000000010
00000000000000000000000000000000000
00000000000010000000001010000100000
10001000000100010000000010000000200
00001000000011000000000000000000000
00000000000010010000001000000000010
00000000001010010000001000000001010
0000000000000000000000100000000111
0000000000001000000000101000000100
