0011111111111111110000000001110100000001100111110000000000000101110010000000000001111111111111111111111111111111111111111111111111111111111111111111111111111111111111111111111111111111111111111111111111111111111111111111111111111111111111100111111111110000011111111111111111111111111111111111111111111111111111111101111111111111111111111111111
0011111100000111111111111111111111111111111111111111111111111111111111111111111111111111111111111111111111111111111111111111111111111111111111111111111111111111111111111111111111111111111111111111111111111111101111101111111100011111111111111111111111111111111111110000111100100000000000000111111100010000000100011111111111111111111111100
00001011111111111111111111111111111111111111111111111111111111111111111111111111111111111111111111111111111111111111111111111111111111111111111111111111111111111111111111111111111111111111111111111111111111111111111111111111111111101111111111111111100001111111111111111000001010101001100011
000000011111111000000000101111111011100000111000000000000000000000000000000000000000000000000000111111111111111111111111111111111111111111111111111111111111111111111111111111111111111111111111111111111111111111111111111111111111111111111111111111111111111111111111111111111111111111111111111111111111111111111111111111111111110000000010010001111101000000000000000
1111111111111111111111110001111011100001001000110001101111111111111111111111111111111111111111111111111111111111111111111111111111111111111111111111111111111111111111111111111111111111111111111111111111111111111111111111111111111111111111111111111111111111111111011110101111111100000111
001000000000000000000000000000000000100000000001000001111111111111111111111111111111111111111111111111111111111111111111111111111111111111111111111111111111111111111111111111111111111111111111111111111000000000111111110000000000111000111100000011000000000000000000000000
111111111111111111111111111111111111111111111111111111111111111111111111111111111111111111111111111111111111111111111111111111111111111111111111111111111111111111111111111100100000011111110000000000000000011111110000000000000000011111100000000000000000000000000000000000000000000000111111100000000000000000000000011111100000000000000000000000011111
11111011111111111101111111111111111111111111111111111111111111111111111111111111111111111111111111111111111111111111111111111111111111111111111111111111111111111111111111111111111111111111111011111111111111111111111111111111111111111101010000000000000001011111111111111111111111111000011111110111111111111111111111111111111111111
111111111111111111111111111111111111111111111111111111111111111111111111111111111111111111111111111111111111111111111111111111111111111111111111111111111111111111111111111111111111111111111111111111111111111111111111111111111111111111111111111111111111111111111
1111111111111111111111111111111111111111111111111111111111111111111111111111111111111111111111111111111111111111111111111111111111111111111111111111110000010000000111111110000000000000000000000000001111111111111111111111111111111111001011100000000000000000000000000000000000000011111010000000000000000000000001111111100100
11111111111111111111111111111111111111111111111111111111111111111111111111111111111111111111111111111111111111111111111111111111111111111111111111111111111111111111111111111111111111111111111111111111111111111000000111111111100110111011000110000000000000000000001111100000000100000000000000000000110000001111111111111111100010
