01111010111111111111111114444411111111111111111444444444444444444444444444444444444444444444444434444114133333334444444444444444444444444444444444444444444444444444444444444444444444444111111111111111111111111111111111111111111111111111110000011111111011111111111111111111111111111111111111111100000000101101011111111
0000000000000000000000010000000110000000000000000000011111111101111010010010000000101111111133333333333333333333333333333333333333333333333333333333333333333333333333333333333333333333333333333333333333333330000000000000000001111111111101100000001111111111111111111111111101100001111101111011000010000000000000000111111111111111111110100000000000000011110001
3333333333333333333333333333333333333333333333333333333333333333333333333333333333333333333333333333333333333333333333333333333333333333333333333333333333333333333333333333333333333333333333333333333333333333333333333333333333333311111111111111111111111111111111
111111111111100010111111111110111414114444444444444444113333333333333333333333333333333333333333333333333333333333333333333333333333333333333333333333333333144444444444444444444444444444444444444444444444444444433333333333333333333333333333333333333333333333333333333333331111111111111111114411111011000001111110111111111111111111111111111111111111111111111111
1111111111111111111100011111111111111111111111111110100000000000000333333333333333333333333333333333333333333333333333333333333333333333333333333333333333333333333333333333333333333333333333333333333333333333333333333333333333010001111111111111111111111111111111111111111111111111111111111111111111111
00000000100001000000111110111113333333333333333333333333333333333333333333333333333333333333333333333333333333333333333333333333333333333333333333333333333333333333333333333333333333333333333333333333333333333333333333333333333333331111111111111111111111111111111111111101010111111111111111111111111111111111111111
11111111111111111111111111111111111111111111111111111111111133333333333333333333333333333333333333333333333333333333333333333333333333333333333333333333333333333333333333333333333333333333333333333333333333311111111111111111111111111111111111111111111111111111111111111111111111111111111111111111111111111111111111000011111110110000000000000000000001010000000000000001011
111114444444444444444444444444444444441111111111111111111133333333333333333333333333333333333333333333333333333333333333333333333333333333333333333333333333333333333333333333333333333333333333333333333333333333333333333333333333333333333333333333333333333333333333333333333333333333333333333333333333333333333333333311111111
11110011
1111133333333333333333333333333333333434344444441113333333333333333333333333333333333333333333333333333333333333333333333333333333333333333333333333333333333333333333333333333333333333333333333333333333333333333333333333333333333333333333333333333333333333333333333333333333333333111111111111111111111111110010111111101111111111111110011100011
00000000000000000000000000000000000000000000000000000011110000000333333333333333333333333333333333333333333333333333333333333333333333333333333333333333333333333333333333333333333333333333333333333333333333333333333333333333333333333333333333333333333333333333333333333333333333333333333333333333333333333333331111111111111111
000001011000000000111111110000000100000000010033333333333333333333333333333333333333333333333333333333333333333333333333333333333333333333333333333333333333333333333433444444444444433333333333333333333333333333333333333333333333333333333333311111111111111111111111111111111110111100111111111111111111111111111111111010111111111111111111111111111111111111111111111111
1011114444444444444444444444444444444444444444444444444444441111111111111111111111113333333333333333333333333333333333333333333333333333333333444411143333333333333333333333333333333333333343331343333333333333333344444444444444444444444444444444444444444443333333333333333333333333333333333333333333000011111111111144444444444441111111141
11111111111111111111111111111111111111110110110011111111111111111111111111111111141333333433333333333333333333333333333333333333333333333333333333333333333333333333333333333333333333333333333333333333333333333333333333333333333333333333333333333333333344444444444444444444444444444444444444444444444444441111111111111111111111111111111111111111
111111111111111111111000010001100000011111101111111111110101111101011111111110000033333333333333333333333333333333333333333333333333333333333333333333333333333333333333333333333333333333333333333333333333333333333333333333333333333333333333311111111111111111111111111111111111111111111111111111111111111111111111111111111111111111111111111111111111111111
000000000001110010000001010000000000000000001111100000000000000001000000000000000100000000100033333333333333333333333333333333333333333333333333333333333333333333333333333333333333333333333333333333333333333333333333333333333333333333333333333001001100000011010000000000000000000001000000000000001000
111111111111111111111111111111111110111010110100111111111111111111111111111133333333333333333333333333333333333333333333333333333333333333333333333333333333333333333333333333333333333333333333333333333333333333333333333333333333333333333333333333333333333333333333333333333333333333333333333333333333333333333333333331111111111111111111101
00000011111111101000000100000011010111111000001111101111111111111111111111111111111111111000100000000000000000000003333333333444444444444444400444444444444444444444433333333333333333333333333333333333333333333333333333333333333333333333333333333333333300000000000000000000000001000000000000000000000000010000
