11111111111111111101111111111111111
11111111111111111101111111111111111
11111111111111111111111111111111111
11111111011111111101111111110111111
11111111101111111101111111110111111
11111011111111111111111111100111111
11111011111111111111111111100111111
11111011111111111111111111100111111
1111111111111111111111111111111111
1111111111111111111111111111111111
00011100000001111101000100100011111
00011110000001111101000100100011111
00011101000011111101000000000011111
00011101000011111101000000000111111
00011101000011111101000000000111111
00011101010011111001000001000111111
00011101000011111011001001000111111
0001110100001111111000100100011111
0001110000001111111000100100011101
0011110000001111101000100100011111
1004440000144444001111014444000001
1044440011144444001111014444001001
1044441011044444011101104444000001
0044441010044444011101044444101001
0044441011144444011100044444000010
0144440010144444011111044444000010
0144440101144444011110044444010010
0144440001044440011111144444001010
014440010104444001111004444000101
014440111044444001011104444000001
000000000000001000010000000000001
00000100000000100001000000000000
00001000000000100001010000000000
10001000000000000001000000000000
10001000000000100000000000000000
10001000000000000001000000000000
00001000000000000101000000000000
00001000000000000000000000000000
00000000000001000001000000000001
00000000000001001001000000000001
14440111101114444011111111111111111
04440111111114444011111111111111111
44441111111114444011111111111111111
44440111101114444011111111111111111
4444011111110444401111111111111111
4444011111114444401111111111111111
4444011111114444401111111111111111
4440011111114444401111111111111111
4440111111114444411111111111111111
4440111111114444011111111111111111
000133331010000011000000133110101
000133331010000001100000133010111
001133331000101010000000333010000
10103333100110000000000033300001
00013333000010010001000033310101
10003333100010010000000033310101
10003330000010010010000033310101
10113331011110011000000033310101
10133331011010010000001033110111
01133331011010011000001133010111
001110333111010010000
000100333111010011000
001110333111011011000
001103333111011010000
001113333111000000010
001103333111010010000
001103331110010010000
001103331110110110000
001103331111110000000
00110333111011010000
11113300111111103333001111111
11113000111111103333101111111
11113011111111103333101111111
11113011111111103333101111111
11113001111111113333101111111
11133011111111113333101111111
11133001111111113333101111111
1113310111111013333311111111
1113310111111113333311111111
0113300111111113333001111111
0013333311111111141111133311111111111
0113333311111111141111133311111111111
0113333311111111141111133311111111111
0113333311111111141111113311111111111
0113333111111111411111133311111111111
0113333111111111411111133311111111111
0113333111111111411111133311111111111
011333311111111141111113331111111111
011333311111111141111113331111111111
013333311111111141111133311111111111
0144444001101114401111101440111111
0044444101101104401111111440111111
0144444011101104401111111441111111
0144444111111114411111111441111111
0144444111101004401111111441011101
1144444111101114410111111441111111
1444444111111144401111111441111101
1444444111110144411111114440111100
144444001111014441111101144111110
144444011101014441111111444111110
000000000012220000000222220000100000
010000000012220100000222221000100000
010000000022220100000222221000000000
010000000022210000000222221000000000
010000000022200100000222221000000000
010000000022210000000222200000000000
010000000022210000001222210001000000
01000000002221100000222221000100000
00000000002220000000222221000100000
00000000012220100000222221000100000
01010000110010110440110000010000
01110000110010110400110000011000
01011000110101014400110001011000
01110010110100114400010011011100
11111010100101014401110011111100
01011111110100014400110011011000
00010001110101014400100011011000
00010001110101004000100011011000
01110101110001004401110010111000
00110101110101004001100011010000
01000011000000001001011000000100
01000000000000001000010000000100
01000000000000001000010000000100
00000110000000010000010010000000
0000010000000001000000000100000
0000010000000001000000000100000
1000010000000001000000000100000
1000010000000001000000000100000
1000010000000001001010000100100
1000010000000001001010000100100
1111433111111011111333111111
1113433111110001111333111111
111343311111000111133311111
111343311111000111133311101
011340311001001111133311111
111343311011001111133111111
111343310011011111133111010
111344110001011111133111111
111344111001011111133111111
111341111101011111333111111
101111111010001111100100001110000
111111111101011111100100001110000
111111111010011111110000001110000
111111101000011111101000001110000
111111101000011111101000011111000
11111110000101111110000001110100
01111110000101111110000001111000
01111100001101111100000001111100
01111100000101111100001001110000
01111100001101111100101001110000
00000000000001000000010010100001111
00000000000001000000010010100001111
00000000000001000000010000100001111
00000000000001001000010010100001111
00000000000001000000000010100001111
00000000100001000000000000000001111
00000000100001000000000000000011111
00000000100000000000100000000011111
00000000100000000000100100000011111
00010000100010000000100101000011111
100101011111101111001111110000
100100011101111111001111111001
000110000111111111000111110000
101111000101111111000111110001
001111000101111111110111111001
00111010010111111101001111000
00110010010101111101101110000
11110111011111111101111111000
00111011011111111001111100000
00001011011111111001111110000
00101444411000111100000001001000110000
00101444410000111100100000010000010000
0011144441000111110000000001011100000
0101144441000011110000000011010100000
0101144441000011100000001001010101000
0101144441000011110000001000010101000
0101144441000111100000001000010001000
0101144441000111100001001000100011001
0011144441000111110011000100100110001
0111144441000111110010000101000100001
01000044444111011144444110001111
01000044444101111144444100001111
01000044444110011144444100001111
10000144444100011144444100000111
10000144444101011144444100000111
10000144444111011144444100011111
11000144444111111144444100111111
10000444441110011144444100011113
10000444441110111444441110001113
11000444441110111444441100001113
0100014411000001111110001111111111
0101004410000000111100011101111111
0001004001000000111100000001111111
0000104010000000111100000001111111
1000104010000001011101000101111111
0000104010000011111101010101111111
000010401000001101110000110111111
000010401000001111110001111111111
000010401000001111110001101111111
000014401000001111110000111111111
00000000222000000
00100000222010000
00000000221000000
00000000221000000
01000000221000001
0100100022100000
0100000022111000
0100000022111000
1100000122110000
0100000022000000
133333311111010143334411111111000
133333311011010113334411111110001
13333331111101011333411111111010
13333331111001014333411111010110
13333331111101113333411111010110
13333331011001113333111111111010
13333331111111013334411111111010
13333310011011013334411111110100
13333311111011113334411111011100
33333310111010113334411111011000
111000000001111110100001000000000
111000000001111110100001000000000
110000000001111110101001000000000
111010000001111100001001000010000
110010000001111100001001000010000
110010000001111100001001000010000
110010000001111100001000000010001
110010000001111101001000000010001
110000000001111101000000000010001
110000000011111101000010000010001
0144411100144444111110014444111111
014441110014444411111001444411111
014441110014444111011001444411111
004441110114444111010001444011111
014441110014444011011001444011111
044440110014444011010001444111111
044440100014444111010004444011111
044410100014444111010014444111111
044400100004444111010004444111111
144410100004444111110004444111111
001444411000044444101001000000011001010
001444410000144444101001101000011001010
001444110000444441001001101000011001010
004444110000444441001001000000010001010
004444110000444441001001001000010000100
004444110000444441001001001000011010100
004444110000444441001001001000010011100
014444110001444441101101000000010011100
01444411000144444110000000000011001010
01444411000144444100001000000011001010
1111111444111144444441011144441
111111144411114444444111014444
111111144411114444444110014444
111111144411114444444110014441
111111144411114444444111014441
111111144411114444444111014441
111111144411114444444110114441
111111444411114444444111114441
111111444411144444444011114441
111111444411144444444111114441
1101000101110014441000144444000
0111100101111044441010144444000
0111000101110044441000144441000
1111000101110044441000144441000
1111000101110144441000144441000
111100010111014444100144444100
011100001111014444100144444100
110100111111014444100144444100
111100111110014444100144444100
111100111110014441000144444000
0144110044001444100144401101111010111
0144100044001444100044401101111101111
0144110044001444100044111101111010101
0144110004001444100444101001111001101
1144110041001444100444111101111001110
044411104100444010044401000111100111
144411104100444110144401110111110010
144410144000444100144401110111100001
144410144001444100444401111111000011
144110044001444100144401110111000100
4444110101444441010100
4444110001444441111100
444411100144444011020
444410100144444011120
444401000144444111020
444401011144444111020
444411000144444011000
444411111444444111000
444101101444441110100
444100101444441010110
01100001333311010000100000033301
11100001333101010100101000333311
01100001333111111000111000333311
11100001333111011000001000033311
11110001333100010000001000033311
11100003333100010001001000333311
11111113333000011001010100333311
11111003333100110001011000333011
11100103333010100001101100333111
11101003333000111001010000333011
0010111011444400100014444411111111110111110
0010111011444401110014444111111111110111110
001011101144401110001444411111111110111111
001011001444401110001444410111111110111111
001011001444411110001444410111111010111111
011011011444401110014444400111111110111111
011011011444401110014444400111111101111111
010011011444400110014444400111101110111111
010110011444400110014444410111101110111111
010111011444400100114444411111101110111111
0144441011111444444011101101111
0144441011111444444011111111111
0144441111111444444011111000111
0144441111101444444000111010101
0144440111114444444201101010101
1144040111114444440001000011100
0144440111104444440011001011111
1144400001104444440011001011111
0144410011114444440111101011101
144441011111444444011100111110
01101101001001001000001111100100101
01110100001010000000001011000101101
01111100001001000000001011010101101
01110100000000000000001011000000001
00011100110001000100000110011000001
01110100110000001000100111001001001
01101100110010000000100010001001011
11111000100010010000010110001000011
11111011100010010000010100001001111
11111011100010010000110101001001011
1111111222211111114421111111110111
1110111222211111124421111111111001
1111011222211111124421110101101111
1111111222111111124411111111101111
1111111222111111124411111111111111
111101122211110112421111101111111
111111122211111114421111110111111
111111122211110114421111101110011
101101222211111104421111101111011
011111122201111114421111111110011
01000000000000000000000000
00000000000000000000000000
0000000010000000000000000
0000000010000000000000000
0000000010000000010000010
0000000010000000010000000
0000000000000000010000000
0000000010000000010000000
0000000000000000000000000
0000000010000000000100000
14444000004444440000004444400111
44444100004444410000004444400111
44444100004444410000004444400111
44444000004444410000004444400111
44444000004444400000004444100111
4444110004444441000001444410011
4444100004444440000001444410111
4444100004444440000001444410111
4444100004444440000001444410011
4444100004444440000001444400111
111101333330101000001000010033300
111101333300001000001000010033001
111101333300001000001000010033000
111101333300001100001000000033000
11110133330000100000100000033300
11100133330000100000100010033300
11100133330000100000000010033300
11100333330000000001000010033300
11100333330000000001000010033300
11100333330000000001000010033300
111110111100111100000101111101111
111111111100111110000101111101111
111111111100110110000101111101111
111111111100111110000001111101111
111101111100111110000001111111111
111111111100111110001011111011111
111110111100111110001011111111111
111111111001411100001011111011111
11111111100110111000101111101111
11111111100140110000101111101111
0010111133331111111111133333111001
0010111133331111111111133333111101
0000111133331111111111333333114001
0000111133311111111111333333111011
0101111133311111111111333333111101
0100111333311111111111333333111011
0101111333311111111111333333110011
010101133331111111111133333311401
010101133331111111111133333311101
010111133331111111111133333111101
1111111101101111111101011111110111111
111111110111111101111111111111011111
111111111111011111111101111111111101
111111110111111111111011111111111111
111111111111111101111011111110111111
111111111111111101111011111110111011
111111111111111101111011111110111111
111111111111111111111011111110111111
111111111111111111111011111110011111
111111111101111111111011111110111111
1111111111111111111111111111111
1111111111111111111111111111111
1111111111111111011111111111111
1111111111111111111111111111111
111111111111111111111111111111
111111111111111111111111111111
111111111111111111111111111111
111111111111111111111111111111
111111111111111111111111111111
111111111111111011111111111111
111101011100111120111110011110111
101101111101111010110101011110111
111001011111111110110011111211111
111100111101111111100000111111111
011101111101101111110011011111111
111001111101101111110000111111111
10100111111111111110000001110111
11101111110110011111110001110111
11101111110111010110110111111101
01101111100111121111110110112111
11444011111111144110010111111111
11441011011111144111011110111111
11441011111101144101011111111011
1444101111110114411100111011111
1444110111110114411101111011111
1444101111111144410011111011111
1444100111111144410111111111111
1444100111111144411111111111111
1444110111111144411011111111111
1444010111111144411011111111111
000444411010144100000011411101
011444410010144000000011411101
010444410100444100000011411101
010444411010444000000011411101
010444410101444000000011411100
011444410011444100000011441000
001444410011444100000114411100
00144440110144000000011441110
00144410010144110000010441110
00444411000144100000011441100
000000010111011000000010110010000
100000000111101000010000000010010
000000000101100000111000010010001
000000000111010001111110000000011
000000100111110010100010011010000
000000100101101011100000001000000
100000100101100011000000100001000
000000100111100011000000000101000
00000010111111000000000000010100
00000010111100000100000100010101
14444111101044441000000000444410000
14444111101144441000000000444410000
14444111101144441000000000444410000
14444111111144441000000001444410000
14444111110444440000000001444410000
14442111100444411000000001444410000
14441011101444410000000001444410000
44441101111444410000000001444410000
44441101111444410000000001444410000
4444110111044441100000000144440000
0010000144441000001441000001111
0010000144441100001441000001110
0010001144441000001441000001110
011000114444100101144100000111
011100114441001001144100000110
001000114441111001144100001110
001000114441101101441100001110
000000144441001001441000001110
000000114441011001441000001110
000000144441000101441000001110
1001033333310001011101111111111001
1001033333310101011111110111111010
1001033333310101011111110111101000
1000033333010101011101111101011000
100003333301010111111111110111110
100003333300010111111101110101100
000033333300000111011111010111100
000033333300000111001111110111110
001033333300001111001110010111100
001033333300001111111110011111000
00004444100100444441101000011000110001001
00014444100000444441001001110100110001001
00014444100010444441111001111001110011001
00014444000000444441011010111000111011001
00014440000001444441011001111100110011101
00014441100001444441011011110000110010001
00014444100001444441011111100011110011000
0001444400000144444011000110010100001100
0001444100000144444101111111110100001000
0004444100100444444101001111010110001100
12222111111122221111111012222110
12222111111122221111110112222111
12222111111122221111110112222111
12222111111222221111110112222111
12222111111222221111100112222111
12222111111222221111100112221111
12222111110222221111101112221111
1222211111122221111110012222111
2222111111022221111110012222111
2222111111122221111111012222111
1003333010000000000033301001000100000
0033333010000000000033301001000100000
0033333010000100000333301001000100000
0033333010000100000333300001000000000
0033333010000000000333300000000000000
1033333000000000000333300000000000000
003333300000000000033300000000000000
003333300000000000033300000000000000
103333300000000000033301000001001000
103333300000000000033301000000101000
1010110001011111110111111111011
0010100011011111110111111110011
0011100011111111101111111111111
0000100000111111111111111111111
0000100001111111111111111111111
0100110010111111101111111111111
0110110000111111111111111100111
0111000011111111100111111110111
0111100010111111111111111110111
011100001011101101111111111011
1111144401001010444444011111111111
111144410100001044444411111111111
111144410000000044444411111111111
111144410000000144444401111111111
111144410010111044444411111111111
111144410010101044444411111111111
111144410010100044444001111111111
111144411010101044444001111111111
111144411010000144444001111111111
111144411010010144444101111111111
0111122221111001112221110000010
1111122221111011112221110000010
1111222221011111112211100000000
1111122221011111112211110000000
1111222221011111112211100000001
111122222111111111220110000000
111122222011111112221111000000
111022222111101012221100010000
111122222011001112221110010000
111122222110011112221110000010
001111110001111111111001111111111
011111110001111111111101111111111
011111101001111111111101111111111
011111110101111111101101111111111
01111110101111111110110111111111
01111111101111111111101111111111
01111010101111111110000111111111
01111110101111111101000111111111
01111110001111111101000111111111
01111000001111111111100111111111
002222111000022222210000000022222100
002222111100022222100000000022222110
102222111000022222100000000022221000
002222111100022222100000000222220100
012222111100022222100000100222221011
012222111000022222100000000222221000
012222111100122222100000000222221000
012222111100122222100001100222221000
02222211000012222210000110022222100
02222211100012222210000010022222100
1114444111100131311001144444100000
1114444111001133310001144444100010
1114444111001143111001144444100110
1114444111001143110001144444000010
1114444111001143110001444441000010
1114444111001143110001144441000010
114444411101134411000144444100001
114444411100134311000144444100001
014444111100134311000144444100000
014444111100134310000144444100000
00010011111111111100100101000011
01010111111110100000000001000011
11110111111111100000001001000011
0101111111111100100000010000000
1111111111111100100001111010011
0010011111111100100000101000011
1011011111111110100100100100011
0111011111110100100100101100011
0111011111110111100100001100111
0010011111110111100000100000001
01144444100144444410000111111000
01144444100144444410001112111100
01444440100144444410001411110100
01444441110144444410011412111101
1144444110044444410000111111110
0144444010044444411000110111110
0144444110044444411000110211011
0144444001044444400001111211011
0144444101144444410001111101001
0144444100044444411001111110010
14444111110444441110111100444111
14444111010444441110111104444111
04444111011444440110110104444111
04444111011444440110110104441111
44444111011444441111110114441111
44444111011444401110110114441111
44444111110444401100110114441111
44440110110444411110110014441111
44440110110444411110110114441111
44440110104444411100110004441111
11103333110000100001333301111110000010011
11103333100000100001333301110100000010011
11113330100001100000333301111100000010011
11103330100001000001333301110100000000111
11103330100001000001333301111110000000111
11133331100001000001333300110110000000110
11133331100001000003333301110100000000111
1113333110000100000333330111010000000011
1103333110000100000333330101110000010011
1103333100000100000333331111110000010011
00444400000101444000000001441000
00444400001114444100000111411000
01444400001014441000010014411000
01444400101014441000010014411000
0144410100001444110000001441100
0144410100001444100010001441110
0144410101101444100010001441100
0144410100001444101010001441001
0144410100100444100010001441010
0144410000104444010011001411100
10101100044444111000444444100000
11101100044441010000444444100000
11111000044441110000444444100000
10101100144441110000444444100000
00111000144441111001444444100000
10111000144441100001444444100000
10011100144441110001444444100000
10000100444441100004444444000000
10010000444441110004444441000000
1001100044444110100444444110010
01111111000001111110010011110111
01111111010001111110010011110010
01111111010001111111110111111111
01111110010001111110110111111111
01111111010001111110100111111110
01111110000001111110100111111111
0111101000000111111111011110111
0111111100001111111010011111111
0111111101001111111010011110111
1111111000001111111010011110010
11111133311111111111333110111011111100
11111133311111111111333111110111101000
11111133311111111111333111111110101001
11111333311111111111333111110011101011
11111333311111111111333111110101101100
11111333311111111111333111110101101100
1111133331111111111333311111011100110
1111133331111111111333111111111111110
1111133331111111111333110111011100110
1111133331111111111333111110011110110
11003333444444111133333311111111111
11013333444441111333333311111111111
11013333444441111333333311111111111
1101333144444111133333331111111111
1101333144444111133333331111111111
1101333144444111133333331111111111
1111333144444111133333331111111111
1013333144444111133333331111111111
1013333144444111133333331111111111
1013333444444111133333311111111111
00044444441111000001101001111111
01144444441111001001101001111111
11144444441110000001101001111111
10144444441111000101101001111111
11444444441111000001110001111111
1004444444011000102111000111111
1144444444011100001111000111111
1044444444011000001111000111111
1144444444011000001111000111111
1144444444111000001101000111111
111010111110110000100100011111111111
11101011111111000010010001111110110
11101011111111000010010011111111100
11000011010101001010010010111111100
11000011110101001010010010111111100
11010111110101001010010010111111100
11010111110000001100000010111101100
11010111111110001100001010111111100
11010111101010001100100010111111101
11010111111110010100100011111111101
01144411001101444444101000011
00144440010101444444001001010
01144441110101444444101001110
01144440110001444444411001110
00144444110001444444111001110
00144441010101444444411001110
01444141010004444444111000110
00444441011014444444110001010
0044440100101444444111000011
0044411110101444444101100011
