01001000011111111111111101111111111
01010010111111111111111111111111111
11000000111111111111111110111111111
1100101011111111111111111011111111
1100101011111111111111111011111011
1100101011111111111111111011111111
1100100011111111111111111011111111
1110100011111111111111111111111111
1010001011111111111111111111111111
1011000011111111111111101111111111
0011111111111111111111111111010011
0011111111111111111111111111010111
1011111111111111111111111110010111
1111111111111111111111111110010111
1111111111111111111111011101010111
1111111111111111111110011100010110
1111111111111111111111011100000110
111111111111111111111111110000111
011111111111111111111111111000011
011111111111111111110111111011011
01111111111111111111111110101
01111111111111111111111010100
01111111111111111111111110100
01111111111111111111111111101
11111111111111111111111111111
01111111111111111111111111100
11111111111111111111111111110
11111111111111111111111111100
11111111111111111111111111111
11111111111111111111111101001
0101000000111111111111111111111110000
0101000000111111111111111111111110100
0101100000111111111111111111111110100
010010000011111111111111111111111010
011110000011111111111111111111111110
000100000011111111111111111111111010
001100000111111111111111111111110000
101000000111111111111111111111110110
101000000111111111111111111111110000
101000000111111111111111111111110000
11110011111111111111111111110
11100111111111111111111111110
11111111111111111111111111010
11110011111111111111111111111
11010111111111111111111111111
11000111111111111111111111111
1100111111111111111111111111
1110111111111111111111111101
1110011111111111111111111110
1111011111111111111111111100
000000111111111111111101000
000000111111111111110100000
100000111111111111110100000
000001111111111111110100000
000001111111111111110101100
000001111111111111110101100
000101111111111111110101000
000011111111111111110101000
000001111111111111110010000
000001111111111111110010000
11111111111111111100010100000000000
11111111111111111110010100000000000
11111111111111111010000100001000000
11111111111111111010000100001001001
11111111111111111110000100001001001
11111111111111111010100000001001001
11111111111111111010100000001001001
11111111111111111010100000001001001
1111111111111111100010000000100100
1111111111111111100010100000000000
111111111111111111111111001111111
111111111111111111101111001101111
111111111111111111111111001100111
111111111111111111111111011101111
111111111111111111111110001101111
011111111111111111111111011111111
111111111111111111111110011111111
111111111111111111111111011111111
101111111111111111111110011111111
11111111111111111111111001111111
111111111111111111111111111
11111111111111111111111111
11111111111111111111111111
11111111111111111111111111
11111111111111111111111111
11111111111111111111111111
11111111111111111111111111
11111111111111111111111111
11111111111111111111111111
11111111111111111111111111
111111111111111001001111000010010
111111111111111000001111000010010
11111111111111100000111000001001
11111111111111101000111000000001
11111111111111101000111100001001
11111111111111111000111000000001
11111111111111101000111100000001
11111111111111101000111100000000
11111111111111101001111100010000
11111111111111101001111000010011
111111111111111111111011100000011
111111111111111111111011000000010
111111111111111111111011001000010
111111111111111111111010001000010
111111111111111111111011001000111
111111111111111111111101001100110
11111111111111111111110000100111
11111111111111111111111000000111
11111111111111111111111000000011
11111111111111111111010100000011
