000000111111111111111111111111110000
000001111111111111111111111111110000
000001111111111111111111111111100100
000001111111111111111111111111100000
010001111111111111111111111111100000
000111111111111111111111111111111111111000000000000000000000000100
000111111111111111111111111111111111111000000010000000000010000100
000111111111111111111111111111111111111000000010000000000010001100
000111111111111111111111111111111111111000000010000000000010001000
001111111111111111111111111111111111111000000010000000000000001000
111111111111111111111111111111111111111111111111
111111111111111111111111111111111111111111111111
111111111111111111111111111111111111111111111111
111111111111111111111111111111111111111111111111
111111111111111111111111111111111111111111111111
000111111111111111111111111111000000000000
000111111111111111111111111111000000000000
000111111111111111111111111111000000000000
001111111111111111111111111111000000000000
001111111111111111111111111111111111111111110100010100
001111111111111111111111111111111111111111100100000000
011111111111111111111111111111111111111111100000000000
011111111111111111111111111111111111111111101000101000
011111111111111111111111111111111111111111101000101000
000001111111111111
000001111111111111
000011111111111111
000011111111111111
001000000000011111111444444444444144444400
001000000000111111111444444444444444444400
001000000000111111114444444444444144444400
011000000000111111114444444444444444444400
000000000000011111111111111111000000
000000000000011111111111111111000000
000000000000111111111111111111000000
000000000000111111111111111110000000
000000000000111111111111111110000000
000111111111111111111000
000111111111111111111000
000111111111111111111000
000111111111111111111001
000000000000000000011111111111111111111000
001000000000000000011111111111111111110000
001000000000000000011111111111111111110000
001000000000000000111111111111111111110000
001000000000000000111111111111111111110000
001000100000000000111111111111111111110000
001000100000000000111111111111111111110000
000000100000000000111111111111111111110000
000000100000000000111111111111111111110000
000000000000000000111111111111111111110000
000101010000000010000001111111111111111111111111
100101010000000010000001111111111111111111111111
101001100000000010000011111111111111111111111110
101000100000000110000011111111111111111111111110
000000000111111111111111111100
000000000111111111111111111100
000000001111111111111111111100
000000001111111111111111111100
000000110000011111111111111111100000001100
000000110000011111111111111111000000001000
000000110000011111111111111111000000001000
000000110000011111111111111111000000001000
000000110000011111111111111111000000001000
000000110000011111111111111111000000001000
000000110000011111111111111111000000001000
000000110000111111111111111111000000011000
000000110000111111111111111111000000011000
000001100000111111111111111111000000010000
001100000000000111111111111111111111111110
001100000000000111111111111111111111111110
001000000000001111111111111111111111111110
001000000000001111111111111111111111111100
001000000000000000000111111111111111111110000000010000
010000000000000000000111111111111111111100000000010000
010000000000000000001111111111111111111100000000000000
110110000111000000000011111111111111111111111100
110110001111000000000011111111111111111111111100
110100001111000000000011111111111111111111111100
101100001111000000000011111111111111111111111100
110000001110000000000011111111111111111111111000
100000110000000001111111111111111111111100000000
100000110000000001111111111111111111111100000000
000000110000000001111111111111111111111000000000
000000110000000001111111111111111111111000000000
000000000001111111111111111110100000000000
000000000001111111111111111110100000000000
000000000001111111111111111110100000000000
000000000001111111111111111110100000000000
000000000001111111111111111110100000000100
000000000001111111111111111110100000000100
000000000001111111111111111110000000000000
000001000001111111111111111101000000000000
000001000011111111111111111101000000000000
000001000011111111111111111101000000000000
000000001111111111111111111111111111111111
000000001111111111111111111111111111111111
000000001111111111111111111111111111111111
000000001111111111111111111111111111111111
000110000100000000111111111111111111111111
000010000100000001111111111111111111111111
001000000100000001111111111111111111111111
001100000100000001111111111111111111111110
000000000111111111111111111100
000000000111111111111111111100
000000001111111111111111111000
000000001111111111111111111000
000000000000110111111111111111100000
000000000000100111111111111111100000
000000000000101111111111111111100001
000000000000101111111111111111100001
100000100000000111111111111111100000100101
100000000000000111111111111111100000100101
100000000000000111111111111111100000100101
100000000000001111111111111111100000100001
100000000000001111111111111111100000100001
000001000000001111111111111111100000001001
000001000000001111111111111111100000001001
000001000000001111111111111111100000001000
000001000000001111111111111111100000001000
000001000000001111111111111111000001001010
000000111111111111111144444441111111111110
000101111111111111111144444441111111111110
000101111111111111111144444444111111111110
000101111111111111111144444441111111111110
000101111111111111111144444441111111111110
000001111111111111111144444441111111111110
000001111111111111111144444441111111111110
000001111111111111111144444441111111111100
000001111111111111111144444441111111111100
000001111111111111111444444411111111111100
010001000000011111111111111111111111
000001000000011111111111111111111111
000001000000011111111111111111111111
000000000000011111111111111111111111
100000000000111111111111111111111111
011111111111111111111111111111111100000000000010000000000100000100
111111111111111111111111111111111100000001000010000000000100000100
111111111111111111111111111111111100100001000000000000000000000000
111111111111111111111111111111111100100001000000000000001000000000
111111111111111111111111111111111100000000000000000000001000001000
000000001111111111111111
000000001111111111111111
000000001111111111111111
000000001111111111111111
000000010000011111111111111111111000000000
000000010000011111111111111111111000000000
000000010000011111111111111111111000000000
000000100000011111111111111111111000000000
000000100000111111111111111111111000000000
000111010111111111111111111111111111111000000000
000011110111111111111111111111111111110000000000
000110110111111111111111111111111111110000000000
001110110111111111111111111111111111110000000000
001110100111111111111111111111111111110000000000
000000000000000011111111111111111111111111111111111111111111111111100000
100000000000000011111111111111111111111111111111111111111111111111100000
000000000000000011111111111111111111111111111111111111111111111111100001
000000000000000011111111111111111111111111111111111111111111111111000001
000000000111111111111111111111111100000000000000
000000000111111111111111111111111000000000000000
000000000111111111111111111111111000000000000000
000000011111111111111111111111111111110001000000000000000000
000000011111111111111111111111111111110001000000000010000000
000000011111111111111111111111111111110000000000000010000000
000000111111111111111111111111111111110000000000000010000000
000000111111111111111111111111111111100000000000000000000000
000011111111111111111111
000011111111111111111111
000011111111111111111111
000111111111111111111111
000000000000000000000111111111111111100000000000
000000000000000000000111111111111111100000000000
000000000000100000000111111111111111100000000010
000000000000100000000111111111111111100000000010
000000000000100000000111111111111111100000000010
000000000000100000000111111111111111100000000010
000000000000000000000111111111111111100000000010
000000000000000000000111111111111111100000000010
000000000000000000000111111111111111000000000000
000000000000000000000111111111111111000000000000
000000000000000000000000111111111111111000
000000000000000000000001111111111111110000
000000000000000000000001111111111111110000
000000000000000000000001111111111111110000
222222222122222211212111222222222122
222222222222222211211111222222222122
222222222222222211221111222222222122
222222221222222211212111222222222122
000000001111111111111111111100
000000011111111111111111111100
000000011111111111111111111100
000000011111111111111111111100
000001111111111111111111111111
000011111111111111111111111111
000011111111111111111111111111
000011111111111111111111111111
000011111111111111111111111111
000000011111111111111111111111000000
000000011111111111111111111110000000
000000011111111111111111111110000000
000000011111111111111111111110000000
000011111111111111111111111111111111111111
000011111111111101111111111111111111111111
000011111111111101111111111111111111111111
000011111111111101111111011111111111111111
000011111111111101111111011111111111111111
000111111111111111111111011111111111111111
000111111111111111111111011111111111111111
000111111111111111111111111111111111111111
000111111111111111111111111111111111111111
000111111111111011111111111111111111111111
011111111111111111100000000000
111111111111111111000000000000
111111111111111111000000000000
000000010000011111111111111111111000000000
000000010000011111111111111111111000000000
000000010000011111111111111111111000000000
000000100000011111111111111111111000000000
000000100000111111111111111111111000000000
000000000000000000000011111111111111110000000000
000000000000000000000011111111111111110000000000
000000000000000000000111111111111111110000000010
000000000000000000000111111111111111100000000010
000000000001000111111111111111111000
000000000000000111111111111111111000
000000000000001111111111111111111000
000000000010001111111111111111111000
000000000010001111111111111111111000
000000111111111100000000000000
000000111111111100000000000000
000001111111111100000000000000
000001111111111100000000000000
000001222222221111111111111111111000100000
000000222222221111111111111111110000100000
000001222222221111111111111111110000100000
001000222222221111111111111111110000100000
001000222222221111111111111111110000100000
000000222220211111111111111111110000000000
000000222222211111111111111111110000000000
000010222222211111111111111111110000000000
000012222220211111111111111111110000000000
000012222220211111111111111111110001000000
001100111111111111111111111000000000000001
001100111111111111111111111000000000000001
001100111111111111111111110000000000000010
000000000000000000111111111111111111100000
000000000000000001111111111111111111100100
000000000000000001111111111111111111100100
000000000100000001111111111111111111000100
000000000100000001111111111111111111000100
000000000100000001111111111111111111000100
000000000100000001111111111111111111000100
000000000100000001111111111111111111000100
000000000100000001111111111111111111000100
000000000000000001111111111111111111000000
000000000000111111111111111111
000000000000111111111111111111
000000000000111111111111111110
000000000001111111111111111110
000000000000011111111111111111111000010000
001000000000011111111111111111111000010000
001000000000011111111111111111110000000000
000000000000111111111111111111110000100000
000000011111111111111111111111101000000000000100
000000011111111111111111111111101000000000000100
000000011111111111111111111111101000000000000100
000000011111111111111111111111101000000000000100
000000000000011111111111111111111000
000000000000111111111111111111111000
000000000000111111111111111111110000
000000000000111111111111111111110000
010000000000111444111111111111111111111111111111111101
010000000001111441111111111111111111111111111111111100
010000000001111444111111111111111111111111111111111100
010000000001111441111111111111111111111111111111111100
000000000001111441111111111111111111111111111111111110
000011111111
000011111111
000011111111
000111111111
010011111111111111111111111110
010011111111111111111111111110
010011111111111111111111111100
010111111111111111111111111100
000000000011111111111111111111111111111111
000000000011111111111111111111111111111111
000000000011111111111111111111111111111111
000000000011111111111111111111111111111111
000000000011111111111111111111111111111111
000000000011111111111111111111111111111111
000000000011111111111111111111111111111111
000000000111111111111111111111111111111111
000000000111111111111111111111111111111111
000000000111111111111111111111111111111111
000000001111111111111111111111111000000010
000000001111111111111111111111110000000000
000000001111111111111111111111110000000100
000000011111111111111111111111110000000100
000111111111111111111111111000000000
000111111111111111111111110000000000
000111111111111111111111110000000000
000111111111111111111111110000000000
000000000001111111111111111111111111000000
000000000011111111111111111111111111000000
000000000011111111111111111111111111000000
000000000011111111111111111111111110000000
001111111111111111111111111111111000
001111111111111111111111111111111000
001111111111111111111111111111111000
011111111111111111111111111111110000
000000100011110100001111111111111111110101000000000000
000010100011110000001111111111111111110101000000000001
000010100011100000011111111111111111110101000000000001
000010000111101000011111111111111111111000000000000001
000000000001111111111111111111111111111100000011
000000000001111111111111111111111111111100100001
000000000001111111111111111111111111111100100000
000000000001111111111111111111111111111000100100
000000000011111111111111111111111111111000000100
000100000001000000000000111111111111111111100010
001000000000000000000001111111111111111111100010
001000000000000000000001111111111111111111000010
001000000010000000000001111111111111111111000000
101111111111111111111111111111
101111111111111111111111111110
111111111111111111111111111110
111111111111111111111111111110
111111111111111111111111101110
000111111111111111111111111111000000
000111111111111111111111111110000100
000111111111111111111111111110000100
000111111111111111111111111110000000
000111111111111111111111111110000000
001111111111111111111110000100000000000000
001111111111111111111100000000000000000000
001111111111111111111100001000000000000000
001111111111111111111100001000000000000000
011111111111111111111100001000000000000000
000000000000000001111111111111111111111111100000
000000000000000001111111111111111111111111000000
000000000000000001111111111111111111111111000000
000000000000000001111111111111111111111111000000
111111111111111111111111110110
111111111111111111111111101110
111111111111111111111111101010
111111111111111111111111101110
000111444411111111110000
000111444411111111110000
000114444411111111110000
001114444411111111110000
011111111111111111111111111111111111111111111100
111111111111111111111111111111111111111111111100
111111111111111111111111111111111111111111111100
111111111111111111111111111111111111111111111100
111111111111111111111111111111111111111111111100
111111111111111111111111111111111111111111111100
111111111111111111111111111111111111111111111100
111111111111111111111111111111111111111111111100
111111111111111111111111111111111111111111111100
111111111111111111111111111111111111111111111001
000011111111111111
000011111111111111
000011111111111111
000111111111111111
001111111111110100
001111111111111100
001111111111110100
111111111111111111111111111111000100000011111100000000001000
111111111111111111111111111111000100000011111100000000001000
111111111111111111111111111110000100000011111100000000000000
111111111111111111111111111110000100000011111100000000010000
111111111111111111111111111110001000000111111100000000010000
000000111111111111111111111111
000000111111111111111111111111
000000111111111111111111111111
000000111111111111111111111111
000000111111111111111111111111
000000111111111111111111111111
000000111111111111111111111111
000000111111111111111111111111
000000111111111111111111111111
000001111111111111111111111111
000111111111111111111111111100000000000000
000111111111111111111111111100000000000000
001111111111111111111111111100000000000000
001111111111111111111111111000000000000000
000111111011111111111111111111100000010000
000111111011111111111111111111000000010000
000111111011111111111111111111000000000000
000111111011111111111111111111000000000000
000111110111111111111111111111000000100000
100001000000000011111111111111111111111111
100010000000000011111111111111111111111111
100010000000000111111111111111111111111111
000010000000000111111111111111111111111111
000000000000000000000001111111111111111110000000000000
000000000000000000000001111111111111111110000000000000
000000000000000000000011111111111111111100000000100000
000000000000000000000011111111111111111100000000100000
011111111111111111111111111111
011111111111111111111111111111
111111111111111111111111111111
111111111111111111111111111111
001000000001000001111111111111111110000000000001
001000000001000001111111111111111110000000000001
001000000001000011111111111111111100000000000000
000000000000011111111111111111100000
000000000000011111111111111111100000
001000000000111111111111111111000010
001000000000111111111111111111000010
001000001111111111111111100000000000
001000001111111111111111100000000000
011000001111111111111111000000000000
011000011111111111111111000000000000
000001000000000000001111111111111110111110000010001000
000001000000000000001111111111111110111101000000001000
000000000000000000001111111111111111111101000000001000
000000000000000000001111111111111111111100000100000000
000000000000001111111111111111111111111100000000
000000000000001111111111111111111111111000000000
000000000000001111111111111111111111111000000000
000011111111111111111000
000011111111111111110000
000011111111111111110000
000110000000000000001111111111111111111110
000010000000000000001111111111111111111100
000010000000000000001111111111111111111100
000000000011111111111111111111110010000000
000000000011111111111111111111110010000000
000000000011111111111111111111110010000000
000000000111111111111111111111100000000000
000000000111111111111111111111100000000000
000000000000000000001111111111111111111111111111111111111111111110000000
000000000000000000001111111111111111111111111111111111111111111110000000
000000000000000000011111111111111111111111111111111111111111111110001000
000000000000000000011111111111111111111111111111111111111111111110001000
000000000000000000011111111111111111111111111111111111111111111100001000
000000000000001111111111111111111111000000000000
000000000000001111111111111111111110000000000000
000000000000001111111111111111111110000000000000
000000000000001111111111111111111110000000000000
000000000000111111111111111111100000
000000000000111111111111111111100000
000000000000111111111111111111000000
000000000000111111111111111111000000
444444444444444444444444444444444444
444444444444444444444444444444444444
444444444444444444444444444444444444
444444444444444444444444444444444444
444444444444444444444444444444444444
444444444444444444444444444444444444
444444444444444444444444444444444444
444444444444444444444444444444444444
444444444444444444444444444444444444
444444444444444444444444444444444444
000000000010000011111111111111111111111111
000000000010000111111111111111111111111111
000000000000001111111111111111111111111111
010001111111111111111111
010001111111111111111111
010001111111111111111111
010001111111111111111111
010001111111111111111110
000011111111111111111111110000
000011111111111111111111110000
000011111111111111111111110000
000011111111111111111111100000
000011111111111111111111100000
000011111111111111111111100000
000011111111111111111111100000
000111111111111111111111100000
000111111111111111111111100000
000111111111111111111111100000
000000100111111111111111111111111111
000000100111111111111111111111111111
000000100111111111111111111111111111
000000100111111111111111111111111111
000000100111111111111111111111111111
000000000111111111111111111111111111
000000000111111111111111111111111111
000000001111111111111111111111111111
000000001111111111111111111111111111
000001001111111111111111111111111111
444444440111111111111111111111111111114440
444444444114111111111111111111111111114400
444444444114111111111111111111111111144400
444444441101111111111111111111111111144400
000000000111111111111111000000000000
000000000111111111111110000000000000
100000000111111111111110000100000000
100000001111111111111110000100000000
000000001111111111111110000000000000
000000000000001111111111111111111111000001
000000000000001111111111111111111110000001
000000000000011111111111111111111110000010
000000000000011111111111111111111110000010
000001111111111111111111111111100010
000001111111111111111111111111000010
000011111111111111111111111111000000
000011111111111111111111111111000000
000011111111111111111111111111000100
000001111111111111111110000000000000
000001111111111111111110000000000000
000011111111111111111110000000000000
000011111111111111111110000000000000
000011111111111111111100000000000000
000000001111111111111111111110000000
000000001111111111111111111100000000
000000001111111111111111111100000000
000000001111111111111111111100000000
000011111111111111111111111111
000011111111111111111111111111
000011111111111111111111111111
000011111111111111111111111111
000111111111111111111111111111
001111111111111111111111111111
001111111111111111111111111111
001111111111111111111111111111
001111111111111111111111111110
001000000000000000000011111111111111111111111111
011000000000000000000011111111111111111111111111
011000000000000000000111111111111111111111111111
000000000001111111111111111111100000
000000000001111111111111111111100000
000000000001111111111111111111100000
000000000011111111111111111111100000
000000111111111111111111111111111100
000000111111111111111111111111111100
000000111111111111111111111111111100
000000111111111111111111111111111000
000111010111111111111111111111111111111000000000
000011110111111111111111111111111111110000000000
000110110111111111111111111111111111110000000000
001110110111111111111111111111111111110000000000
001110100111111111111111111111111111110000000000
000000011111111111111111111111110010
000000011111111111111111111111110000
000000011111111111111111111111110000
000000011111111111111111111111100100
000000111111111111111111111111100100
000000000100000000000111111111100000000001000000
000000000100000000000111111111000000000001000000
000000001000000000001111111111000000000000000000
000000001000000000001111111111000000000010000000
111111111111111111111110
111111111111111111111110
111111111111111111111110
111111111111111111111100
111111111111111111111100
000000111111111111111111100001000000
000000111111111111111111100000000000
000001111111111111111111000010000000
000001111111111111111111000010000001
000000000000001111111111111111110000
000000000000001111111111111111110000
001000000000001111111111111111100000
001000000000001111111111111111100000
001000000000001111111111111111100000
001000000000001111111111111111100000
001000000000001111111111111111100000
001000000000001111111111111111100000
001000000000011111111111111111100000
001000000000011111111111111111100000
000000000011111111111111111111111000000000
000000000011111111111111111111111000000000
000000000011111111111111111111111000000000
000000000011111111111111111111110000000000
000011001111111111111111111111111100000000
000011001111111111111111111111111100000001
000010001111111111111111111111111000000001
000010001111111111111111111111111000000001
000110001111111111111111111111111000000001
000110000100000000111111111111111111111111
000010000100000001111111111111111111111111
001000000100000001111111111111111111111111
001100000100000001111111111111111111111110
001111111111111111111100
011111111111111111111100
011111111111111111111000
011111111111111111111000
011111111111111111111000
011111111111111111111111111111111111111111000000000000000000
011111111111111111111111111111111111111110000000000000000000
111111111111111111111111111111111111111110000000000000000000
111111111111111111111111111111111111111110000000000010000000
111111111111111111111111111111111111111110000000000010000000
011111111111111111111110000000000000
011111111111111111111110000000000000
011111111111111111111110000000000000
011111111111111111111100000000000000
000111111111111111111110
000111111111111111111100
000111111111111111111100
000111111111111111111100
000000001111111111111111111111111111000000
000000001111111111111111111111111111000000
000000001111111111111111111111111111000000
000000001111111111111111111111111111000000
000000001111111111111111111111111111000000
000000001111111111111111111111111110000000
000000001111111111111111111111111110000000
000000001111111111111111111111111110000000
000000001111111111111111111111111110000000
000000011111111111111111111111111110000000
111111000000000001011111111111111111111111111111
111111000000000001111111111111111111111111111111
111110000000000011111111111111111111111111111111
111110000000000010111111111111111111111111111111
000111111111111111111111
000111111111111111111111
000111111111111111111111
000111111111111111111111
000000111111111111111111111111000000000000
000000111111111111111111111111000000000000
000000111111111111111111111110000000000000
000000111111111111111111111110000000000000
000000000000000000000000001111111111111111111111111110
000000000000000000000000001111111111111111111111111110
000000000000000000000000001111111111111111111111111110
111111010001111111111111111111111110000000
101111000001111111111111111111111110000000
111011100011111111111111111111111100000000
111011100011111111111111111111111100000000
000000000000001111111111111111111111111111
000000000000001111111111111111111111111111
000000000000001111111111111111111111111111
000000000000001111111111111111111111111110
000000000000001111111111111111111111111110
000000000000001111111111111111111111111110
000000000000011111111111111111111111111110
000000000000011111111111111111111111111110
000000000000011111111111111111111111111110
000000000000011111111111111111111111111110
000000000111111111111111111110000000100000
000000000111111111111111111110000000100000
000000000111111111111111111110000000100000
000000001111111111111111111100000000000000
000000001111111111111111111100000000000000
000000001111111111111111111100000001000000
000000001111111111111111111100000001000000
000000001111111111111111111100000001000000
000000001111111111111111111100000001000000
000000001111111111111111111100000001000000
000000000000000000000011111111111111111111111110
000000000000000000000011111111111111111111111110
000000000000000000000011111111111111111111111100
011111111111111111100000
011111111111111111100000
011111111111111111000000
000000000000000000001111111111111111111110000000
000000000000000000001111111111111111111110000000
000000000100000000001111111111111111111110000000
000000000100000000011111111111111111111110000000
000000000000000001111111111111111111111111100000000010000000000001
000000000000000001111111111111111111111111100000000000000000000000
000000000000000001111111111111111111111111100000000000000000000000
000000000000000001111111111111111111111111100000000100000000000010
100000000000000001111111111111111111111111000000000100000000000010
000000000000001111111111111111111111111111111111110000
000000000000011111111111111111111111111111111111110000
000000000000011111111111111111111111111111111111110000
000000000100000000001111111111111111000000
000000000100000000001111111111111111000000
000000000100000000001111111111111111000000
000000000100000000011111111111111111000000
000000000100000000011111111111111111000000
000000000100000000011111111111111110000000
000000000100000000011111111111111110000000
000000000000000000011111111111111110000000
000000000000000000011111111111111110000000
000000001000000000011111111111111110000000
001100000001001111111111111111111111111111
001100000001001111111111111111111111111111
001100000001001111111111111111111111111111
001000000010001111111111111111111111111111
