000000022222222222222222222222222222222220000000000000000000
000000022222222222222222222222222222222220000000000000000000
000000222222222222222222222222222222222220001000000000000000
000010222222222222222222222222222222222200001000000000000000
000010222222222222222222222222222222222200000000000000000001
000100000000012222222222222222222221111000
000100000000012222222222222222222221111000
000100000000022222222222222222222221111000
000000000000022222222222222222222221111000
000000000000022222222222222222222221111000
000000000000022222222222222222222211110000
000000000000022222222222222222222211110000
000000000000022222222222222222222211110000
000000000000022222222222222222222211110000
001000000000022222222222222222222211110000
100000000012222222222222221111111111
100000000012222222222222221111111111
000000000112222222222222221111111111
000000000122222222222222211111111111
000000000000011100022222222222222221100100
000000000000011100022222222222222211100100
000000000000111000022222222222222211101100
000000000000111000222222222222222211101000
000000000000011222222222222222222222110000
000100000000011222222222222222222222100000
000100000000011222222222222222222221100000
000100000000012222222222222222222221100000
011111222222222222222000
011111222222222222222000
011111222222222222222001
011111222222222222220001
000002222222222222222222222222000000000000
000022222222222222222222222222000000000000
000022222222222222222222222222000000000000
000022222222222222222222222220000000000000
000000000222222222222222222222220000
000000000222222222222222222222220000
000000002222222222222222222222220000
000000002222222222222222222222220000
000000000000000022222222222222222222222100000000000000
000000000000000022222222222222222222220100000000000000
000000000000000222222222222222222222220100000000000000
000000000000000222222222222222222222220000000000000000
000000000000000222222222222222222222211000000000000000
000000000000011000000112222222222222222222222222
000000000000010000000122222222222222222222222222
000000000000010000000122222222222222222222222222
000000000000010000000122222222222222222222222220
011222222222222222200011
011222222222222222200011
112222222222222222100011
112222222222222222000111
000000002222222222222222222200
000000002222222222222222222000
000000022222222222222222222000
000000022222222222222222222000
000000022222222222222222222000
000000010022222222222222222220100000010000
000000110022222222222222222220000000100000
000000100022222222222222222220000000100000
000000100222222222222222222220000000100000
000010101000001222222222222221
000000100000001222222222222221
000000100000001222222222222221
100100000010001222222222222221
100100000010001222222222222221
100101010010001222222222222221
100101010010001222222222222221
100101010010001222222222222211
100101010010001222222222222211
000101010000011222222222222211
001111222222222222222222220200000000
011111222222222222222222220000001000
011111222222222222222222220200001000
011111222222222222221222202000000000
011111222222222222221222202000000000
000000000000000122222222222222222211
000000000000000122222222222222222211
100100000000000122222222222222222211
100100000000000122222222222222222211
100100000000000122222222222222222211
100100000000000122222222222222222211
100100000001001122222222222222222211
100100000001001122222222222222222211
000000000001001222222222222222222111
000000000001001222222222222222222111
000000100000000000000000000222222222222222221110
000000100000000000000000000222222222222222221110
000000100000000000000000002222222222222222211110
000001000000000000000000002222222222222222211110
000000000022222222222222222222
000000000022222222222222222222
000000000122222222222222222222
000000000122222222222222222222
022222222222222222222222222222222222220000
022222222222222222222222222222222222220000
022222222222222222222222222222222222200000
022222222222222222222222222222222222200000
000000000000000000000111111111111111111000
000000000000000000000111111111111111111000
000000000000000000001111111111111111111000
000000000000000000001111111111111111111000
022222222222222222200000
222222222222222222200100
222222222222222222200100
000001222222222222222222222222222000
000001222222222222222222222222222010
000001222222222222222222222222222010
000000222222222222222222222222220000
000000000000000000002222222222222222222222200000
000000000000000000002222222222222222222222000000
000000000000000000022222222222222222222222000000
000000000000000000022222222222222222222222000000
000000222222222222222222221111
000000222222222222222222221111
000000222222222222222222211111
000002222222222222222222211111
010222222222222222222222000000010000000000
010222222222222222222220000000010000000000
100222222222222222222220000000000000000001
100222222222222222222220000000100000000001
000100000000000000222222222222222200
000100000000000002222222222222222000
000100000000000002222222222222222000
000000000000000002222222222222222000
000000112222222222222222222222222222222222
000000112222222222222222222222222222222221
000000112222222222222222222222222222222221
000000122222222222222222222222222222222221
000000122222222222222222222222222222222221
000000122222222222222222222222222222222220
000000122222222222222222222222222222222220
000001122222222222222222222222222222222220
000001122222222222222222222222222222222220
000001122222222222222222222222222222222220
000001122222222222222220000010
000011122222222222222220000100
000011122222222222222220000100
000011122222222222222220000100
000000000000000000122222222222222222
000000000000100000122222222222222222
000000000000100000222222222222222222
001100011000011222222222222222222211001111111111
001110011000111222222222222222222211001111101111
011100111000112222222222222222222211011110111111
011100110000112222222222222222222110011111111111
000000000100000000122222144441111142222200001110
000000000100000001122222141411111112222200001110
000000001100000001222222111411111112222200001100
000001012222222222222222221111111111
000000012222222222222222221111111111
000000012222222222222222221111111111
000000022222222222222222221111111111
000000000000222222222222222222222222222200000000
000000000000222222222222222222222222222000000000
000000000100222222222222222222222222222000000000
001222222222222222221111112100000000000000
000222222222222222221111112100000000000000
000222222222222222221111112100000000000000
000222222222222222221111112100000000000000
000222222222222222221111112100000000000000
010222222222222222211111112100000000000000
010222222222222222211111112100000000000000
010222222222222222211111122100000000000000
010222222222222222211111122000000000000000
012222222222222222211111121000000000000000
002222222222222222222222222222
002222222222222222222222222222
002222222222222222222222222222
002222222222222222222222222222
022222222222222222222222222222
010000000110222222222222222211111111110000010000
010000001110222222222222222211111111110000110000
010000001112222222222222222211111111100000110000
110000001112222222222222222111111111100000100000
000000100000001100000000000000000110000000
000000100000001100000000000000000100000000
000001100000001100000000000000000100000000
000001100000001100000000000000000100000000
000000000001002222222222220000
000000000001022222222222200000
000000000001022222222222200000
000000000011022222222222200000
100000000000022222222222222222222222222222221111
000000000000022222222222222222222222222222221110
000000000000022222222222222222222222222222220110
000000000000022222222222222222222222222222220110
000000000000022222222222222222222222222222211110
000000000000000002222222222222222220000000
000000000000001002222222222222222221000000
000000000000001002222222222222222221000000
000000000000001002222222222222222201000000
000000000000001002222222222222222201000000
000000000000001022222222222222222201000000
000000000000001022222222222222222201000000
000000000000000022222222222222222201000000
000000000000000022222222222222222201000000
000000000000000022222222222222222200000000
000000011222222222222222122100
000000111222222222222221122100
000000112222222222222221222000
000000112222222222222121122010
000001000000000000000010001222222222222222222200
000001000000000000000010002222222222222222222000
000000000000010000000000002222222222222222220000
000000000000010000000000012222222222222222222000
000000012222222222222222222222222222
000000002222222222222222222222222222
000000002222222222222222222222222222
000000002222222222222222222222222222
000000000000002222222222222222222222222200000000
000000000000002222222222222222222222222000000000
000000000000002222222222222222222222222000000000
000000000000000002222222222222100000
000000000000000002222222222222100000
010000000000001002222222222222100000
010000000000001002222222222222000000
000000000000000022222222222222000000
112222222222222222222222222222222222222222222222222200001000
122222222222222222222222222222222222222222222222222000000000
122222222222222222222222222222222222222222222222222000010000
122222222222222222222222222222222222222222222222222000010000
122222222222222222222222222222222222222222222222222000010000
022222222222222222222222222000
022222222222222222222222220000
022222222222222222222222220000
022222222222222222222222220000
022222222222222222222222220000
000022222222222222222222222222222200
000222222222222222222222222222222200
000222222222222222222222222222222000
000222222222222222222222222222222000
001000000000000022222222222222222222200110
001000000000000222222222222222222222200100
001000000000000222222222222222222222200100
001000000000000222222222222222222222200100
000000000000000222222222222222222222000100
000000001000000000222222222222222222120000
010000000000000000222222222222222222120000
010000010000000000222222222222222222100000
010000010000000002222222222222222222200000
000001122222222222222222222222222200000000000001
000001222222222222222222222222222200000000000001
000001222222222222222222222222222200000000000001
002000222222222222222222222010100000
000002222222222222222222222010100000
200002222222222222222222222010000000
220002222222222222222222222010000000
002222222222222222222222222222001110100000000022222222222222011000000000
012222222222222222222222222220001110100000000012222222222222011000000000
012222222222222222222222222220001101000000000022222222222222110000000000
012222222222222222222222222220011101000000000222222222222222110000000000
000000022222222222222222222220000000
000000022222222222222222222220000000
000000022222222222222222222200000000
000000022222222222222222222200000000
000000222222222222222222222200000000
000100002222222222222222220000000000000000
000100012222222222222222220000000000000000
100100022222222222222222220000000000000100
100100022222222222222222220000000000000000
100000022222222222222222200000000000000000
100000000000000012222222222222200000000010
000000000000000112222222222222200000000100
000000000000000122222222222222210000000100
000000000000000122222222222222200000000100
000000000010000122222222222222222220000100
000000000010000122222222222222222200000100
000000000010000122222222222222222200000100
000000000000000122222222222222222200000000
000000000000000122222222222222222200000000
000000000100000122222222222222222200001000
000000000100000122222222222222222200001000
000000000100000222222222222222222200001000
000000000100000222222222222222222200001000
000000000100001222222222222222222200001000
444444444444222222244444444444
444444444444222242244444444444
444444444444222242244444444444
444444444444222242444444444444
444444444444222222444444444444
444444444444222222444444444444
444444444444222222444444444444
444444444444222242444444444444
444444444444222222444444444444
444444444442222222444444444444
000022022222222222222222222222
000022022222222222222222222222
000022022222222222222222222222
000022022222222222222222222222
000020022222222222222222222222
001002222222222222222222222222221110000001000000000000000000000000
001002222222222222222222222222221110000001000000100000000000010000
000002222222222222222222222222220100000001000000100000000000000000
010002222222222222222222222222220100000000000000100000000000000000
010022222222222222222222222222221100000000000000000000000000000000
100000000001022222222222222222222222
100000000010022222222222222222222222
100000000010222222222222222222222222
000000000010222222222222222222222222
110000000000000112222222222222000010000011
100000000000000102222222222222000010000011
100000000000000102222222222222000010000010
100000000000000122222222222220000110000010
001222222222222222
001222222222222222
011222222222222222
012222222222222222
111111100000000001000000022222222222222222222222222200
111111100000000000000000022222222222222222222222222000
111111100000000000000000022222222222222222222222222000
111111000000000010000000222222222222222222222222222000
000000000000000000002222222222222222222222000000
000000000001000000022222222222222222222220100000
000000000000000000022222222222220222222220000000
111222222222222222222210000110
112222222222222222222210000100
112222222222222222222210000100
112222222222222222222200000100
010000000000122222222222222000000011000010000100
010000000000122222222222222000000111000010000100
110000000001022222222222222000000110000010000011
100000000001222222222222220000000110000110001000
022222222222222222222000100000
022222222222222222222200100000
022222222222222222222000000000
022222222222222222222001000000
222222222222222222220001000001
000000022222222222222222222222220000
000000122222222222222222222222220000
000000122222222222222222222222220000
000000122222222222222222222222200000
000000022222222222222222222222200000
000000000000000000000000000222222222222222222222222222222211
000000000000000000000000000222222222222222222222222222222211
000000000000000000000000002222222222222222222222222222222211
000000000000000000000000002222222222222222222222222222222211
000000000000000000000000002222222222222222222222222222222011
000000100002222222222222222222222222222220000000000010000000
000000100022222222222222222222222222222220000000000010000000
000000100022222222222222222222222222222200001000000010000000
000000100022222222222222222222222222222200011000000000000000
000000000022222222222222222222222222222200001000000100000000
000222222222222222222222222222222200000000
002222222222222222222222222222222200000000
002222222222222222222222222222222000000000
002222222222222222222222222222222000000000
000000000000000000000001122222222222200000
000000001000000000000011122222222222200000
000000001000000000000011122222222222200000
000000001000000000000011122222222222210001
000000001000000000000011122222222222210001
000000001000000000000011122222222222010001
000000001000000000000011122222222222010001
000000000000000000000011222222222222010001
000000000000000000000011222222222222010001
000000000000000000000011222222222222000000
000000000000022222222222222222222222222221
000000000000022222222222222222222222222211
000000000000022222222222222222222222222211
000000000000222222222222222222222222222211
000000000000222222222222222222222222222211
000000000000222222222222222222222222222211
000000000000222222222222222222222222222211
000000000000222222222222222222222222222211
000000000000222222222222222222222222222211
000000000000222222222222222222222222222211
000001000000000000010222222222222222222000
000011000000000000010222222222222222222000
000011000000000000010222222222222222222000
000011000000000000110222222222222222222000
000011000000000000110222222222222222222000
000011000000000000110222222222222222222000
000011000000000000110222222222222222222000
000010000000000000100222222222222222220000
000010000000000000100222222222222222220000
000010000000000000100222222222222222220000
222222222222220000
222222222222220000
222222222222200000
000000000100000000000000022222222222222222
000000000100000000000000222222222222222222
000000000100000000000000222222222222222222
000000001000000000000000222222222222222221
002222222444422222222222222222222222
002222222444422222222222222222222222
002222222444422222222222222222222222
002222222444422222222222222222222222
002222222444422222222222222222222222
002222224444422222222222222222222222
002222224444422222222222222222222222
022222224444422222222222222222222222
022222224444422222222222222222222222
022222224444422222222222222222222222
000000000000002222222222222222222222222200
000000000000022222222222222222222222222000
000000000000022222222222222222222222222000
000000000000022222222222222222222222222000
000000000000022222222222222222222222222000
000000000000000000000000000222222222222222222222222222222211
000000000000000000000000000222222222222222222222222222222211
000000000000000000000000002222222222222222222222222222222211
000000000000000000000000002222222222222222222222222222222211
000000000000000000000000002222222222222222222222222222222011
100000222222222222222222222222
000002222222222222222222222222
000002222222222222222222222222
000002222222222222222222222222
010100000000000022222222222222222222222000
000000001000000122222222222222222222222010
000000001000000122222222222222222222222010
000000001000000122222222222222222222222000
000000001000000122222222222222222222222000
001000000000000022222222222222222222222000
101000000000000222222222222222222222222000
111000000000000222222222222222222222222000
111000000000000222222222222222222222222000
101000000000000222222222222222222222220000
000000000010022222222222222222202000001000
000000000010022222222222222222022000000000
000000000010022222222222222222022000000000
000000000010022222222222222222022000010000
000000000010222222222222222222022000010000
000000000000222222222222222222022000010000
000000000000222222222222222222022000010000
000000000100222222222222222222022000010000
000000000100222222222222222222022000010000
000000000100222222222222222222022000010000
000000222222222222222222222222000000000000
000000222222222222222222222222000000000000
000002222222222222222222222221000000000000
000002222222222222222222222220000000000000
001000000000000000100222222222222200011000
001000000000000000100222222222222200011000
001000000000000000102222222222222200011000
010000000000000001002222222222222000111000
000222222222222222222222222222
000222222222222222222222222222
002222222222222222222222222222
002222222222222222222222222222
002222222222222222222222222222
000000000022222222222222222222220001
000000000022222222222222222222220001
000000000022222222222222222222220001
000000000022222222222222222222200000
000000000222222222222222222222200000
001122222222222222222222222222222222222211100000000000000000
011222222222222222222222222222222222222211100000000000000000
011222222222222222222222222222222222222211100100000000000000
011222222222222222222222222222222222222211000100000000000000
011222222222222222222222222222222222222111000000000000000000
010000010000222222222222222222222221
010000010000222222222222222222222201
100000100000222222222222222222222201
100000100000222222222222222222222200
100000100002222222222222222222222210
010000010000000000000000002222222222222222222222010000
100000000000000000000000002222222222222222222222000000
100000000000000010000000002222222222222222222220100001
100000000000000010000000002222222222222222222220100001
000000002222222222222222222222222222222222
000000002222222222222222222222222222222222
000000002222222222222222222222222222222222
000000002222222222222222222222222222222220
000122222222222222222222222222222222222222000000000100000000
000222222222222222222222222222222222222222000000000100000000
000222222222222222222222222222222222222222000000000000000000
000222222222222222222222222222222222222222000000000000000000
000222222222222222222222222222222222222220000000001000000000
000000002222222222222222222222000000000000
000000002222222222222222222222000000000000
000000002222222222222222222222000000000000
000100000000000102222222222221000001110110000001
000100000000000122222222222221000001110100000001
000100000000000122222222222221000001101100000001
000100000000000122222222222211000001101100000001
100000000000000022222222222222222111
100000001000001022222222222222222111
010000001000000222222222222222222110
010000001000000222222222222222221110
000000000000000000011222222222222222222200
000000000000000000011222222222222222222200
000000000000000000011222222222222222222200
000000000000000000011222222222222222222200
000001000100000000012222222222222222222100
000001000100000000012222222222222222222100
000001000100000000012222222222222222222100
000001000100000000012222222222222222222100
000001000100000000012222222222222222222000
000001000100000000012222222222222222222000
000000222222222000000000
000002222222222000000000
000002222222222000000000
000000012222222222222222222111110000000000
000000012222222222222222222111110000000000
000000012222222222222222222111110000000000
000000212222222222222222222111110000000000
000000212222222222222222222111110000000000
000000212222222222222222222111110000000000
000000212222222222222222222111110000000000
000000212222222222222222221111100000000000
000000212222222222222222221111100000000000
000000122222222222222222221111100000000000
001000000000000022222222222222222222200110
001000000000000222222222222222222222200100
001000000000000222222222222222222222200100
001000000000000222222222222222222222200100
000000000000000222222222222222222222000100
000000000022222222200000000000
000000000022222222200000000000
000000000222222222200000000000
000100000100000000000002222222222222200010000100000000
000100000100000000000002222222222222000100001000000000
000100000100000000000012222222222222000100001000000000
000000022222222222222222222210000000
000000022222222222222222222000000000
000000022222222222222222222000000000
000000222222222222222222222100000000
000122222222222222222222221111
000122222222222222222222221111
000122222222222222222222221111
000222222222222222222222211111
000000000000000000001000000000022222222222220200222222222222
000000000000000000001000000000022222222222220000222222222222
000000000000000000001000000000022222222222220002222222222222
000000000000000000000000000000022222222202222002222222222222
000000000001000000000000012222222222222222
000000000001000000000000012222222222222222
000000000010000000000000012222222222222222
000000000010000000000000012222222222222222
000000000010000000000000012222222222222222
000000000010000000000000012222222222222222
000000000010000000000000022222222222222222
000000000010000000000000022222222222222222
000000000010000000000000022222222222222222
000000000010000000000000022222222222222222
000000000000000222222222222222222222200000
000000000000000222222222222222222222200100
000000000000000222222222222222222222200100
000000000000000222222222222222222222210100
000000000000000222222222222222222222210100
000000000000012222222222222222222222200100
000000000000012222222222222222222222200100
000000000000012222222222222222222222000100
000000000000012222222222222222222222000100
000000000000002222222222222222222222000001
000000112222222222222222222222222222222222222222000010000000000000
000000112222222222222222222222222222222222222222000010000000000000
000000112222222222222222222222222222222222222222000010000000000000
000000122222222222222222222222222222222222222220000010000000000000
000000122222222222222222222222222222222222222220000000000000000000
000002222222222222222222222222220000000000
000022222222222222222222222222220000000000
000022222222222222222222222222220000000000
000022222222222222222222222222200000000000
000000000000000022222222222222222000222201
000000000000000022222222222222222002222200
000000000000000022222222222222222002222200
000000000000000022222222222222222002222210
000000000000000222222222222222220002222010
000011122222222222222221
000111222222222222222221
000111222222222222222221
000111222222222222222221
010000000022222222222222222222220000010000
000000000022222222222222222222200000010000
010000000222222222222222222222200000010000
010000000222222222222222222222200000010000
000022222222222222222222222222
000022222222222222222222222222
000022222222222222222222222222
000222222222222222222222222222
001000122222222222222222222211111000
000000122222222222222222222211101000
010000222222222222222222222111111000
010001222222222222222222222111111000
000100002222222222222222222222221000100000
000100022222222222222222222222221000100000
000100022222222222222222222222221000100000
000000022222222222222222222222220000100000
000000022222222222222222222222220000100000
000000022222222222222222222222210001100000
000000022222222222222222222222210001100000
000000022222222222222222222222210001000000
000000022222222222222222222222210001000000
000000022222222222222222222222210001000000
000000000000000000001000000000000000
000000000000000000001000000000000000
000000000000000000000000000000000000
000000000000000000000000000000000000
000000000000000000000000000000000000
000010000000000000002222222222222222222010000000
000110000000100000022222222222222222222010000000
000100000000100000022222222222222222222110000000
000022222222222222222222110000
001022222222222222222221110000
001222222222222222222221110000
000222222222222222222221100001
001012222222222222222222222200000000
001012222222222222222222222200000000
010012222222222222222222222200000000
010112222222222222222222222200000000
010122222222222222222222222000000000
000000000000111000122222222222222222222000
000000000000111001122222222222222222222000
000000000000111001222222222222222222220000
100000000000000022222222222222222111
100000001000001022222222222222222111
010000001000000222222222222222222110
010000001000000222222222222222221110
000000001000222222222222222222222111001100
000000001001222222222222222222221111001100
000000000001222222222222222222221110011100
000000000001222222222222222222221110011100
444444444444444444444444444444422222444444
444444444444444444444444444444422222444444
444444444444444444444444444444422222444444
444444444444444444444444444444422222444444
444444444444444444444444444444422222444444
444444444444444444444444444444422224444444
444444444444444444444444444444422224444444
444444444444444444444444444444422224444444
444444444444444444444444444444422224444444
444444444444444444444444444444222224444444
222222222222222222222222222222222222
222222222222222222222222222222222222
222222222222222222222222222222222222
222222222222222222222222222222222222
000000000010000000000002222222222222222200000000
000000000000000000000002222222222222222200000000
100000000000000000010002222222222222222200000001
000000000100000000000022222222222222222000000001
000000000012222222222222222111110000
000010000012222222222222221111110000
000010000012222222222222221111110000
000010000112222222222222221111100000
000010000112222222222222221111100000
000010000102222222222222221111100000
000010000102222222222222221111100000
000010000102222222222222221111100000
000010000102222222222222221111100000
000000000122222222222222221111100000
001002222222222222222222222221
001002222222222222222222222221
001022222222222222222222222211
000022222222222222222222222211
000001000000000000122222222222222201
000001000000000000122222222222222201
010001001000000001122222222222222201
010001001000000001122222222222222201
010001001000000001122222222222222200
010001001000000001122222222222222200
000001001000000001222222222222222210
000001001000000001222222222222222210
000000000000000001222222222222222010
000000000000000001222222222222222010
000000000000000222222222222222222222200000
000000000000000222222222222222222222000000
000000000000002222222222222222222222000000
000000010000002222222222222222222222000000
100000000000022222222222222222222222222222221111
000000000000022222222222222222222222222222221110
000000000000022222222222222222222222222222220110
000000000000022222222222222222222222222222220110
000000000000022222222222222222222222222222211110
