000003333333333333333331
000003333333333333333331
000003333333333333333311
000033333333333333333314
000033333333333333333330
000333333333333333333330
000033333333333333333330
000033333333333333333330
000333333333333333333300
000000000003333333333333333300
000000000003333333333333333300
000000000003333333333333333000
000000000003333333333333333000
000000000003333333333333333000
011111111133333333333333333333333333111100011000000000
011111111143333333333333333333333330111100111000000000
011111111143333333333333333333333331111100111000000000
111111111133333333333333333333333331111100110000000000
100000003333333333333333333331
100000033333333333333333333331
100000033333333333333333333331
100000033333333333333333333311
000100000000011000333333333333333333
001100000000011000333333333333333333
001000000000011000333333333333333333
001000000000010000333333333333333333
000000100000000000033333333333333300000000000000
000000100000000000033333333333333310100000000000
000000100000000000033333333333333010100000000000
003333333333333333333333
003333333333333333333333
033333333333333333333333
033333333333333333333333
033333333333333333333333
000000000000011333333333333333333331
000000000000011333333333333333333330
000000000000010333333333333333333330
000000000000110333333333333333333330
333333333333333311
333333333333303311
333333333333303111
333333333333303111
000000000000033333333333333333333333300000000000
000000000000033333333333333333333333300000000000
000000000000333333333333333333333333000000000000
000000000000000000033333333333333000000000
000000000000000000033333333333333000000000
000000000000000000333333333333333000000000
000000000000000000333333333333330000000000
444444403333333333
444444403333333333
444444433333333333
444444033333333333
000010003333333333333333333333000000000000
000110003333333333333333333333000000000000
000110033333333333333333333333000000000000
000110033333333333333333333330000000000000
000000000100011111111110033333333333333333333333333333
000000000100011111111100033333333333333333333333333333
000000001000111111111100033333333333333333333333333333
000000000001000000333333333333333333333333010000000001
000000000001000000333333333333333333333333000000000000
000001000000000003333333333333333333333330000000000000
000001000000000003333333333333333333333330100000000010
000000000000000003333333333333333333333333333330000000
000000000000000003333333333333333333333333333330000000
000000000000000003333333333333333333333333333300000000
000000000000000003333333333333333333333333333300000000
000000000000000033333333333333333333333333333300000000
310000000000011100000003333333333333333333
310000000000111110000003333333333333333333
300000000000111010000003333333333333333333
300000000000111000000033333333333333333333
000000000000000000000033333333333333333333333001
000000000000000000000033333333333333333333333001
000000000000000000000033333333333333333333330001
000000000010000000000033333333333333333333330001
000000000010000000000333333333333333333333330000
000333333333333333333333333000
000333333333333333333333333000
003333333333333333333333330100
003333333333333333333333330100
000000000000001000000000000010033333333000333300000000
000000000000001000000010000000333333333001333000000001
000100000000000000000010000100333333333001333000010001
000000000000010000000000000100333333331003333000000000
000001000000001000013333333333330010000010
000001000000001000103333333333300110000010
000001000000001000103333333333300110000010
000001000000010000103333333333300110000010
000001000000010000103333333333300110000010
000000000000010000103333333333300100000010
000000000000010000103333333333300100000010
000010000000010000133333333333300100000100
000010000000010000133333333333300100000100
000010000000010000033333333333300100000100
014411113330000011333333333333333333303333
114111113330000011033333333333333333330133
114111113330000011033333333333333333330133
114111113330000013333333333333333333300133
114111113330000013033333333333333333300133
114111113330000113033333333333333333330333
114011113330000113033333333333333333330333
111111113300000113333333333333333333331331
111111113300000113333333333333333333331331
144111133300000113333333333333333333031331
001000000010001444440000003333333333333330
001000000000001444410000003333333333333330
001000000100004444410000013333333333333300
000000000100014444400000033333333333333300
011011111011000333333333333333333333333333333333110000
111011111011003333333333333333333333333333333333110000
110011111011003333333333333333333333333333333333110010
110011111010003333333333333333333333333333333333110010
110011111110003333333333333333333333333333333333111010
000000000013333333333333333333333300000000
000000000003333333333333333333333300000000
000000000003333333333333333333333300000000
000000000003333333333333333333333000000000
000000000001000333333333333333333333333300
000000000001000333333333333333333333333310
000000000000000333333333333333333333333000
000000000000000333333333333333333333333000
000000000000000333333333333333333333333000
110000114441000100003333333333333333333000
100100114441000010003333333333333333333000
100100114441001010003333333333333333333000
100101114441001010003333333333333333330041
100101114441001010003333333333333333330041
110101144440001010000333333333333333330441
110101144440001010000333333333333333330440
100101144410001000013333333333333333330440
100101144410001000013333333333333333330440
100001144410000000033333333333333333300000
111111111111001033333333330001111111000011
111111111111003333333333330111111111000111
111111111110003333333333300011111110000111
111111111110010333333333300011111110000111
000000010000333333333333333333333333333333000001000000000111110010000000
000000010000333333333333333333333333333333000001000000001101100010000000
000000000001333333333333333333333333333330000001000000001111100000000000
000000000001333333333333333333333333333330000001100000001111100000000000
000000100003333333333333333333333333333330000000000000001111100100000000
001000010001444411000001333333333333333333333333330000000000
011000010001444411000001333333333333333333333333330000000000
010000010001444110000003333333333333333333333333330000000000
010000010011444110000003333333333333333333333333330000000000
010000000010444110000003333333333333333333333333330000000000
111103333333333333333333333300
111003333333333333333333333301
111003333333333333333333333301
111003333333333333333333333001
111003333333333333333333333000
100001100000000000001333333333333333333333000110
100001000000000000011333333333333333333333000110
100001000000000000011333333333333333333333000110
100001000000000000010333333333333333333333000100
001000010000003333333333333333333300
001000100000003333333333333333333000
001000100000033333333333333333333000
000000100000033333333333333333333000
010000100000033333333333333333333000
111444333333333333333333444410
111444333333333333333333444400
111444333333333333333334444400
104443333333333333333334444100
000010000004444444440003333333333333333333301444444444
000010000114444444440003333333333333333333300444444444
000010000114444444440003333333333333333333300444444444
044444444444400000000010333333333333333333333333333344
044444444444000000000010333333333333333333333333333344
044444444444000100000110333333333333333333333333333344
444444444444000000000100333333333333333333333333333444
011000001000000111111033333333333333101100
011000001000000111111333333333333333001000
011000001000000111111333333333333333001000
010000001000000111011333333333333333001000
010000001000000111011333333333333333001000
010000011000000111111333333333333333001000
010000011000000111111333333333333333001000
010000010000000111110333333333333331001000
010000010000000111110333333333333331001000
110000010000001111110333333333333331010000
100011111111111110333333333333333333333010001000
100011111111111110333333333333333333333010001000
100011111111111100333333333333333333333000000000
000011111111111103333333333333333333330100000000
000044004000044033333333333333333333333333
001041040000044033333333333333333333333333
000041040000444033333333333333333333333333
000040040000444033333333333333333333333333
004444444444100013333333333333333333333333333333333333333333311111
004444444441100013333333333333333333333333333333333333333333311111
004444444441100033333333333333333333333333333333333333333333111111
004444444441100033333333333333333333333333333333333333333333111111
004444444441100033333333333333333333333333333333333333333333111110
000010000010000010000010033033333333333300
000010000010000010000010033033333333333300
000010000010000010000010033033333333333300
000010000000000010000000033033333333333000
000010000000000010000000033033333333333000
000100000100000010000100033333333333333000
000100000100000010000100033333333333333000
000100000100000010000100030333333333333000
000100000100000010000100030333333333333000
000100000100000100000100333333333333333000
011001411000220333333333333333333333011000
011011411100203333333333333333333333011000
010011411100203333333333333333333333011000
010011411100223333333333333333333333011000
010014411002223333333333333333333333011000
010014411102223333333333333333333333011000
010014411102223333333333333333333333111000
010014111002233333333333333333333333111000
010014111002233333333333333333333333111000
010014111002233333333333333333333333111000
000000000000003333333333333333
000000000100033333333333333333
000000000000033333333333333333
000000000100010000001001001000100333333333333333300101
000000000100000010000001001000100333333333333333300101
000000000100100010010001001000100333333333333333300101
000000000100100010010000010000103333333333333333301110
001000000001000010103333333333333333330000
001000000000000001013333333333433333310000
001000000000000001013333333333333333310000
001000000000010100003333333333333333310000
001000000000010100003333333333333333310000
000000000000010100003333333333333333310000
000000000000010100003333333333333333310000
000100000000010100003333333333333333300001
000100000000010100003333333333333333300001
010000000010000101033333333333333333300001
000100011111111111333333333333333333333333333311
000000111110111111333333333333333333333333333311
000000111111111111333333333333333333333333333311
000000111111111113333333333333333333333333333311
000000111111111113333333333333333333333333333311
101000333333333333333333333333333330
101000333333333333333333333333333330
101000333333333333333333333333333330
001000333333333333333333333333333330
040033333333333333333333333333333330
000003333333333333333000
000003333333333333330000
000033333333333333330000
000033333333333333330000
000033333333333333330000
000000103333333333333333330001
000000103333333333333333330010
000000103333333333333333330010
000000103333333333333333300010
333333333333333333333333333100
333333333333333333333333333100
333333333333333333333333333100
333333333333333333333333331100
333333333333333333333333331000
001000100000000000000333333333333333333301
001000100000000000000333333333333333333301
000000100000000000000333333333333333333000
000000100000000000000333333333333333333000
000000000000000000003333333333333333333010
000000000000000000003333333333333333333010
000001000000000000003333333333333333333010
000001000000000000003333333333333333333010
010001000000000000003333333333333333333010
010001000000000000003333333333333333333010
000000000001000000033333333333333333333333000110001100000000000110
000000000001000001033333333333333333333333000110001100000000000110
000000000001000001033333333333333333333333000110001100000000000010
000000000000000001333333333333333333333333000100011100000000001010
000000000010000000333333333333333333333330000100011000000000001000
444444444444444444444440033333333333333333
444444444444444444444440333333333333333333
444444444444444444444410333333333333333333
444444444444444444444400333333333333333333
111111000000333333333333333333333333333333333333333333333100000000
111111000000333333333333333333333333333333333333333333333100000000
110110000003333333333333333333333333333333333333333333330000000000
110110000003333333333333333333333333333333333333333333330000000000
010333333333333333333333310000100000
013333333333333333333333300000100000
013333333333333333333333300000100000
003333333333333333333333100000100000
440244444444444413333000000101122233122211111002
440244444444444433333000000101222233122211111022
440244444444444433333000000101222233122211111022
440144444444444433330000000111222231122111101022
440144444444444433330000000111222131122111101022
440144444444444433333000000111222331122111111022
440144444444444433333000000111222331122111111022
440444444444444133330000000111222331221111110022
441444444444444133330000000111222331221111110022
441444444444444130330000000011222331222111110022
000000000000100000003333333000000000000000
000000000000100000033333333000000000001000
000000000000000000033333333000004000001000
000000000001000000033333330000004000001000
000001144444101333333333333333333330444444444444
000000444444101333333333333333333330444444444440
000010444444001333333333333333333330444444444440
000011444444003333333333333333333304444444444440
000000100000444444101011143333333333333333333311
000001100000444444110110143333333333333333333311
000001100000444440001111133333333333333333333311
000001000001444440101110433333333333333333333311
000000000000003333333333
000000000001033333333333
000000000001033333333333
000000000001333333333333
333333333333333333333333333333333333333000
333333333333333333333333333333333333333000
333333333333333333333333333333333333333000
333333333333333333333333333333333333333000
333333333333333333333333333333333333333000
333333333333333333333333333333333333333000
333333333333333333333333333333333333333000
333333333333333333333333333333333333330000
333333333333333333333333333333333333330000
333333333333333333333333333333333333330000
000001111444400101111133333333333333333333333333331111
000011114444440111111133333333333333333333333333311111
001101114444110111111133333333333333333333333333311111
000101114444101011111333333333333333333333333333311111
000000000000000003333333333330000000
000000000000000003333333333330000010
000000000000000003333333333330000010
000000000000000003333333333330000010
000000000111113333333333333333333333333333333333333333333333333333300000
000000000111113333333333333333333333333333333333333333333333333333300000
000000000111103333333333333333333333333333333333333333333333333333000000
000000000110133333333333333333333333333333333333333333333333333333000000
333333333333333333333333300111
333333333333333333333333111111
333333333333333333333333111111
333333333333333333333333111111
333333333333333333333333111111
000000110000000111003333333333333333333330
000000110000001111033333333333333333333330
000000100000001111033333333333333333333300
000000100000001111033333333333333333333300
000000100000001110030333333333333333333300
000011000011444444444401033333333333333333333333
000011000014444444440400033333333333333333333333
000010000014444444440000033333333333333333333333
000010000014444444440141333333333333333333333333
111000000111004313333333333333333333000000
111000000111004333333333333333333333000000
111000000111004333333333333333333333000000
111000000111004333333333333333333333000000
110000000111004333333333333333333333000000
110000000111004433333333333333333333000000
110000000110004333333333333333333333000000
110000001110004333333333333333333333000000
110000001111003333333333333333333333000000
110000001111003333333333333333333333000000
111110000011111333333333333333333333333333333333333333333333333141
111110000011111333333333333333333333333333333333333333333333333414
111100000011111333333333333333333333333333333333333333333333333114
111100000011111333333333333333333333333333333333333333333333333114
111100000111113333333333333333333333333333333333333333333333331114
000000000000000000100000000000013333333333333333333010
000000000000000000100000000000113333333333333333333010
000000000000000000100000000000133333333333333333333100
000000000000000001000000000000133333333333333333333101
000010333333333333330000
000000333333333333330000
000000333333333333330000
011101111111110010111103333333333333333333333333333333333333
011000111111111111111133333333333333333333333333333333333333
011000111111111101111033333333333333333333333333333333333333
011000111011100100111033333333333333333333333333333333333331
111001111111100101111033333333333333333333333333333333333330
000000000001000000000010000010333333333333333300
000000000001000000000010000010333333333333333000
000000000000000000000000000100333333333333333000
000000000000000000000000000103333333333333330000
010001000000000000000100333333333333333333333333301000
010001000010001000000100333333333333333333333333300000
010000000010001000000003333333333333333333333333310000
100000000010001000000003333333333333333333333333310000
000000003333333333333333333333333333333333
000000033333333333333333333333333333333333
000000033333333333333333333333333333333333
000000033333333333333333333333333333333333
000000033333333333333333333333333333333333
000000033333333333333333333333333333333333
000000033333333333333333333333333333333333
000000033333333333333333333333333333333333
000000033333333333333333333333333333333333
000000033333333333333333333333333333333333
000010000033333333333333333333333333333333333333300000000010000000010000
000010000033333333333333333333333333333333333333300000000010000000010000
000000000333333333333333333333333333333333333333000010000010000000010000
000000000333333333333333333333333333333333333333000010000000000000000000
000100000333333333333333333333333333333333333333000010000000000000000000
333333333333333333333333333333333333333333300010
333333333333333333333333333333333333333333300110
333333333333333333333333333333333333333333300110
333333333333333333333333333333333333333333300010
333333333333333333333333333333333333333333300010
333333333333333333333333333333333333333333300100
333333333333333333333333333333333333333333300100
333333333333333333333333333333333333333333000100
333333333333333333333333333333333333333333000100
333333333333333333333333333333333333333333000100
000000000001000000000000011103333333333333333333
000000000001000000000000011133333333333333333330
000000000011000000000000011133333333333333333331
000000000010000000000000011033333333333333333330
001000000000000044333333333333333333333311
000000000000000044333333333333333333333311
010000000000000040333333333333333333333111
010000000000000043333333333333333333333111
111111011101111113113333333333333333333314011101
111011011101111113133333333333333333333344111111
111011111110111110133333333333333333333344111100
111111011111111113133333333333333333333144111100
000000000000000000000011444000000333333333333333333333333333333333
000000000000000000000011441000000333333333333333333333333333333333
000000000000010000000011440000000333333333333333333333333333333333
000000000000010000000114440000003333333333333333333333333333333333
000004443333303333333333334444
000044443433333333333333334444
000044443333333333333333334444
000044433333333333333333314444
444444444444444440333333333333333333330100
444444444444444443333333333333333333300100
444444444444444443333333333333333333300100
444444444444444403333333333333333333300000
333333333333333333333333300111
333333333333333333333333301101
333333333333333333333333311010
333333333333333333333333011011
333333333333333333333333011011
000000110000000000000033333333333333333333
000000110000000000000033333333333333333333
000000110000000000011033333333333333333331
000000110000000000011033333333333333333331
000000110000000000011033333333333333333331
000000110000000000011033333333333333333331
000000110000000000001333333333333333333330
000000110000000000001333333333333333333330
000000110000000000000333333333333333333330
000000110000000000000333333333333333333330
001000000000000111111003333333333333333333
001000000000000111111003333333333333333333
001000000000000111111003333333333333333333
011000000000000111110003333333333333333333
222224222222233333333333333333333333310020
222222222222233333333333333333333333310000
222222222222233333333333333333333333310000
222222222222233333333333333333333333400003
222222222222233333333333333333333333400003
222222222222233333333333333333333333100003
222222222222233333333333333333333333100003
222222222222333333333333333333333333100003
222222222222333333333333333333333333100003
222242222222333333333333333333333333100000
100000010011133333333333333333333300
100000010011333333333333333333333000
000000001011133333333333333333333000
000000011001333333333333333333331000
444444441114444444444440003333333333333333111141
444444441114444444444410003333333333333330111141
444444441114444444444400003333333333333330111141
110101111011111111111000103333333333
110101111111111111111100133333333333
111011110011111111111100133333333333
111001110011111111111100033333333333
101001141103333333334344444333333434441110001011
101011141103333333334344444333333334441110001011
100011111003333334334444444333333334441110001111
010011111013333333334444444333333344411100000111
000100010110010000100000000003333333333333333333333310
000100100110010000100000000003333333333333333333333300
000100101110010000100000000003333333333333333333333310
000100101100100001000000000003333333333333333333333100
111110001100111333333333333333333333333333333333331100
111100001011013333333333333333333333333333333333330000
111100001110113333333333333333333333333333333333331000
111110001111113333333333333333333333333333333333331001
111100001001113333333333333333333333333333333333310001
000000000000133333333333333333333000
000000000000133333333333333333333000
000000000001133333333333333333333000
000000000001333333333333333333333000
000000000033333333333333333333333333
000000000033333333333333333333333333
000000000033333333333333333333333333
000000000033333333333333333333333333
000000000033333333333333333333333333
000000000033333333333333333333333333
000000000033333333333333333333333333
000000000333333333333333333333333333
000000000333333333333333333333333333
000000000333333333333333333333333333
000000010333333333333333300000
000000003333333333333333300000
000000103333333333333333100000
000000103333333333333333000000
000000103333333333333333000000
000000003333333333333333300000
010001003333333333333333000000
000001033333333333333333000000
000001033333333333333333000000
100100100100011100100110101010011113333333333331110000
100100100100011100100100111010010103333333333331110001
100000100100111000101100110010001103333333333001110001
101000100100111000101100010010011103333333333301000001
000000000010000000000000000000133333333333
000000000000000000000000000001110333333333
000000000000000000000000000001133333333333
000000000100000000000000000001333333333333
111133333333333333100110111133333311111144
111133333333333330001110111133333211111144
111133333333333330001110111133333211111144
110233333333333330001100111133333111111144
111233333333333330001100111133333111111144
101233333333333330001100111133333111111144
101233333333333330001100111133333111111144
111233333333333330001100111133333111111144
111233333333333330001100111133333111111144
111333333333333330001100111333333111111444
000000000000000000000000000333333333333333333333333000
000000010000000000000000000333333333333333333333333000
000000000000000001000000000333333333333333333333333000
000000000000000000000000003333333333333333333333330000
000000000000000000000000003333333333333333333333330010
000000000033333333333333333333
000000000033333333333333333333
000000000033333333333333333333
000000000033333333333333333333
000000000111033333333333333333333100
000000000110333333333333333333333000
000000000110333333333333333333333000
000000001110333333333333333333333000
100000011000133332133333333333332222
100000011000133332133333333333332222
000000110001133331133333333333332222
000000110001133331033333333333322222
101001010011011110010010111111333333031000033311
001001010011111110010100101111333033031000113010
000010010011111110010100101113333333031000113010
010010010010111100110100101111333333040003313110
222000000111124333333333333333333333
222000001111213333333333333333333333
222000001111113333333333333333333333
220000001111113333333333333333333333
100000001000000011000000003333333333333333000000
000000000000000011000000003333333333333333000000
000000000000000110000000003333333333333333000000
000001000000001000000000011333333333333330
000001000000001000000000011333333333333330
000001000000001000000000013333333333333330
000001000000001000000000013333333333333330
000000000000000000001001003333333333333330
000000000000000000001001003333333333333330
000000000000000000001001003333333333333330
000000000000000000001001003333333333333330
000000000000000000000000103333333333333330
000000000000000000000000103333333333333330
000000000100011033333333333333310000000000
000000001000011030333333333333300000000000
000000001000110300333333333333300000000000
000000001000110330333333333333100000000000
111011133333333333333331000110
111111333333333333333331000100
110111333333333333333331000100
110111333333333333333311000100
333333100001000010000010000000033333333333333333333333000001
333330100001000000000000000001033333333333333333333333000001
333331000001000000000000000001333333333333333333333333000000
333331000001000100000100000000333333333333333333333330000000
000000033333333333333000
000100033333333333333000
000100333333333333330000
111103333333333333333333
111103333333333333333333
111113333333333333333331
111013333333333333333331
100000000001013333333333333333333332
100000000001133333333333333333333332
000001000001133333333333333333333331
000001000001133333333333333333333331
000000000000000003333333333333333333333330
000000000000000003333333333333333333333330
000000000000000003333333333333333333333300
000000000000000003333333333333333333333300
000000000000000033333333333333333333333300
100000111333333333333333333331000000000000
100000111333333333333333333331000000000000
000000110333333333333333333331000001000000
000001110333333333333333333330000001000000
000003333333333333333000000001
000043333333333333333000000011
000043333333333333333000000011
000013333333333333331000000011
000013333333333333331000000011
000013333333333333331000000011
000013333333333333331000000011
000013333333333333330000000011
000013333333333333330000000011
000033333333333333330000000011
000110000001000111114410000033333333333333333333333333
000100000001001111114400000033333333333333333333333333
000100000001001011144400000133333333333333333333333333
000100000001001111144100000133333333333333333333333333
104444440001333333333333333333333333333333333333333333333333
144444440001333333333333333333333333323333333333333333333333
144444410100333333333333333333333333333333333333333333333333
144444400010333333333333333333333333333333333333333333333333
044444400013333333333333333333333333333333333333333333333333
000103333333333333333333333333300001
001033333333333333333333333333300010
001033333333333333333333333333000010
001033333333333333333333333333000010
001033333333333333333333333333000010
100011111111111111333333333333
000011111111111111333333333333
000011111111111111333333333333
000111111111111111333333333333
000000000000003333333333333333333330000000
000000000000003333333333333333333330000000
000000000000003333333333333333333330000000
000000000000003333333333333333333300000001
011013333333333333333333333333333333333333333333
001003333333333333333333333333333333333333333333
000003333333333333333333333333333333333333333333
100103333333333333333333333333333333333333333333
100103333333333333333333333333333333333333333333
000000003333333333333333333333
000000103333333333333333333333
000000033333333333333333333333
111111111133333333333333333333
111111111133333333333333333333
111111111133333333333333333333
111111111133333333333333333333
000103333333333333333333333333333333333333333333
000103333333333333333333333333333333333333333333
100103333333333333333333333333333333333333333333
100033333333333333333333333333333333333333333333
000033333333333333333333333333333333333333333333
000000000100000000000000000000113333333333333333333000
000000000100000010000000001000103333333333333333331000
000000000000000010000000001000103333333333333333330000
000000001000000010000000001000133333333333333333330000
000010014444400002333333333333333333333333330104
000000014444400002333333333333333333333333330114
000000014444400002333333333333333333333333330014
000100014444000023333333333333333333333333301044
000000000000010000103333333333300100010000
010000000000010000103333333333001000010000
010000000000010000103333333333001000010000
010000000000010000133333333333001000010000
010000000000010000133333333333001000010000
010000000000010001033333333333001000010000
010000000000010001033333333333001000010000
000000000000010001033333333333001000100000
000000000000010001033333333333001000100000
000000000000100001033333333333001000100000
000000000000100003333333333333333333333000
000000000000000033333333333333333333330000
000000000001000033333333333333333333330000
000011111133333333333333333333
000001111133333333333333333333
000001111133333333333333333333
000011111333333333333333333333
000000000000010043333333333333333333
000000000000010013333333333333333333
010000000000010133333333333333333333
000000000000000133333333333333333333
000033333333333333333333330000
000333333333333333333333330000
000333333333333333333333330000
000333333333333333333333300000
111111111000333333333333333333111441
111111111000333333333333333331111444
111111111000333333333333333331111444
111111111003333333333333333331114411
111100114111114110133333333333333333
111100111111111110333333333333333333
111120111111111111333333333333333333
111001144111111101333333333333333333
000000000014444444400000000000003333333333333333333333333333300000
000000000014444444100000000100033333433333333333333333333333300000
000000000144444444100100000100033333333333333333333333333333300000
000000000104444444100100000100033333333333333333333333333333300000
000000110000000111003333333333333333333330
000000110000001111033333333333333333333330
000000100000001111033333333333333333333300
000000100000001111033333333333333333333300
000000100000001110030333333333333333333300
000100000000000000000000000130000330000000000000
000100000000000000000000000330003030000000001000
000000000000000001000000001330001030000000001000
000000000000000001000000001330000300000000001000
444444444414110333333333333333333333333333333333
444444444114110333333333333333333333333333333333
444444444414110333333333333333333333333333333333
444444444114010333333333333333333333333333333333
444444444114010333333333333333333333333333333333
444444444144100333333333333333333333333333333333
444444444144100303333333333333333333333333333333
444444444144100343333333333333333333333333333333
444444444141100343333333333333333333333333333333
444444444141103333333333333333333333333333333333
000000000000001333333333333333333010
001000000000001333333333333333330010
001000000000001333333333333333330010
001000000000001333333333333333330010
001000000000001333333333333333330010
001000000000011333333333333333330010
001000000000011333333333333333330010
001000000000011333333333333333330000
001000000000011333333333333333330000
000000000000013333333333333333330100
000400044133333333333333000000
000400044333333333333333000000
000400044333333333333333000000
000400044333333333333333000000
004000044333333333333333000000
100000000000033333333333333333
100000000000033333333333333333
100000000010333333333333333333
100000000010333333333333333333
000000000010333333333333333333333333
000000000000333333333333333333333333
000000000103333333333333333333333333
400004104444444000033333333333333333333444444400
400004104444444400333333333333333333333444444400
400004104444444400333333333333333333333444444400
400004144444444000333333333333333333333444444000
010001000001113333333333333333331010001000
010001000001133333333333333333331010010000
100041001001033333333333333333310010010001
100010001001033333333333333333310010010001
010000010000000103333333333333333333333333333333333444444400000100
010000010000000133333333333333333333333333333333333444444001000000
100000000000000133333333333333333333333333333333334444444001000000
100000000001000133333333333333333333333333333333334444444001001000
100000000000001033333333333333333333333333333333334444444001001000
000000000033333333333333333330000440
000033100003333333333333333330000000
000003100033333333333333333330000001
000003100033333333333333333330000401
001000100100010000001033333333333333333333333333333333010000
001000100100000100001133333333333333333333333333333333010100
001000100100000100000333333333333333333333333333333330010100
000000000000100000000333333333333333333333333333333330000000
000000100133333333333333333333
000000100333333333333333333333
000000100333333333333333333333
100000000333333333333333333333
100000001333333333333333333333
000100000000000444444444033333333333333333333333
001000000000004444444440033333333333333333333333
001000000000004444444440033333333333333333333333
001000000000004444444440333333333333333333333333
000110000000000000333333333333333333333333330000
000100000000000003333333333333333333333333330000
000100000000000003333333333333333333333333300000
000004040000100000000444444433333333333333333333
000000040000100000004444444433333333333333333333
000000000001100000004444444333333333333333333333
000040400001000000004444444333333333333333333333
033333333333333333300000000100
333333333333333333000000000000
333333333333333333000000000000
000002002001133333333333333333333331
000000000212233333333333333333333331
000000000211133333333333333333333311
000000000212233333333333333333333310
000000000010011333333333333333333000000000
000000000100013333333333333333333000000000
000000000100013333333333333333333000000000
000000000100113333333333333333330000000000
000000000000000000000000000333333300100000
000000000000000000000000000333333300100000
000000000000000000000000003333333300100000
000000000000000000000000003333333300000000
000000000000000000000000003333333300000000
000000011111000001001033333333333333333333333333000010
000000011111000001001033333333333333333333333333000010
000000111110000010010033333333333333333333333330000000
000000111110000010010033333333333333333333333330000100
011111333333333333333333330111010000
111111333333333333333333330111010000
111111333333333333333333330111110000
111111333333333333333333300111110000
000001010010111111113333333333333333
000001010010111111103333333333333333
000000000010111111103333333333333333
000010010100111111133333333333333333
400000110333333333333333333333333100
400000110333333333333333333333333100
000001113333333333333333333333333100
000001103333333333333333333333331100
000001103333333333333333333333331000
000003333333333333333000
000003333333333333330000
000003333333333333330000
444444444003333333333333333333333333333300
444444444003333333333333333333333333333000
444444444003333333333333333333333333333000
444444441033333333333333333333333333333000
444444441033333333333333333333333333333000
444444440033333333333333333333333333333000
444444440033333333333333333333333333333000
444444440033333333333333333333333333333000
444444440033333333333333333333333333333000
444444440033333333333333333333333333333000
000100000000000100444444440000000133333333333333333333000000
000100000000000100444440440000000133333333333333333333000000
000100000000000100444444440000000033333333333333333333000000
000000000000000104444444040000001033333333333333333333000000
000000000000000004444444040000001333333333333333333330000000
000000011100000000001110333333333330000000
000000011100000000001113333333333330000000
000000111100000000001113333333333330000000
000000111000000000001113333333333330000000
000000111000000000001113333333333330000000
010333333333333333
013333333333333333
113333333333333333
000111133333333333333333333333333333333333
000111133333333333333333333333333333333333
000111133333333333333333333333333333333333
000111333333333333333333333333333333333333
000111333333333333333333333333333333333333
000111333333333333333333333333333333333333
000111333333333333333333333333333333333333
000111333333333333333333333333333333333333
000111333333333333333333333333333333333333
001111333333333333333333333333333333333333
010111101111111111113333333333333333333331111101
100111101111111110113333333333333333333311111111
100111111111111111133333333333333333333311110111
101111011111111111133333333333333333333311111011
444440444444444433333333333333333333333444444444
441044444444444433333333333333333333333444444444
404444444444444433333333333333333333333444444444
414444444444444333333333333333333333333444444444
003333333333333333333333333333333333333333
003333333333333333333333333333333333333333
003333333333333333333333333333333333333333
033333333333333333333333333333333333333333
033333333333333333333333333333333333333333
033333333333333333333333333333333333333333
033333333333333333333333333333333333333333
033333333333333333333333333333333333333333
033333333333333333333333333333333333333333
033333333333333333333333333333333333333333
000000110133333333333333333330000000
000000100133333333333333333330000000
000000100333333333333333333300000000
000000100333333333333333333300000000
010101001001001000010000013333333333333333300310
100101011010001000010000013333333333333333303310
101001010010001000010000133333333333333333003300
101011010010001000110000133333333333333333003100
111111000033333333333333333333000000
111110000033333333333333333333000000
111110000033333333333333333333000000
111110000333333333333333333333000000
111110000333333333333333333333000000
000000000110033333333333333333333333333330
000000000100033333333333333333333333333330
000000000100333333333333333333333333333310
000000000101333333333333333333333333333310
133333333333333001010000
133333333333330001000000
333333333333331001010000
333333333333331011010000
000111444444111111000333333333333333333333001144
000111444444111111000333333333333333333333001444
000114444444111111000333333333333333333330011444
000114444444111111000333333333333333333330011444
000000111111111033333333333333333333331444444111
000001111111111033333333333333333333331444444111
000001111111110033333333333333333333334444444111
222223333333333333333333333333222202
222223333333333333333333333333222202
222223333333333333333333333333222202
222223333333333333333333333333222222
444444444111133333333333333333333333333311
444444444141333333333333333333333333333311
444444444141333333333333333333333333333311
444444444111333333333333333333333333333311
444444444111333333333333333333333333333311
444444444111333333333333333333333333333311
444444444111333333333333333333333333333311
444444441111333333333333333333333333333311
444444441111333333333333333333333333333311
444444441111333333333333333333333333333111
111100111110003333333333333333333333333333333301111111144444
111100111100003333333333333333333333333333333301114111144444
111100111100033333333333333333333333333333333011111111140444
111100111100033333333333333333333333333333333011111111144444
111101111100033333333333333333333333333333333011111111144444
000000333333333333
000003333333333333
000003333333333333
000003333333333330
444100001133333333333333333333333333333100000101
444100000333333333333333333333333333333100000101
444100100333333333333333333333333333330101000000
444000110333333333333333333333333333330001000000
444000110333333333333333333333333333330001000010
000000014444440000000000333333333333333330000000000100
000000014444400000000001333333333333333330000000000100
000000014444400000000001333333333333333300000000000000
000010100001111033333333333333333300
000010100001111033333333333333333300
000011000001111333333333333333333300
000101000011111333333333333333333000
010000000000003333333333333333330000000000100000
010000000000033333333333333333300000000000100000
100000000000033333333333333333300000000001000000
100000000000033333333333333333300000000001000000
111441100033333333333333333333333333301444444411441110
144441000033333333333333333333333333311444444414441110
114411000333333333333333333333333333014444444414411110
001100000014444444444433333333333333333333
001100000044444444444433333333333333333333
001100000044444444444433333333333333333333
011000000044444444444433333333333333333333
111100000003333333333333333331
111100000003333333333333333331
111000000003333333333333333301
111000000003333333333333333311
333333333333333333333333333333333333
333333333333333333333333333333333333
333333333333333333333333333333333333
333333333333333333333333333333333333
333333333333333333333333333333333333
333333333333333333333333333333333333
333333333333333333333333333333333333
333333333333333333333333333333333333
333333333333333333333333333333333333
333333333333333333333333333333333330
000000033333333333333333333333000000
000000033333333333333333333330000000
000000133333333333333333333330000000
000000133333333333333333333330000000
000000011111111111111100033333333333333000011111
000000111111111111111100033333333333333000011111
000000111111111111111100033333333333330000011111
000000111111111111111100333333333333331000111111
001000000110000001111003311333333331300100
011000000100000001111003313333333333300100
011000000100000001111003313333333333300100
011000000100000001111003333333333333301100
011000000100000001111003330333333333301100
011000000100000001110003310133333313301100
011000000100000001110003030133333313301100
011000001100000001110033010133333333001100
011000001100000001110033010333333333001100
110000001100000011110033010333333313001000
000000111110000333333333333333300000
000000111110003333333333333333300000
000001111110003333333333333333300000
000001111110003333333333333333000000
000001111100003333333333333333000000
010000000001000000000333333333333333333300
010000000001000000000333333333333333333300
000000000001000000000333333333333333333000
100000000000000000003333333333333333333000
100000000000000000003333333333333333333100
100000033333333333333333333330010000010000
101011333333333333333333333330011000000000
001011333333333333333333333300001000000000
001000333333333333333333333300001000100100
000000333333333333333333333300100000100100
000000000000000000000000333333333333333333
000000000000000000000000333333333333333333
000000000000000000000000333333333333333333
000000000000000000000000333333333333333333
000010000000000000000003333333333333333333
111110001100111333333333333333333333333333333333331100
111100001011013333333333333333333333333333333333330000
111100001110113333333333333333333333333333333333331000
111110001111113333333333333333333333333333333333331001
111100001001113333333333333333333333333333333333310001
000000000000144440000000333333333333333333
000100000000144440000010333333333333333333
000100000000444440000010333333333333333333
000000000000444440000000333333333333333333
000000333333333333333330001033300000100000
000000333333333333333330000333300000000000
000013333333333333333330000333300000000000
000003333333333333333300010333000001000000
033313333333333333333333333333333333333333333333333333330100000000
033333334333333333333333333333333333333333333333333333331001000000
030333333333333333333333333333333333333333333333333333331001000000
033333333333333333333333333333333333333333333333333333331001000000
333333333333333333333333333333333333333333333333333333331000000000
100130331444333333333333333333
101030331443333333333333333333
001033331443333333333333333333
001033334443333333333333333333
000000000000000000000000000100000003333333333333333333
000000000100000100000000000000000033333333333333333333
000000000100000100000000000000000033333333333333333333
000000000000000000000000001000000033333333333333333333
014444444400001333333333333333333333331440
014444444400003333333333333333333333331441
014444444400003333333333333333333333331444
044444444400103333333333333333333333331444
044444444400103333333333333333333333331444
044444444000113333333333333333333333334444
044444444000113333333333333333333333334444
044444444000113333333333333333333333314444
044444444000113333333333333333333333314444
144444444000013333333333333333333333314404
000100011111111111333333333333333333333333333311
000000111110111111333333333333333333333333333311
000000111111111111333333333333333333333333333311
000000111111111113333333333333333333333333333311
000000111111111113333333333333333333333333333311
000033333333333333000000
400133333333333333000000
000033333333333333000000
000000000333333333333333333300000000000010
000000000333333333333333333300000000000110
000000000333333333333333333000000000000100
000000000333333333333333333000000000000100
000000333333333333333333333333333333333310100000
000000333333333333333333333333333333333310100000
000033333333333333333333333333333333333100100000
000003333333333333333333333333333333333100000000
110011000110011333333333333333333333
111011000110011333333333333333333333
110011000110011333333333333333333333
110011000110111333333333333333333333
333333333333333333333333333333333333333333333330
333333333333333333333333333333333333333333333300
333333333333333333333333333333333333333333333300
333333333333333333333333333333333333333333333300
333333333333333333333333333333333333333333333300
000000000000100000000000000033333333333333
000000000000100000000000000333333333333333
000000000000100000000000000333333333333333
000000000000000000000000000333333333333333
000000014444440000000000333333333333333330000000000100
000000014444400000000001333333333333333330000000000100
000000014444400000000001333333333333333300000000000000
000000033333333333333300
000000333333333333333300
000000333333333333333300
200002122233333333333333333333332020
000000112233333333333333333333330020
000000112333333333333333333333320220
000001222333333333333333333333322222
001000000000011110001003333333333333333300
011000000000111100011033333333333333333300
011000000000111100011033333333333333333300
011000000000111100010033333333333333333000
000110000000011100011111110000000333333333333333
001110000000111000011111110000003333333333333333
001100000000111000011111110000003333333333333330
001100000000111000111111100000003333333333333330
000100001000001003333333333333333333333333333333000000111100000000
000000000010001003333333333333333333333333333333000000111000000000
000000000010001003333333333333333333333333333333000001111000000000
001000010010000033333333333333333333333333333333000001111000000000
001000010000010033333333333333333333333333333333000000111000000000
011110001111333333333333310001
011100001111333333333333300011
011100001113333333333333000010
111100001113333333333333000010
000100000000000100444444440000000133333333333333333333000000
000100000000000100444440440000000133333333333333333333000000
000100000000000100444444440000000033333333333333333333000000
000000000000000104444444040000001033333333333333333333000000
000000000000000004444444040000001333333333333333333330000000
010000101100000000333333333333333333301000
010000111000000000333333333333333333301000
110000111000000003333333333333333333001000
110000000000111111111111111100033333330333333331
110000000000111111111111111100333333300333333331
110000000000111111111111111100333333300333333334
100000000000111111111111111100333333300333333334
000000001444444444444441033333333333333333333333
000000000444444444444441033333333333333333333333
000000000444444444444444033333333333333333333333
000000004444444444444440333333333333333333333331
010000001000000000000033333333333333333300
010000001000000000000033333333333333333300
000000001000000100010133333333333333333300
000000001000000100010133333333333333333300
000000001100001100010133333333333333333300
000000001100001100010133333333333333333300
000000010100001100010133333333333333333000
000000010100001100010133333333333333333000
100000010100000100010033333333333333333000
100000010100000100010033333333333333333000
111111111111111033333333333333333333331111111111
111111111111111033333333333333333333331111111111
111111111111111033333333333333333333331111111111
111111111111111033333333333333333333311111111110
000000100000000100000001140333333333333333300011
000000100000000000000001140333333333333333300011
000000000000001000000011443333333333333333000111
000000000000001000000011443333333333333333000111
001100000433333333333333333333330000000000
004100000433333333333333333333330000000000
014100000433333333333333333333300000000000
014100000433330333333333333333300000000000
011100000433333333333333333333300000000000
011100000333333333333333333333300000000000
011100000333333333333333333333300000000000
011100004333333333333333333333300000000000
011100004333333333333333333333300000000000
011000004333333333333333333333300000000000
100000333333333333333333
100000333333333333333330
100000333333333333333330
100000333333333333333330
000333333333333333333333000000
000333333333333333333333000000
003333333333333333333333000000
003333333333333333333333000000
003333333333333333333333000000
111011000333333333333333
111011000333333333333333
111010003333333333333333
111010003333333333333333
000000333333333333333333333333333333333333333330000010000010
000000333333333333333333333333333333333333333330000010000000
000000333333333333333333333333333333333333333330000010000000
000000333333333333333333333333333333333333333300000000000100
000003333333333333333333333333333333333333333300000000000100
000000000000000000300100000000000000000000
110000000000000000300100000010000000000010
010000000000000000000100000010000000000010
010000000001000003000000000010000000000010
000013333333333333333333333333333333333100
000013333333333333333333233333333333333100
000013333333333333333333233333333333333100
000013333333333333333333333333333333333000
000013333333333333333333333333333333333000
000003333333333333333333333333333333333000
000003333333333333333333333333333333333000
000033333333333333333333333333333333333000
000033333333333333333333333333333333333000
000133333333333333333333333333333333331000
000000000033333333333333333000000100
000000000033333333333333333000000100
000000001033333333333333333000000100
000000001033333333333333333000000100
000000001033333333333333333000000000
333333333333333333333333333333333333333333333300
333333333333333333333333333333333333333333333300
333333333333333333333333333333333333333333333300
333333333333333333333333333333333333333333333301
333333333333333333333333333333333333333333333301
333333333333333333333333333333333333333333333001
333333333333333333333333333333333333333333333001
333333333333333333333333333333333333333333333001
333333333333333333333333333333333333333333333001
333333333333333333333333333333333333333333333000
000000000100000000000000003010000001000000003003
000000000100000000000100003010000000000000033003
000000000100000000000100003010000000000000033033
000100000000000000000000000000000000000003030033
000100000000000001000003333333333300100000
000100000100000001000003333333333300100000
000100000100000001000003333333333300100000
000100000100000001000003333333333000000000
000100000100000001000003333333333000000000
000000000100000000000033333333333001000000
000100000100000000000033333333333001000000
000000000000000000000033333333333001000000
000000000000000000000033333333333001000000
001000000000000010000033333333333001000000
000000001333333333333333333333300000000000000000
000000001333333333333333333333300000000000000000
000000000333333333333333333333300000000000000000
000000000333333333333333333333000000000000000000
000011111100000010333333333333333300000000
000011111100000010333333333333333300000000
000111111000000013333333333333333300000001
000111111000100113333333333333333100000001
000001000100000100000111333333333333333010
000001000101000100000111333333333333333010
000001000101000100000111333333333333331010
000000000001000000000113333333333333333010
000000000001000000000113333333333333333010
000000000001001000001113333333333333330010
000000000001001000000113333333333333330110
000000001000001000001113333333333333330110
000000001000001000001113333333333333330100
000010001000001000001113333333333333330100
201111001333333333333331
211111003333333333333310
011111013333333333333310
011110013333333333333310
000000000000013333333333333333333333331000
000000000000113333333333333333333333331000
000000000000103333333333333333333333331000
000000000000133333333333333333333333331000
000000000000133333333333333333333333310000
000000001010003333433333333043333333333331010100
000000000010033333333333333333333333333331010110
000000000000333333333333333333333433333330100101
000000010000033333333303333333333333333300100101
111100000000000000000001333333333333333333
111000000000000000000000333333333333333333
111000000000000000000000333333333333333333
010001004443333333333333333333333344433303333333333333311011001011
010001044443333333333333333333333344443333333333333333311011011010
000000044413333333333333333333333344333333333333333333311010010010
000000044013333333333333333333333444333333333333333333010110010010
000010044403333333333333333333333444333333333333333333010110010010
004000033333333333333333333333
000000033333333333333333333333
000000033333333333333333333333
400000033333333333333333333333
111111111333333333333333333333333111
111111113333333333333333333333333111
111111113333333333333333333333333111
111111113333333333333333333333331111
000111100034433333333334334444444443301000100100000100010000
000111100334333333333333344444444433300000000100000100000000
001111100333433333333333344444444443300000000100000000100000
001111101333333333333333344444444433310000000100000000100000
001111001333333333333333344444444433310001000100001000100000
000044433333333333333333333333333333
000044033333333333333333333333333333
000044033333333333333333333333333333
000444033333333333333333333333333333
000440333333333333333333333333333330
000000000000000001003333333333333333300000
000000000000000001003333333333333333300000
000100000000000001033333333333333333300000
000100000000000001033333333333333333300000
000100000000000000033333333333333333300000
000100000000000000033333333333333333300000
000100000000000000033333333333333333300000
000100000000000000033333333333333333300000
000100000000000010033333333333333333000000
000100000000000010033333333333333333000000
100111144444011000033333333333333333301100
100111144444011000033333333333333333301100
100111144444111100133333333333333333301100
100111144444111100133333333333333333300100
100111444444111100133333333333333333300100
000111444444111000333333333333333333301000
000111444444111000333333333333333333301000
000111444444111000333333333333333333301000
000111444440111000333333333333333333301000
000111444440110000333333333333333333311000
010000010000000101010133333333333333330010
010010010100100101011333333333333333330010
010010010100101000011333333333333333330010
000010010100101000011333333333333333300000
000000000000333333333333333333333333333333333333333333333333
000000000000333333333333333333333333333333333333333333333333
000000000000333333333333333333333333333333333333333333333333
000000000000333333333333333333333333333333333333333333333333
000000000000333333333333333333333333333333333333333333333333
000000000000103333333333333333333300000000
000000000000103333333333333333333310000000
000001000000103333333333333333333310000000
000001000000033333333333333333333310000000
000000000001033333333333333333333000000000
011011111011000333333333333333333333333333333333110000
111011111011003333333333333333333333333333333333110000
110011111011003333333333333333333333333333333333110010
110011111010003333333333333333333333333333333333110010
110011111110003333333333333333333333333333333333111010
000000000000000000010000000000000133333333333333333333000000
000000000000000000010000000000000133333333333333333330000000
000000000000000000110000000000001133333333333333333330000000
000000000000000000110000000000001133333333333333333330000000
000000100000144444444444444443333333333333333333333333
000001000000144444444444444413333333333333333333333333
000001000000444444444444444413333333333333333333333333
000001000000444444444444444413333333333333333333333333
333333333333333333333333333333333333333333
333333333333333333333333333333333333333333
333333333333333333333333333333333333333333
333333333333333333333333333333333333333333
333333333333333333333333333333333333333333
333333333333333333333333333333333333333333
333333333333333333333333333333333333333333
333333333333333333333333333333333333333333
333333333333333333333333333333333333333333
333333333333333333333333333333333333333333
111000101100000333333333333333
111000100000013333333333333333
111100101000013333333333333333
110000111000003333333333333333
110000011000003333333333333333
111111111111113333333333
111111111111113333333333
111111111111113333333333
111111111111133333333333
000110010000133333333333333333333333333333
000110010004133333333333333333333333333333
000110000004333333333333333333333333333333
000101000004333333333333333333333333333333
