0100000000000011111111111111100000000001
0100000001000011111111111111100000000001
0100000001000111111111111111000000000000
010000000000000001111111111111111100000010000
110000000000000001111111111111111000000010000
110000000000000011111111111111111000000010000
000000000000001111111111111111111110100010
001000000000001111111111111111111111100010
001000000000001111111111111111111110100000
000000000000001111111111111111111110000000
000000000000001111111111111111111110000000
000000000000001111111111111111111110000000
000000000110000000011111111111111111111111111111100000000000000
000000000110000000111111111111111111111111111111100000000000000
000000000100000000111111111111111111111111111111100000000000000
000000000110000000011111111111111111111111111111100000000000000
000000000110000000111111111111111111111111111111100000000000000
000000000100000000111111111111111111111111111111100000000000000
0001111111111111111111111100
0001111111111111111111111100
0001111111111111111111111000
0000000001111111111111111111
0000000001111111111111111111
0000000011111111111111111111
000001111111111111111
000001111111111111111
000001111111111111111
0001111111111111111111111000
0001111111111111111111111000
0001111111111111111111110001
000011111111111111111111111111111111111111110000000000
000011111111111111111111111111111111111111110000010000
000011111111111111111111111111111111111111100000000000
000000000011111111111111111111111111111111111110000000
000000000111111111111111111111111111111111111100001000
000000000111111111111111111111111111111111111100000000
00000000000000000000000000000000000000110000000000000000000000000011111111111111111111111111111111111111111111111111100000000000000000000000000000111000
00000000000000000000000000000000000000110000000000000000000000000011111111111111111111111111111111111111111111111111000000000000000000000000000000110000
00000000000000000000000000000000000000100000000000000000000000000011111111111111111111111111111111111111111111111111000000000000000000000000000000110000
000011111000000000000000000000000000000000011111111111111111111111111111111111111111111111111111111000000000000000
000011111000000000000000000000000000000000011111111111111111111111111111111111111111111111111111111000000000000000
000011111000000000000000000000000000000000011111111111111111111111111111111111111111111111111111110000000000000000
000000000111111111111111111111111000000000000000
000000001111111111111111111111111000000000000000
000000001111111111111111111111111000000000000000
0001111111111111111111111111111100000000000000000
0011111111111111111111111111111100000000000000000
0011111111111111111111111111111100000000000000000
0000000000000000000000000011111111111111111111100000000010000004444444
0000000000000000000000000011111111111111111111100000000000000004444444
0000000000000000000000000011111111111111111111100000000000000004444444
0000000000000000000000001111111111100000000000001000000004444444444444
0000000001100000000000011111111111100000000000010000000004444444444444
0000000001000000000000011111111111000000000000010000000004444444444444
1111111111111110000000000
1111111111111110000000000
1111111111111110000000000
00011111111111111000
00011111111111111000
00011111111111111000
00000000111111111111111111111111100
00000000111111111111111111111111000
00000001111111111111111111111111000
01001111111111111111111111111111110
11001111111111111111111111111111100
10001111111111111111111111111111100
00000001111111111110000000000000000
00000011111111111100000000000000000
00000011111111111100000000000000000
00000000001111111111111111111111100
00000000011111111111111111111111000
00000000011111111111111111111111000
100000000000011111111114444444441110000001000000000000
000000000000111111111114444444441110000001000000000000
000000000000111111111114444444441110000010000000000000
0001114444444111111114100000
0001114444441111111114100000
0011144444441111111114000000
00000000111111111111111111111111111001000000000000001000
00000001111111111111111111111111111001000000000000001000
00000001111111111111111111111111111011000000000000000000
000000000000001001111111111111111110000000
000000000000000011111111111111111110000000
000000000000000011111111111111111110000001
00100000000000000000000000011111111111111111111110000000
00100000000010000000000000011111111111111111111110000000
00100000000010000000000000011111111111111111111110000100
000000011111111111111111111100000100000000
000000111111111111111111111100000100000000
000000111111111111111111111100000100000001
000000111111111111111111111111111111111111111000001100
000000111111111111111111111111111111111111111000001100
000000111111111111111111111111111111111111111000001000
000000000000001111111111111111111111111111111110000100000000000
000000000000001111111111111111111111111111111110000100000000000
000000000000001111111111111111111111111111111100001000000000000
001111111111111111111111111111111111111111110
011111111111111111111111111111111111101111110
011111111111111111111111111111111111111111100
000001111111111111111111111111111111111111111
000001111111111111111111111111111111111111111
000011111111111111111111111111111111111111111
001111111111111111111111111111111000000100000000000000000000000
001111111111111111111111111111110000000000000000000000000000000
001111111111111111111111111111101000000000000000000000000000000
000011111111100111111111111111111111111111111000000000010000000
000011111111101111111111111111111111111111111000000000100000000
000011111111001111111111111111111111111111111000000000100000000
000000000000000000011111111111111111111111111111111111111111111111111111111110000000
000000000000000000111111111111111111111111111111111111111111111111111111111110000001
000000000000000000111111111111111111111111111111111111111111111111111111111110000001
000000000000000011111111111111111111110000
000000000000000011111111111111111111100000
000000000000000111111111111111111111100000
000000000000011111111111111111111111111100000000
000000000000011111111111111111111111111000000000
000000000000011111111111111111111111111000000000
00000000000000001111111111111111111111111100000000000000
00000000000000011111111111111111111111111000000000000000
00000000000000011111111111111111111111111000000000000000
0000000000000000001000000000000000111111111111111111111111111111111111111111111111111111111001110010011000000000000000000000100000000
0000000000000000001000000000000000111111111111111111111111111111111111111111111111111111111001110100000000000000000000000000100000000
0000000000000000011000000000000000111111111111111111111111111111111111111111111111111111111001110100000000000000000000000000000000000
0000001000000000000000000000000000000000000001000000000000011000000000000000000000000000000000000000000000011111100000000000000000100
0000011000000000000000000000000000000000000001000000000000010000000000000000000000000000000000000000000000011111000000000000000000000
0000010000000000000000000000000000000000000010000000000000010000000000000000000000000000000000000000000000011111000000000000000000000
11111100010000000000111111111111111111111111111111111111
11111100000000000001011111111111111111111111111111111111
11111100000000000001011111111111111111111111111111111111
00000000000000000000000111111111111111111111111100000000
00000000000000000000001111111111111111111111111100000000
00000000000000000000001111111111111111111111111000000000
1110000000000111111111111111111111111111111111000
1110000000000111111111111111111111111111111110100
1110000000000111111111111111111111111111111110000
0011100000000000011111111111111111111111111111111
0011000000000000111111111111111111111111111111111
0111000000000000111111111111111111111111111111111
000000011111111111111111111111111111111000
000000011111111111111111111111111111111000
000000111111111111111111111111111111111000
10010011000000000011000000111111111111111111111111111111
10110011000000000011000000111111111111111111111111111110
00100101000000000010000000111111111111111111111111111110
000000000000000010000111111111111111111111111111100000
000000000000000010000111111111111111111111111111100000
000000000000000100000111111111111111111111111111100000
000000001000000000011111111111111111111111111111111111
100000010000000000111111111111111111111111111111111111
100000010000000000111111111111111111111111111111111111
000000111111111111111111111111111111111111111
000000111111111111111111111111111111111111111
000000111111111111111111111111111111111111111
000000110000111111111111111111111111111111111111110000000000001
000000110000111111111111111111111111111111111111100000000000001
000001100001111111111111111111111111111111111111100000000000011
011000000000000000000011111111111111111111111111
110000000000000000000111111111111111111111111111
110000000000000000000111111111111111111111111111
000100111111111111111111110000000000000000
000000111111111111111111110000000000000000
001000111111111111111111110000000000000000
0000001100000000000000000000000000000000000000000000000001111111111111110011000000000000000000000000000011100111000000100000000000000
0000000000000000000000000000000000000000000000000000000001111111111111110011000000000000000000000000000011001111000000100000000000000
0000001000000000000000000000000000000000000000000000000001111111111111100111000000000000000000000000000011001110000001000000000000000
0000000000000000000000000000000000000000000111111111111111111111111111011111000000111111111111111111100000000000001000000000000000000
0000000000000000000000000000000000000000000111111111111111111111111111011101010101111111111111111111000000000000001000000000000000000
0000000000000000000000000000000000000000001111111111111111111111111110011111011101111111111111111111000000000000010000000000000000000
0000000000000000000000000000011110000000000000000000001111111111111111111111111111111111111111111111111111111111110000100000100000000
0000000000000000000000000000011100000000000000000000001111111111111111111111111111111111111111111111111111111111110000100000100000000
0000000000000000000000000000011100000000000000000000001111111111111111111111111111111111111111111111111111111111110000000000000000000
0000000000000000000000000011111111111111111111111111111111111111111111111111111111111111110000000000000000000000010000000000000000000
0000000000000000000000000011111111111111111111111111111111111111111111111111111111111111110000000000000000000000110000000000000000000
0000000000000000000000000111111111111111111111111111111111111111111111111111111111111111110000000000000000000000110000000000000000000
00001111111111111111111111111111
00001111111111111111111111111111
00011111111111111111111111111111
011111111111111111111111111111110000
011111111111111111111111111111110000
111111111111111111111111111111100000
000001000001111001000011111111111111111111110100100000000000001
000000000001111000000011111111111111111111110100100000000000001
000010000001111010000011111111111111111111111100000000000000001
000000100000000000000001111111111111111111111110100001000010000
000000000000000000000001111111111111111111111110100001000010000
000001000000000000000011111111111111111111111100000000000100000
000000000000000000000111111111111111111111111
000000000000000000000111111111111111111111110
000000000000000000000111111111111111111111110
00111000000000001111111111111111110
01111100000000001111111111111111110
01111000000000001111111111111111110
000000000011111111111111111111111111111111111111111111110000000000000000000000100000000000
000000000111111111111111111111111111111111111111111111110000010000000000000000100000000000
000000000111111111111111111111111111111111111111111111110000010000000000000000100000000000
0010000000000011111111111111111111111144444444440
0000000000000011111111111111111111111144444444440
0100000000000011111111111111111111111114444444400
0000000000001111111111111111111111111000000000000
0000000000011111111111111111111111111000000000000
0000000000011111111111111111111111111000000000000
000000000000011110000000000000000111111111111111111111111111111111111000
000000000000111110000000000000000111111111111111111111111111111111110000
000000000000111110000000000000001111111111111111111111111111111111110000
000000000000001111111111111111111111111111111111111111111000000000000000
000000000000001111111111111111111111111111111111111111111000000000000000
000000000000001111111111111111111111111111111111111111110000000000000000
000000000000001111111111111111111111111111111111111111111000000000000000
000000000000001111111111111111111111111111111111111111111000000000000000
000000000000001111111111111111111111111111111111111111110000000000000000
000000000000000000000011111111111111111000000000000011000000000
000000000000010000000111111111111111101000000000000001000000000
000000000000010000000111111111111111110000000000000010010000000
000000000000000011111111111111111111111111111111111111111110000100000000
000000000000000011111111111111111111111111111111111111111110000000001010
000000000000000011111111111111111111111111111111111111111100001000000010
001111100111111111111111111111011111110000
011111100111111111111111111011111111110000
011111101111111111111111111010011111100000
000000000000011111111111111111111111000000
000000001000111111111111111111111110000000
000000001000111111111111111111111111000000
00000011111111
00000011111111
00000111111111
000011111111111111111
000011111111111111111
000111111111111111111
000000011111111111111111111111111100000000000000000000
000000111111111111111111111111111100000000000000000000
000000111111111111111111111111111100000000000000000000
000000000000000000111111111111111111111111111000000000
000000000000000000111111111111111111111111111000000000
000000000000000000111111111111111111111111110000000000
1000000000000000001000000000000000000000000000111111111111111111111111111111111111111111111111111100000000000000000000000011000000110
1000000000000000011000000000000000000000000001111111111111111111111111111111111111111111111111111100000000000000000000000011000001110
0000000000000000011000000000000000000000000011111111111111111111111111111111111111111111111111111000000000000000010000000111000001110
0000000000000000000000000000111000000000000000000000000000000111111111111111111111111111111111111111111111111111100000000000000000000
0000000000000000000000000000111000000000000000000000000000000111111111111111111111111111111111111111111111111111100000000000000000000
0000000000000000000000000001111000000000000000000000000000000111111111111111111111111111111111111111111111111111100000000000000000000
0000000111111111111111111111111111100000000000000
0000000111111111111111111111111111000000000000000
0000000111111111111111111111111111000000000000000
0011111111111111111111111111111111100000000000000
0011111111111111111111111111111111100000000000000
0111111111111111111111111111111111100000000000000
0000000000000000000000000111111111111111111000000000001004444444444444
0000000000000000000000000111111111111111111000000000001004444444444444
0000000000000000000000001111111111111111111000000000000044444444444444
000000000000000000000000000011111111111111110000000004444444444
000000000000000000000000000111111111111111100000000004444444444
000000000000000000000000000111111111111111100000000004444444444
11111111111111100000
11111111111111100000
11111111111111100000
111111111111110
111111111111110
111111111111110
000000001111111111111111111111111100000000
000000011111111111111111111111111100000000
000000011111111111111111111111111100000000
111000000111111111111111111111111111111100
110000000111111111111111111111111111111100
110000000111111111111111111111111111111000
00000000000000111111111111111111110
00000000000000111111111111111111110
00000000000001111111111111111111110
00000000001111111111111111111111000
00000000011111111111111111111111000
00000000011111111111111111111110000
0000000000000011111111111111111111111100001000000
0000000000000011111111111111111111111000001000000
0010000000000011111111111111111111111000001000000
000000000111111111111144444444441000000000
000000000111111111111444444444411000000000
000000000111111111111444444444410000000000
00000001100000000000111111111111111111111111110000000000
00000001100000000001111111111111111111111111110000000000
00000001000000000001111111111111111111111111110000000000
000111111111111111111111111111100000000000
000111111111111111111111111111100000000000
000111111111111111111111111111100000000000
0000000000000001111111111111111111111111100000011
0000000000000001111111111111111111111111100000010
0000000000000001111111111111111111111111000000010
011100001111111111111111111100000000000000
011000001111111111111111111100000000000000
011000001111111111111111111100000000000000
111111111111111111111111111111111100
111111111111111111111111111111111100
111111111111111111111111111111111000
004000004444444444444444444444411114444444444440004000
004000004444444444444444444444111114444444444400040000
010000044444444444444444444444111114444444444400040000
00000000000011111111111111111111111111111111111111111111111111111111111111111111100000000000000
00000000000111111111111111111111111111111111111111111111111111111111111111111111100000000000000
00000000000111111111111111111111111111111111111111111111111111111111111111111111000000000000000
000011111111111111111111111111111111111111111111111111111111111111111111111111110000000000000000000000000000000001
000111111111111111111111111111111111111111111111111111111111111111111111111111110000000000000000000000000000000000
000111111111111111111111111111111111111111111111111111111111111111111111111111110000000000000000000000000000000000
000000000000000000010000000111111111111111111111111111111111111111111111111111111111111111111111111111111111111111
000000000000000000010000000111111111111111111111111111111111111111111111111111111111111111111111111111111111111111
000000000000000000100000000111111111111111111111111111111111111111111111111111111111111111111111111111111111111111
11111111111111111111111111111111111111111111111111111111111111111111111111111111111111111111111111111111111111111111111111111111111111111111111110000001
11111111111111111111111111111111111111111111111111111111111111111111111111111111111111111111111111111111111111111111111111111111111111111111111110000001
11111111111111111111111111111111111111111111111111111111111111111111111111111111111111111111111111111111111111111111111111111111111111111111111110000001
011111111111111111111111111000000000000000
111111111111111111111111111000000000000000
111111111111111111111111110000000000000000
0000000001111111111111111111111111111100000000000
0000000001111111111111111111111111111000000000000
0000000011111111111111111111111111111000000000000
000000000000000000000011111111111111111111111110
000000000000000000000111111111111111111111111110
000000000000000000000111111111111111111111111100
000000000000011111111111111111111111111111111111100000
000000000000111111111111111111111111111111111111100000
000000000000111111111111111111111111111111111111100000
0000000000000000000000000111111111111111111111111111111111111111111111111111111111111111111111111111111111111111100000000000000000000
0000000000000000000000000111111111111111111111111111111111111111111111111111111111111111111111111111111111111111000000000000000000000
0000000000000000000000000111111111111111111111111111111111111111111111111111111111111111111111111111111111111111000000000000000000000
0000000000000010000000000000000111111111111111111111111111111111111111111111111111111111111111111111111111111111111111111111111111111
0000000000000110000000000000000111111111111111111111111111111111111111111111111111111111111111111111111111111111111111111111111111111
0000000000000100000000000000000111111111111111111111111111111111111111111111111111111111111111111111111111111111111111111111111111111
0000100000110000000011111111111111111111111111111
0010100000100000000011111111111111111111111111111
0010100000100000000011111111111111111111111111110
0000100000110000000011111111111111111111111111111
0010100000100000000011111111111111111111111111111
0010100000100000000011111111111111111111111111110
0000000001111111111111111111111111111111111111111
0000000001111111111111111111111111111111111111111
0000000001111111111111111111111111111111111111111
11111111111111111111111111111111111
11111111111111111111111111111111111
11111111111111111111111111111111111
0000010000000000001111111111111111111111111111111
0000010000000000001111111111111111111111111111111
0000110000000000011111111111111111111111111111111
0001000000001100111111111111111111111111111111111
0001000000001000111111111111111111111111111111111
0001000000001001111111111111111111111111111111111
0000000000000001111111111111111000000001110001111
0000000000000001111111111111111100000001100000111
0000000000000001111111111111111000000001100001111
0001000100011111111110000000000000000010000000000
0000000100111111111110000000000000000110000000000
0000000000111111111100000000000000000000000000000
00111111111111111111111111111111111
01111111111111111111111111111111111
01111111111111111111111111111111110
00000000000000000011111111111111111111111111111111111111111111111111111114444444444411111111111
00000000000000000011111111111111111111111111111111111101111111111111111144444444444411111111111
00000000000000000011111111111111111111111111111111111111111111111111111144444444444411111111111
0000000000001111111111111111111111111111110000000
0000000000001111111111111111111111111111100000000
0000000000011111111111111111111111111111100000000
11111111111111111111111111111000000
11111111111111111111111111110000000
11111111111111111111111111110000000
1000011000001111111111111111111111111100000000000
1000111000001111111111111111111111111110000000000
0000111000001111111111111111111111111110000000000
000000000000001111111111111111111111111111
000000000000001111111111111111111111111111
000000000000001111111111111111111111111111
00000000000000000000111111111111111111111111111110000000
00000000000000000000111111111111111111111111111110000000
00000000000000000001111111111111111111111111111110000000
0000000000000000000111110000000000000000111111111111111111111111111111111111111111111111111111100000000000000000000000011111000000000
0000000000000000000111110000000000000001111111111111111111111111111111111111111111111111111111100000000000000000000000011111000000000
0000000000000000000111100000000000000001111111111111111111111111111111111111111111111111111111100000000000000000000000111111000000000
00000111111111111111111111111111
00000111111111111111111111111111
00001111111111111111111111111111
011000000111111111111111111111111111
011000001111111111111111111111111111
010000001111111111111111111111111111
0000000000011111111111111111111111111111111111111111111111111011111111111111111111111111111111111111111111111111111111111111111011101
0000000000011111111111111111111111111111111111111111111111111111111111111111111111111111111111111111111111101111111111111111111111111
0000000000011111111111111111111111111111111111111111111111111111111111111111111111111111111111111111111111111111111111111111110111111
0000000000000000111111111111111111111111111111111111111111111111111111111111444444144111111110101111111111111111111111111111111101000
0000000001000000111111111111111111111111111111111111111111111110111111111111444111114111111111101111111111111111111111111111111100000
0000000010000000111111111111111111111111111111111111111111111111111111111111444141414111111101111111111111111111111111111111111100000
111111111111111111111111111111111111111111111111111111111111111000000000000000000000000000
111111111111111111111111111111111111111111111111111111111111101000000000000000000000000000
111111111111111111111111111111111111111111111111111111111111100000000000000000000000000100
000000000000000000000000000004144444414411111111111111111111111111111111111111111111111111111111400000000000
000000000000000000000000000044414441114411111111111111111111111111111111111111111111111111111111100000100000
000000000000000000000000000044144444141111111111111111111111111111111111111111111111111111111111000000100000
000000000000000000000000001111111111111111111111111111111111111000000000000001000000000000000000010
100000000000000000000000001111111111111111111111111111111111111000000000000001000000000000000000000
000000000000000000000000011111111111111111111111111111111111111000000000000001000000000000000000100
001111111111111111111111111111111111111111111111111111111111111100010000100110000
001111111111111111111111111111111111111111111111111111111111111100100000110110000
011111111111111111111111111111111111111111111111111111111111111100100000100110000
010000000000000001111111111111111111111111111111111111111111111111111111111111010
010000000000000001111111111111111111111111111111111111111111111111111111111111010
110000000000000011111111111111111111111111111111111111111111111111111111111110000
000011111111111111111111111111111111111111111111111111111110000000000100000000000000000110000110000
000111111111111111111111111111111111111111111111211111111100000000000110000000000000000100000111000
000111111111111111111111111111111111111111111111111111111110000000000100002000000000000100000110000
111111111111111111111111111111111111111111111111111111111111111111111111
111111111111111111111111111111111111111111111111111111111111111111111111
111111111111111111111111111111111111111111111111111111111111111111111111
111111111111111111111111111111111111111111110000011000000000111111111000000000000001000000
111111111111111111111111111111111111111111110000011000000001111111111000000000000001000000
111111111111111111111111111111111111111111110000110000000001111111110000000000000011000000
111111111111111111111111111111111111111111111111111000100000001000000100000000000000010000000010000
111111111111111111111111111111111111111111111111111000100000001000000000000000000000110000000110000
111111111111111111111111111111111111111111111111110000000000011000001000000000000000100000000100000
