00000000000000000111111110000000000
00000000000000001111111110000000000
00000001000000001111111100000000000
0000000000000000011111111000000000000000
0000000000000000011111111000000000000000
0000000000000000111111111000000000000000
000000000000001111111111111100000000000000
000000000000001111111111111100000000000001
000001000000001111111111111000000000000001
00000000000000111111111000000000000
00000000000000111111111000000000000
00000000000001111111111000000000000
000000000000001111111111111000000000000000000000000000
000000000000011111111111111000000000000000000000000000
000000000000011111111111110000000000000000000100000000
000000000000001111111111111000000000000000000000000000
000000000000011111111111111000000000000000000000000000
000000000000011111111111110000000000000000000100000000
011111111111111100000
111111111111111100000
111111111111111000000
000000000111111111111
000000000111111111111
000000000111111111111
00111111111111
00111111111110
01111111111110
00001111111111
00001111111111
00011111111110
000000000001111111111111111111000000000000000000000000000000000
000000000011111111111111111111000000000000000000000000000000000
000000000011111111111111111111000000000000000000000000000000000
000000111111111111000000000000000000000000000
000001111111111111000000000000000000000000000
000001111111111111000000000000000000000000001
00111111111111111111111111111111111111111111111111111000000000000000000000000000001100000000000
00111111111111111111111111111111111111111111111111111000000000000000000000000000001100000000000
01111111111111111111111111111111111111111111111111111000000000000000000000000000011000000000000
000100000000000001111111111111111111111111111111100000000000000000100000000000000001100000000001000000000000000000
001100000000000001111111111111111111111111111111000000000000000001100000000000000001000000000001000000000000000000
001000000000000001111111111111111111111111111111000000000000000001000000000000000001000000000001000000000000000000
0000111111111111111110000000000000000000000000000
0001111111111111111110000000000000000000000000000
0001111111111111111110000000000000000000000000000
0111111111111111000000000000000000000000000000000
1111111111111111000000000000000000000000000000000
1111111111111110000000000000000000000000000000000
000000000000000010000000000011111110000000000000000000444444444
000000000000000000000000000011111110000000000000000000444444444
000000000000000000000000000011111110000000000000000000444444444
0000000000000000000000010000222222222222222222222220000000000004444444
0000000000000000000000010000222222222222222222222220000000000044444444
0001000000000000000000010000222222222222222222222200000000000044444444
111100000100000
111100000000000
111100000000000
000000111000000
000001111000000
000001111000000
00000000111111111111100000000100100
00000000111111111111000000000101001
00000001111111111111000000001001001
00000000001111111110000000000101000
00000100001111111110000000001101000
00000000011111111110000000001010000
00001444444444000000000000000000000
00004444444444000000000000000000000
00014444444444000000000000000000000
00000000000000000011100000000000000
10000000000000000011100000000000000
10000000000000000011100000000000000
000000000000014444444444440000000000000000000000000000
000000000000114444444444440000000000000000000000000000
000000000000114444444444400000000000000000000000000001
00000001111111111111000000000000000
00000001111111111111000000010000000
00000001111111111111000000010000000
1000000011111111111110000001000000000000000000000
1000000111111111111110000001000000000000000000000
0000000111111111111110000011000000000000000000000
1000000000001111111110000000
1000000000011111111110000000
0000000000011111111110000000
0000000010000000000000000000001100111111111111000
0000000010000000000000000000001101111111111110000
0000000100000000000000000000011001111111111110000
00000100000000111111111110000100000
00000100000000111111111110000100000
00001100000000111111111100000100000
000000000000000000000001111000000000
000000000000000000000001111000000000
000000000000000000000001111000000000
000000000000000000001111111111111111100000000
000000001000000000001111111111111111100000000
000000001000000000011111111111111111100000000
000000000001111111111111111111000011
000000000011111111111111111111000111
000000000011111111111111111110000111
100100000000000000000011111111111111111111111
101100000000000000000011111111111111111111111
001100000000000000000111111111111111111111111
000000111111111111110000000000000000000000000100000001
000001111111111111110000000001000000000000000100000011
000001111111111111100000000001000000000000000000000011
001000000000000000111111111000000000000000000
001000000000000000111111111000000000000000000
001000000000000000111111111000000000000000000
00111100000001111111111000000000100000000000000000000000
00111100000011111111110000000000100000000000000000000000
01111000000011111111110000000001000000000000000000000000
0000000111111110000000000000100000000000000000000
0000001111111100000000000000100000000000000000000
0000001111111100000000000000000000000000000000000
000000000000000000000001111111000000000000
000000000000000000000011111111000000000000
000000000000000000000011111111000000000000
000000000000000000000000000000111111000000000000
000000010000000000000000000000111111000000000000
000000010000000000000000000001111111000000000000
0000000000000000001110000000000000000000000000000000000000000001110000000000000011111111111111111111111111111111111000000000000000000
0000000000000000001100000000000000000000000000000000000000000001110000000000000111111111111111111111111111111111111000000000000000000
0000000000000000011100000000000000000000000000000000000000000001110000000000000111111111111111111111111111111111110000000000000000000
0000000000000000000000000000000000000000000000000000000000000000000111111111111111111111111111111111000000000000000000000000000000000
0000000000000000000000000000000000000000000000000000000000000000001111111111111111111111111111111111000000000000000000000000000000000
0000000000000000000000000000000000000000000000000000000000000000001111111111111111111111111111111110000000000000000000000000000000000
000000000001000011111111111111111100110000
000000000001000111111111111111111100000000
000000000000000111111111111111111000000000
00000000000001111111111111110000000
00000000000001111111111111110000000
00000000000011111111111111110010000
1100000011111111111111000010000010001110000110000
1110000111111111111111000000000000001110000110000
1100000111111111111110000100000000001001001100000
0000000000000001111111111000000000100000000000110
0000000000000001111111111000000000100000000000100
0000000000000011111111111000000001100000000001100
000000000111111111111000000000001000000000
000000000111111111111000000000000000000000
000000001111111111111000000000010000000000
000000000000000000000100000000001110011111111100000000
000000000000000000000100000000001110011111111100000000
000000000000000000000000000000001110011111111100000000
000000000000000000000000011111000000001111000000000000
000000000000000000000000011110000000011111000000000000
000000000000000000000000111110000000011111000000000000
000001111111111111111111111111111111111111111111111111
000001111111111111111111111111111111111111111111111111
000001111111111111111111111111111111111111111111111111
000000001111111111111110000000000000
000000001111111111111110000000000000
000000011111111111111100000000000000
111111000011000000000000000111111111111100000000
111111000011000000000000001111111111111100000000
111111000110000000000000001111111111111100000000
010000001100111111000000001000003444110000
110000001100111111000000010000033443000000
110000011100111111000000010000434444100000
0000000000000000000000000000000000000000000000000000000000111111111111111111111111000000000000000000000001000000000000000000000000000
0000000000000000000000000000000000000000000000000000000000111111111111111111111110000000000000000000000011000000000000000000000000000
0000000000000000000000000000000000000000000000000000000001111111111111111111111110000000000000000000000010000000000000000000000000000
0000000000000000000000000000000000000000000000111111111111111100000000000000000000000000000000000000000000000000000000100000000000000
0000000000000000000000000000000000000000000001111111111111111100000000000000000000000000000000000000000000000000000000100000000000000
0000000000000000000000000000000000000000000001111111111111111000000000000000000000000000000000000000000000000000000000000000000000000
0000000000000000000000000000000000001111111111111111111111111111111000000000000000001101000000000000000000000000000000011110000000000
0000000000000000000000000000000000001111111111111111111111111111110000000000000000011100000000000000000000000000000000011110000000000
0000000000000000000000000000000000011111111111111111111111111111110000000000000000011110000000000000000000000000000000111110000000000
0000000000000000000000111111111111111111111111111111110000000000000000000000000000000000000000000011100000000000000000011100000000000
0000000000000000000000111111111111111111111111111111100000000000000000000000000000000000000000000011100000000000000000010100000000000
0000000000000000000001111111111111111111111111111111100000000000000000000000000000000000000000000111100000000000000000110000000000000
111111111111111111110000000
111111111111111111100000000
111111111111111111100000000
000000001111111111111100000
000000011111111111111100000
000000011111111111111100000
0000000000001000000000011111111111111111111111100
0000000000001000000000011111111111111111111111000
0000000000010000000000011111111111111111111111000
0000000000000000000000000000111111111111110000010
0000000000000000000000000000111111111111100000010
0000000000000000000000000000111111111111100000100
0000001000100000011111111000000000000000
0000011000100000111111111000000000000000
0000011000100000111111111000000000000000
00000000000000111111100000000000010
00000000000000111111000000000000010
00000000000000111111000000000000010
1000000000000001111111111111110000010000000000000
0000000000000011111111111111100000010000000000000
0000000000000011111111111111100000000000000000000
0000000001111111111111111111111111110000000000000
0000000001111111111111111111111111110000000000000
0000000001111111111111111111111111100000000000000
000000000000000000000000011000000000000000001111111111111100000000000000000000000
000000000000000000000000011000000000000000001111111111111100000000000000000000000
000000000000000000000000010000000000000000001111111111111000000000000000000000000
000000000000000000000011111111111111111000000000000011000000000
000000000000010000000111111111111111101000000000000001000000000
000000000000010000000111111111111111110000000000000010010000000
000000000000000000000000011000000000000000001111111111111100000000000000000000000
000000000000000000000000011000000000000000001111111111111100000000000000000000000
000000000000000000000000010000000000000000001111111111111000000000000000000000000
00000000000111011111111000000000000
00000000000111111111111100000000000
00000000000111111111111000000000000
00000001111111111111100000111110111
00000001111111111111100001111111111
00000001111111111111100011111111111
000001111111111111111
000001111111111111111
000011111111111111111
00111111110001
00111111110001
01111111110010
000000000000000000111111111111111110000000001000000000000000000
100000000000000000011111111111111100000000001000000000000000000
100000000000000000111111111111111100000000001000000000000000000
000000000000011111111111111000000000000000000
000000000000111111111111111000000000000000000
000000000000111111111111111000000000000000000
000000000000011111111110000001000000000100000000000000111111111000000000000000000000001000000000000000000000
000000000000111111111110000001000000000000000000000001111111111000000000000000100000010000000000000000000000
000000000000111111111110000001000000001000000000000001111111111000010000000000100000010000000000000000000000
0000000100000000000000000000000000000001110000000000000000000000000000000000000000111111111111111111111111111100000000000000000000000
0000000100000000000000000000000000000001100000000000000000000000000000000000000001111111111111111111111111111100000000000000000000000
0000001100000000000000000000000000000011100000000000000000000000000000000000000011111111111111111111111111111000000000000000000000000
000001100000000000000000000000000000000000000001111111111111111111111111000000000000000000000000000000000000000000
000001100000000000000000000000000000000000000001111111111111111111111111000000000000000000000000000000000000000000
000001100000000000000000000000000000000000000001111111111111111111111110000000000000000000000000000000000000000000
11111111111100000000000000000000000000000000000000000000
11111111111000000000000000000000000000000000000000000000
11111111111000000000000000000000000000000000000000000000
0011111111111111111000000000000000000000000000100
0111111111111111110000000000000000000000000000100
0011111111111111110000000000000000000000000000000
000000010000000000010001111111111110000000000000100000044444444
000000000000000000010001111111111100000000000000000000044444444
000000000000000000000011111111111100000000000001000000044444444
000000000000000000000000000111111110000000000000000000444444444
000010000000000000000000001111111110000000000000000000444444444
000010000000000000000000001111111110000000000000000000444444444
1111110000
1111100000
1111100000
00000000000010001111
00000000000110001111
00000000000100001111
000000001111111111111000000000011010000010
000000001111111111111000000000010010000010
000000011111111111111000000000010010000100
000001111111111110000000000000000100001000
000001111111111110000000000001000100010000
000011111111111110000000000001000100010000
00000000000000000000011111000000000
00000000000000000000011110000000000
00000000000000000000011110000000000
00000000000000000011111111110000000
00000000000000000111111111100000010
00000000000000000111111111100000010
0000000000001111111111111100000000000000000000000
0000000000011111111111111000000000000000000000000
0000000000011111111111111000000001000000000000000
000000011111444444444444000444444400000000
000000011114444444444440000444444000000000
000000011114444444444400004444444000000000
0000000000000011111111111111100000000000001000001
0000000000000011111111111111100000000000000000001
0000000000000011111111111111000000000000000000001
00000111111111111111100000000000110
00000111111111111111100000000001110
00000111111111111111000000000001110
000000000000011111111000000000000000000000
000000000000111111111000000000000000000000
000000000000111111110000000000000010000000
000000000111111111111000000000000001000000
000000000111111111111000000000000001000000
000000001111111111111000000000000001000000
000000000000000000000111111111111111
000000000000000000001111111111111111
000000000000000000001111111111111111
000000000000000000411144444444444444000000000
000000000000000000111144444444444440000000000
000000000000000001111144444444444440000000000
0000000000000000000000000000000000000000000000000011111111111111111111111111
0000000000000000000000000000000000000000000000000111111111111111111111111111
0000000000000000000000000000000000000000000000000111111111111111111111111111
00000000000000000000000000000000000000000000000000000000011111111111111111111111111111100000000
00000000000000000000000000000000000000000000000000000000111111111111111111111111111111100000000
00000000000000000000000000000000000000000000000000000000111111111111111111111111111111000000000
000111000001010000011111111111111111111111111111111111111
010011000101000000000011111111111111111111111111111111111
110011000011100000010111111111111111111111111111111111111
100000000000000000011111111111111111111111111110000000000000000000111100000000000000000000000001111000000000000000
100000000000000000011111111111111111111111111110000000000000000000111100000000000000000000000001110000000000000000
000000000000000000011111111111111111111111111100000000000000000001101000000000000000000000000011110000000000000000
000000000011111111111000000000000000000000
000000000111111111111000000000000000000000
000000000111111111110000000000000000000000
0000000000000111110000000000000000000000000000000
0000000000000111100000000000000000000000000000000
0000000000001111000000000000000000000000000000000
000000000000000011111111000000000000000000
000000000000000011111111000000000000000000
000000000000000111111111000000000000000000
000000000111111111110000000000000000000000
000000000111111111110000000000000000000000
000000001111111111110000000000000000000000
0000000000000000000000000000000000000000000000000000000000000000000000000000000000000000000000000000000011111111111111111111111100000
0000000000000000000000000000000000000000000000000000000000000000000000000000000000000000000000000000000111111111111111111111111100000
0000000000000000000000000000000000000000000000000000000000000000000000000000000000000000000000000000000111111111111111111111111100000
000000000000000000000000000000000000000000000000000011111111111111111111111110000000000000000000000000000000000000
000000000000000000000000000000000000000000000000000011111111111111111111111110000000000000000000000000000000000000
000000000000000000000000000000000000000000000000000011111111111111111111111100000000000000000000000000000000000000
0000000000001111111110000000000000000100000011000
0000000000011111111110000000000010001100000111100
0000000000011111111110000000000010001100000110100
000110000000000000001111111111110000000000
000110000000000000001111111111110000000000
001100000000000000011111111111100000000000
11100000000011111111111111111100000
11100000000011111111111111111100000
11100000000111111111111111111000000
00000000001111111111110000000000010000000000010100000100
00000000001111111111110000000000010000000000110100001101
00000000001111111111100000000000010000000000100100001101
000000000000000000000000000000000000000000000000000000000001111111111111111111000000000000000000000000000000000000
000000000000000000000000000000000000000000000000000000000011111111111111111110000000000000000000000000000000000000
000000000000000000000000000000000000000000000000000000000111111111111111111110000000000000000000000000000000000000
00011000000000000000001100000000000000000000000000000111111111111111111111111111111111110000000
00011000000000000000001110000000000000000000000000000111111111111111111111111111111111110000000
00110000000000000000011010000000000000000000000000001111111111111111111111111111111111110000000
00000001000000011111111111110000000
00000001000000011111111111110000000
00000001000000011111111111100000000
0000000000000000111111111111000000000001100000000
0001000000000001111111111111000000000011000000000
0001100000000011111111111110000000000010000000000
00000000000000111111111000000000000000000000000000100000
00000000000000111111111000000000000000000000000001000000
00000000000000111111111000000000000000000000000000000000
110000000000000000111111000000000000000000
110000000000000000111111000000000000000000
110000000000000000111111000000000000000000
0000000000000000000000000000000000000000000000000000000001111111111111111111111111111111110000000000000000000000000000001110000000000
0000000000000000000000000000000000000000000000000000000001111111111111111111111111111111110000000000000000000000000000011110000000000
0000000000000000000000000000000000000000000000000000000001111111111111111111111111111111110000000000000000000000000000011110000000000
000000001111111111111100000
000000001111111111110000000
000000011111111111110000000
000000000011111111111111000
000000000011111111111110000
000000000111111111111110000
0000000000000001110000000111111111101111111111111111111111111111111111100000
0000000000000001110000000111111111110110111111111111111111111111111111101000
0000000000000011110000000111111111110111111111111111111111111111111111100000
0000000000000000000101111111111111111111111111111111111111111111110100000000
0000000000000000000110111111111111111111111111111111111111111101110100000000
0000000000000000000011111111111111111111111111111111111111111100100000000000
110011111111111101111111111111111111111111111111111011111111111111111011111111111110111000
010111111111111001111111111111111111111111111111111011011111111111111111111111111110110000
101111111111111111111111111111111111111111111111110111111111111111111111111111111110110000
100011111111111111000000000000000000000011111111111111000000000000000000000001111111000000
000111111111111111000000000000000000000111111111111111000000000000000000000011111110000000
000111111111111111000000000000000000000111111111111111000000000000000000000011111110000000
000000111101000000001111111111000000000000100000000001000011111111111111000000000000000001
000000111010000000001111111110001000000000000000000001000011111111111110000000000000000001
000001110111000000001111111110001000000000000000000001000011111111111110000000000000000011
000011111111111100000000000000000000001111111111111100000000000000000011111111100000000000
000111111111111100000000000000000000001111111111111100000000000000000011111111100000000000
000111111111111000000000000000000000011111111111111100000000000000000111111111000000000001
111111111111110000000000000000011111111111111110000000000000000111111111111000000000000100000111202
111111111111100000000000000000111111111111111110000000000000000111111111100000000000001100000110200
111111111111000000000000000000111111111111111100000000000000000111111111100000000000001100001100200
111111000000010000000000000000000111111111111110000000000000010000000110000000000000010000
111111000000110000000000000000000111111111111110000001000000110000001100000000000000110000
111111000000100000000000000000001111111111111100000001000000100000001100000000000000110000
000000000111111100000000000000000000011111111111110000001000000000000000000001000000000000000111010
000000000111111100000100000000000000111111111111100000001000000000000000000000000000000000000111111
000000000111111100000100000000000000111111111111100000010000000000010000000010000000000000000111111
