2222022200020000202022022200000202202220000220020222222200022220000002022000202210002200200444444442000000000220102020000220002020000200202020020002000202202220200000000000000000000000000000000000000000000000000000000000000000000000000000000000000000000000000000000000000000000000000000000000000000000000000000000000000000000000000000000000000000000000000000000000000000000000000000000000000000000000000000000000000000000000000000000000000
2200202002202020000000022020000002002202202002002202000022022000002022000000020021022202220221022444044444444444444444444444444444444444444444444444444444444444444404444444444422020222100001000002100002200020000200000000200202220020000020002002202200200002000022020202000000000000000000000000000000000000000000000000000000000000000000000000000000000000000000000000000000000000000000000000000000000000000000000000000000000000000000000000000
0000000000000220202222022220022222222222222222222220202222222220200000000000000000000000000000000000000000000000000000000000002202022222222222222022022222222222222222222222222200222222010000000000000000000000000000000000000020002000020000200000000000000000000000000000002220222022222022022222222222222202222222222202222222200002220202000000000200000000000020000000000000000000000000000000000000000000000000000000000000000000000000000000000
0102122002222222222222222222222222022222222202000200022222222012220221022022221022222022222121112122120212222224244004044042002220220222222122222210121112022222222222222221001210201022002222210211222222222202202222222222222222222222212222220202022020000000000000000000200000000000200000002000000000000200000000000000000000000000000000000000000000000000000000000000000000000000000000000000000000000000000000000000000000000000000000000000000
0022222122222022220220222222222222222222022222010202000011000000000102201100100010000100100010100000000020100022000200200101110101220010221212011200020012010202222000001101001000101210010010000000000000010002002000101002020000000020002011020200010001212011020000012200200020022212220022000022220020000000220101001000200000000000000000000000000000000000000000000000000000000000000000000000000000000000000000000000000000000000000000000000000
0000000100100000022222202222444444444444444444444444444444444444444444004404444444444444444444444440040040044402220222022224444444444422224444444444444444440222222224444422222222220020222220220220002000000000002012000000000000000002000200000000000000000000000000002000000020200000000012000020020000000020200000000000000000000000000000000000000000000000000000000000000000000000000000000000000000000000000000000000000000000000000000000000000
0020000000000000000000000000000000000000000000000000000000000000000000000000000000000000000020002200202222222222222222222222222222220000200000000000000000000000000000000020000002000000000000000200020000020222220222222222222222222222222222222222222222222222022000000000000000000200000000000000200010002200020000000000000000200000000000000000002000000000000000000000000000000000000000000000000000000000000000000000000000000000000000000000000
0000000000000000020222222222222222222022222222222222222222222222222222222222222222222222222222222222222222222222240020000022000020022222220222222202202222222222222222222222222222222222222222222222222220222222000000000000000000000000000000000000000000000020000000000000000000000000000000000000000000000000000000000000000000000000000000000000000000000000000000000000000000000000000000000000000000000000000000000000000000000000000000000000000
1110100010001101012100010000001010101211002022122100022002222112121221020022220022424442210222220222022101222200222002000200000022022200002022222110022220220002022200202222222002001012021020000220000000400000000000102000200000000222222202000200020002010000000010010101000000001110110000100020000200000100002010100001001010021011000000100000000000000000000000000000000000000000000000000000000000000000000000000000000000000000000000000000000
0000000000000002022222202022222202220222220222222222222222222222222222022222222220002000002002002000000000002000020200000000000222222222222022020200022002000022020022000222222020022002202200020200002020022000002200220022200222222200020222020020220220202200222220020200222000202202222222020020020022200022000000020200022002202200000000000000000000000000000000000000000000000000000000000000000000000000000000000000000000000000000000000000000
