0111011100101100110111010010110000000000000000000000333333333333333333333333333333333333331111111020111001000000000000000010001011011100110010001000200000000000000000000000000101101120001000000000333333333333333333333333333333331111100001000010000100010000010111010000011111000000000000000000000000000000000000000000100000000000000000000000011110000000000000200000000020000000000000000000000000000000000000000000000000000000000000000000000
0001000100010010000111101010000111011101010000010000000103303333333333333333333333333333333333333333333333333333333333333333333333333333333333333333333333333333333333333333333333333333333333333333333333320001111011000100001010011111101110111100011101010112001010110010011011100121001000121100110110000000011001000000000110000100000000000000000000000000000000000000000000000000000000000000000000000000000000000000000000000000000000000000000
0010112220010101110110100000000000000000001110111001111111110000000000000011101001111111100000000000002000000202030333333333333333333333333333333333333333333333333333333333333333333333333333333333333333333333333333333333333333333333333333333333333333330000000000200000000000000000000000000000000000000000000000000000000000000000000000000000000000000000000000000000000000000000000000000000000000000000000000000000000000000000000000000000000
0000000100011010001040004444444444444444444440000000000000010000100000000000020100203333333333333333333333333333333333333333333333333333333333333333333333333333333333333333333333333333333333333333333333333333333333333333333333333333333333333333333333333333333333333333333333333333333333333333333333000000000010100111010001001100100110000000000000000000000000000000000000000000000000000000000000000000000000000000000000000000000000000000000
0000000001000000000010210000101011100000010111111101111011001000001011010000011010111111133133333333333333333333333333333333333333333333333333333333333333333333333333333333333333333333333333333333333333333330000000000000100001200100011201101000001000100100001000110001110010110010100100000000001000000000110001010100111011101010001011000100101010000000000210000000000000000000000000000000000000000000000000000000000000000000000000000000000
2222222020000002020002220202200000002120222001000000200022201000001012111103333333333333333333333333333333333333300000000000000000000002022222020022222120210002000000001000012001011112212200000000001222100022100222222200003333333333333333333333333333333333333333333333333333333301100000000000000000000000000000000202220020020200200000000000000000000000000000000000000000000000000000000000000000000000000000000000000000000000000000000000000
0000000001010100001100110001001110010011001111000111010000000100000000111133333333333333333333333333333333333333333333333333333333333333333333333333333333333333333333333333333333333333333333333333333333333333333333333333333333333333333333333333333333333333333333333333333333333333333333333333333333333333333333333300001000000201000000000000000000000000000000000000000000000000000000000000000000000000000000000000000000000000000000000000000
0000200000000000000000002000000000200000000000033333333333333333333333333333333333333333333333333333333333333333333333333333333333333333333333333333333333333333333333333333333333333333333333333333333333333333333333333333333333333333333330002000000000020000000000102000000000000000000200000000000000000000200000000200000000002200202002200000000020000000200000020000000000000000000000000000000000000000000000000000000000000000000000000000000
0000000000000000000003333333333333333333333333333333333333333333333333010200200000200000020002000000000200000000000002000000000000000000000000000000000000200000000002202000002000000000002002003333333333333333333333333333333333000000000000020002000000000000000000000000000000000000000000000000000002000000000000000000000000000000000000000002000000000000020000000000000000000000000000000000000000000000000000000000000000000000000000000000000
0000414041144004004044444104444040101100000100001100010003333333333333333333333333333333333333333333333333333333333333333333333333333333333333333333333333333333333333333333333333333333333333333333333333333333333333333333333333333333333333333333333333333333333333333333333333333333333333333333333333333333333333333333300020100000000000000000000000000000000000000000000000000000000000000000000000000000000000000000000000000000000000000000000
0101000000110001001000100100202000000022202220222222202002100002000000020000044444333333333333333333333333333333333333333333333333333333333333333333333333333333333333333333333333333333333333333333333333333333333333333333333333333333333333333333333333333444444444444444444444444444444444444444404444400001000112000010010210002000010000001001001000000000000000000000000000000000000000000000000000000000000000000000000000000000000000000000000
0000110000110111001110100001100011333333333333333333333333333333333333333000001000011011000000110000000011110000010000000000110001001111001000000000000000000000000000000000000000000000000011110033333333333333333333333333333333333333333333333000010000000000000010000100000000100000000000200200001111100000110000100000010000000010101010100000100100000000000000000000011000000100000330010010100000000000000000000000000000000000000000000000000
0222220222200022002000022200023333333333333333333333333333333333333000000000000000200000000200000000000200022000000000200002000220000000020000000022000000002000002000000222002022202202220223033333333333333333333333020002202200020000020220202202202000200220202200000002000000000000000000000000000000000000000000000000000000000000000000000000000000000000000000000000000000000000000000000000000000000000000000000000000000000000000000000000000
0000000000000000200222000000000000033333333333333333000000000000000000000000000001000001000000000000000000010111000000000000000100000000000000000000000000003333333333333333333333333333333333333333333300000000000000000000001111100010202001100011111100100001010111001111011111011110111111100000000000000000000000000000000000000000000000000000000000000000000000000000000000000000000000000000000000000000000000000000000000000000000000000000000
0000000000333333333333333333333333333333333333333333333333333333333340000000000000002002002020200000020200000000200220002000022000000000020200020000002202000004402133333333333333333333333333333333404001004044444400010010000000000020002202000200000000222002222020000022200200022220202000002000000000200000020002020000200020000000000000000000000000000000000000000000000000000000000000000000000000000000000000000000000000000000000000000000000
0000000001010100001100000000110000000100001000001000000000000000033333333333333333333333333333333333333333333333333333333333333333333333333333333333333333333333333333333333333333333333333333333333333333333333333333333333333333000001001010111111010010111000000011100010010010001000100100000100012030000000000000000000000000000000000000000000000000000000000000000000000000000000000000000000000000000000000000000000000000000000000000000000000
0000000000000000000000000000000000000333333333333333333333333333333333333334334441440114011010011100000000444044000000000400400410011001000000100000000000000000000000000033333333333333333333333333333333333333333333333333333333333333333333330100000000000000100000000000000110111010011001010000000000000000001000000001100000000011000001001000001000000000000000000000000000000000000000000000000000000000000000000000000000000000000000000000000
0400433333333333333333333333333333333333333333333333333333333333333333333333333333333333333333333333333333333333333333333333333333333333333333333333333333333333333333333333333333333333333333333333333333333333333333333333333333333333333333333333333333333333333333333333333333333333300002000000000000000200000020000000000202000202022000000002022000000000000000000000000000000000000000000000000000000000000000000000000000000000000000000000000
0010010000001100100000000101203333333333333333333333333333333333333333333300000001010000000000000000000000000000000000000000000001001010001010000000001010010011000014104104010140411014000001110001000000000000010000000010001000010313333333333333333333333333300100001001010000000000000000000001100000000000000010010010000000000010000000000000000000000010000001000110000000000000000000000000000000000000000000000000000000000000000000000000000
3333333333333333333333333333333333333333333333333333333333333333333333333333333333333333333333333333333333333333333333333333333333333333333333333333333333333333333333333333333333333333333333333333333333333333333333333333333333333301111011002010100000101001000100000000000000000000000000000000000000000000000000000000000000000000000000000000000000000000000000000000000000000000000000000000000000000000000000000000000000000000000000000000000
0000000000000100110111000000100000000000000000000000000033333333333333333333333333333333333333333333330000000000000000000000000000000000000000000010100000010100000000000000000000000000000010000000000001001101000000000000000000100000000000010001001000000010100110000000103333333333333333333333333333333000000000000000000000000000000000000000000000000000000000000000000000000000000000000000000000000000000000000000000000000000000000000000000
0000011111111111111110100010100000000000000000000000000000000020000000011003333333333333333333333333333333333331111010000000000000000100000000000000200000000000001000100000000000000000000000000000100001211000000000002020000000000000000000000000000002000000000003300333333333333333333333333333333330000000001111010110001000000000000000000000000000000000000000000000000000000000000000000000000000000000000000000000000000000000000000000000000
0100100000101010000000000000000000000000000001002020012000000000000010000000000200333333333333333333333333333333333333333333333333333333333333333333333333333333333333333333333333333333333333333333333333333333333333333333333333333333333333330200110100110100111111100001010000100010111111110010101001111111111111111110011101011011111100111011010000000000000000000000000000000000000000000000000000000000000000000000000000000000000000000000000
0000000000000000000000000000000000033333303333333333333333333333333333333333000110100020000000000000000000000000000000000001110000000000000000000000000000110010000000000000000000000000000000000000000000000000000000000000020000000000000000001333333333333333333333333333000000001111110000000000000000000000000000000101010110000000000000000000000000000000000000000000000000000000000000000000000000000000000000000000000000000000000000000000000
0000220000000000002000000000003333333333333333333333333333333333333333333333333333333333333333333333333333333333333333333333333333333333333333333333333333333333333333333333333333333333333333333333333333333333333333333333333333333333000000001000001000110010000000000200000000000000020000020020000020000000000000002000000000000000000000000000000000000000000000000000000000000000000000000000000000000000000000000000000000000000000000000000000
2002220102200222000002022000110004044044444444440444440333333333333333333333333333333333333333333333333333333333333333333333333333333333333333333333333333333333333333333333333333333333333333333333333333333333333333333333333333333333333333333333333333333333333333333333333300011100001000000100200200002022020200002002020220000000100001011011110210100102101000000000000000000000000000000000000000000000000000000000000000000000000000000000000
0220002000222020220100000100001000100000000000033333333333333333333333333333333333333333333333333333333333333333333333333333333333333333333333333333333333333333333333333333333333333333300000000002022020022222200222222002022000200000002020000222000200000022200002000000000002002202202200000000020000200000000020000200000000000000000000000000000000000000000000000000000000000000000000000000000000000000000000000000000000000000000000000000000
0000000000000000000002000022002000000000000000000000200200300033333333333333333333333333333333333333333333333333333333333333333333333333333333333333333333333333333333333333333333333333333333333333333333333333333333333333333333333333333333333333333333333333333333333333333333333333333333333333333333333333333301110111100101210000000000000000000000000000000000000000000000000000000000000000000000000000000000000000000000000000000000000000000
