0000000000000000000000000000000000000000000000000000004400444444444444444444444444444444444444444444444444444444444404000040004404404004044444444444444444444444444444444444444444444444444444444444444444444444444444444044444444444444444444444444444444444444444444444444444444444444444444444444444444444444444444444444000000000000000000200002002020022222000000000000000000000000000000000000000000000000000000000000000000000000000000000000000
0222022220222222022444444444444444444444444444444444444444444444444444444444444444444444444444444444444444444444444444444444444444444444444444444444444444444444444444444444444444444444440404000000000044042400000000022200002000200000000002000000000200000000000000200200000020200021022202000200000002020000002200020200000000000002022022020002222002220222200020000200020000000000000000000000000000000000000000000000000000000000000000000000000
0444444444444444444444444444444444444444444444444444444444444444444444444444444444444444444444444444444444444444444444444444444444444444444444444444444444444444444444444444444444444444444444444444444444444444444444444444444444444000100000000000110000000001000000000000000000000000000000000000000000000000000000000000000000000000000000000000000000000000000000000000000000000000000000000000000000000000000000000000000000000000000000000000000
0001011020111444444444444444444444444444444444444444444444444444444444444444444444444444444444444444444444444444444444444444444444444444444444444444444444444444444444444444444444444444444444444444444444444444444444444444444444444444444400000202000012000202220202000200022220222201202200002022102002022100000021210100002012200200010010001122202100020000000000000000000000000000000000000000000000000000000000000000000000000000000000000000000
1111444444444444444444444444444444444440140101100100000000000000000000000000000000010010111110010144444444444444444444444444444444444444444444444440111100000000000000000000000000000000000000000000000000000000000000000000111144444444444444444444444444444444444110101000000010000000000000000000000000000000000000000000000000000000000000000000000000000000000000000000000000000000000000000000000000000000000000000000000000000000000000000000000
1010101000000000100444444444444444444444444444444444444444444444444444444444444444444444444444444444444444444444444444444444444444444444444444444444444444444444444444444444444444444444444444444444444444444444444444444444444444444444444444400001000100000001000000100000100000000100000000000000000000000000000000000000000000000000000000000000000000000000000000000000000000000000000000000000000000000000000000000000000000000000000000000000000
0001110000000000000000000000000000000000000001100444444444444444444444444444444444444444444444444444444444444444444444444444444444444444444444444444444444444444444444444444444444444444444444444444444444444444444444444444444444444444444444444400000000000000020002020000002022000020020200000000202000000000000000000000000000000000000000000000000000000000000000000000001100100000000001000110000000000000000000000000000000000000000000000011000
1000000444444444444444444444444444444444444440010101000000010000001000000000010000000010101101010100000000100111044444444444444444444444444444444444444444400010010000101000000000000000000010001000000000000000000000000000000000000101010000000000000000000111011144444444444444444444444444444444444444444100010100000000000000200000000002000000000000000000000000000000000000000000000000000000000000000000000000000000000000000000000000000000000
0220200200020000000044444444444444444444444444444444444444444444444444444444444444444444444444444444444444444444444444444444444444444444444444444444444444444444444444444444444444444444444444444444444444444444444444444444444444444444444444444022000000002000000020202000002022202120000000000000000000000000000000000000000000000000000000000000000000000000000000000000000000000000000000000000000000000000000000000000000000000000000000000000000
4444444444444444444444444444444444444444444444444444444444444444444444444444444444444444444444444444444444444100001000010000000000000000000000000000000100000101000110010110000000000001000000100044444444444444444444444444444444444444444444444444444444444444444444444444444444444444444444444444444444444444444444444444444444444444444444444444444444444444444440001001000000000000000000000000000000000000000000000000000000000000000000000000000
0000000000000100000000404444444444444444444444444444440000000000000000000000000002000002002002000000000200000000000200000000000004444444444444444444444444444444444444444444444444444400000002000000000000000000000000200022000200022002000020202002000022000000200000200000002000000002000002000000000000000000000000000000000000000000000000000000000000000000000000000000000000000000000000000000000000000000000000000000000000000000000000000000000
4444444444444444444444444444444444444444444444444444444444444444444444444444444444444444444444444444444444444444444444444444444444444444444444444444444444444444444444444444444444444444444444444444444444444444444444444444444444444444444444444444444444444444444444444444444444444444444111110000000000000000000000000000000000000000000000000002000000000000100000000000002000000000002222222120020000000000000000000000000000000000000000000000000
4444444444444444444444444444444444404442022222220200222222222022222022022202202222222020220222202044444444444444444444444444444444444444444444404400040020020222220020200022020222000002200020002220222022002220000000000000000000000000000000000000000000000000000000000000000000000000000000000000000000000000000000000000000000000000000000000000000000000000000000000000000000000000000000000000000000000000000000000000000000000000000000000000000
1110001100001000000000001111111111111101001111011101110110000000000000000001000000100000000000001000000001101111444444444444444444444444444444444444444444444444444444444444444444444444444444444444444444444444444444444444444444444444444444444444111211111111000000000000000000000010000000000002000000000000000000000000000002000001120000100000000000000000000000000000000000000000000000000000000000000000000000000000000000000000000000000000000
0002020000000400044444444444444444004444444444444444444444444444444444444444444444444444444444444444444444444444444444444444444444444444444444444444444444444444444444444444444444444444444444444444444444444444444444444444444444444444000202200200000000000222202202020000000020020200022222200022222222020200220200200200200200002002200020000000000000000000000000000000000000000000000000000000000000000000000000000000000000000000000000000000000
0002000000200000220000000200002200020002000000000010100101000044444444444444444444444444444444440404000004404040404440444444444444444444444444444444444444444444444444444444444444444444444444444444444444444444444444444444444444444444444444444444444444444444000000200020022000000000000000000000000000000000000000000000000000000000000000000000000000000000000000000000000000000000000000000000000000000000000000000000000000000000000000000000000
0200220220020000022022222222004444444444444444444444442022220000200000000022002100020200022000020002002202000222222022222222020000200222004444444444444444444444444444444444441000000000000200002200000000000000020002000222000200200000200200020222002222000000020000000000000000002000000220000000000000000000000000000000000000000000000000000000000000000000000000000000000000000000000000000000000000000000000000000000000000000000000000000000000
0010001100001101044444444444444444444444444444444444444444444444444444444444444444444444444444444444444444444444444444444444444444444444444444444444401010000000000000100000000000100010000010010000000444444444444444444444444444444444444444444444444444444444444444444444444444444444444444444444444444444444444444444444444444444444444444444444444444444444444444444001400110000001000000000000000000000000000000000000000000000000000000000000000
1001110011111110001011001100001110011111101100001001001111000011011110001101010000000001111111000000000010101111111111101000100000000001111004444444444444444444444444444444444444441111111111000000000000000100000000111011111004444444444444444444444444444444444444444444444411110100000000000000000000000000000000000000000000000000000000000000000000000000000000000000000000000000000000000000000000000000000000000000000000000000000000000000000
4444444444444444444444444444444022200220000004444444444444444000000000000200020020000000000022000000000200020020000000200020000000000000000004444444444444444444444444444444444444444444444442440200200222020202000220000202002222020220200200002200222220220020020000000222000202000200000000022000020222020000202200222020022022200200000200002000022200000222020000200000000202020202002000202020020002000202020002000000000000000000000000000000000
0000001101000110001010000100000001000001010001101012100000012000010000000000000000000044444444444444444444444444444444444444444444400020010011110111110011111110101100000000000000000000200000000000044444444444444444444444444444444444444444444444444444444444444000211100010100000000000000000000000000000000000000000000000000000000000000000000000000000000000000000000000000000000000000000000000000000000000000000000000000000000000000000000000
0000000000000000000000000000000444444444444444444444444444444444400000000000100000000000001000000010000010000000000000010110044044444444444444444400010100000000000000000000000010001000000000000001020002000000001000000100001101110044444444444444444444444444000000000000000000000000000000000020002000000000000000000000000000000000000000000000000000000000000000000000000000000000000000000000000000000000000000000000000000000000000000000000000
0211010110100444444444444444444444444444444444444444444444444444444444444444444444444444444444444444444444444444444444444444444444444444444444444444444444444444444444444444444444444444444444444444444444444444444444444444444444444444444444444444444444444444444444444444444444444444444444442222100021110002110101200000020002000200002020000000000000000000000000000000000000000000000000000000000000000000000000000000000000000000000000000000000
0010202222210144444444444444444444444444444444444020020200201111221211112010222221202200121200100002202001104444444444444444444444444444444444444444444444000011021020022010000201002022220020002000202022002202220012012000222222022202120144444444444444444444444444444444444444100000201201201112020000000002000020200120001211201020000000000000000000000000000000000000000000000000000000000000000000000000000000000000000000000000000000000000000
0010010000110000010000010000444444444444444444444444444444444444444444444444444444444444444444444444444444444444444444444444444444444444444444444440044400000440000100000000000000000011410000100100000444044244044100000110001010011010000000000000000000000000000000000000000000000000000000000110000100001100000000000000000000000000000000000000000000000000000000000000000000000000000000000000000000000000000000000000000000000000000000000000000
0210002222222444444444444444444444444444444444444444444444444444444444444444444444444444444444444444444444444444444444444444444444444444444444444444444444444444444444244020000000440000000000000001011000020022011100000000210100001011100000000100000010000000011000000000001000000010110000200100001001200000100112212010000111000000000201221100000000000000000000000000000000000000000000000000000000000000000000000000000000000000000000000000000
0002000000000000002004444444444444444444444444444444444444000000000000010000000000000000000000000000000000000144444444444444444444444444444444444444444444440000000000000000000011001000000000010000000000000000000000000000000000000000004444444444444444444444444444444444444444440112220000000000000000000000000000000000000000000000000000000000000000000000000000000000000000000000000000000000000000000000000000000000000000000000000000000000000
0000010001000404444444444444444444444444444444444444444444444444444444444444444444444444444444444444444444444444444444444444444444444444444444444444444444444444444444444444444444444444444444444444444444444444444444001100100000010000002000000000000000000000000000000000000000000000000000000000000000000000000000000000000000000000000000000000000000000000000000000000000000000000000000000000000000000000000000000000000000000000000000000000000
0000004444444444444444444444444444444444444444444444444444444444444444444444444444444444444444444444444444444444444444444444444444444444444444444444444444444444444444444444444444444444444444444444444444444444444444444444444444444444444444410000000000100100000000000000000001100010020020000000000000000000000000000000000000000000000000000000000000000000000000000000000000000000000000000000000000000000000000000000000000000000000000000000000
1000110011010444444444444444444444444444444444444444444444444444444444444444444444444444444444444444444444444444444444444444444444444444444444444444444444444444444444444444444444444444444440111100000000000000000000000000000000000000000001000000000000000000000000000000000100000000000000000000000000000000000000000000000000000000000000000000000000000000000000000000000000000000000000000000000000000000000000000000000000000000000000000000000
1111110111100000200000000000000000010012000000000000011111111000001000000201144444444444444444444444444444444444444444444444444444444444444444444444444444444444444444444444444444444444444444444444444444444444444444444444444444444444444444444441111111111111011100000000110010011110111111111011111101011110001011111111111100000000000000000000000000000000000000000000000000000000000000000000000000000000000000000000000000000000000000000000000
0000010000000020000000000000101444444444444444444444444444444444444444444444444444444444444444444444444444444444444444444444444444444444444444444444444444444444444444444444444444444444444444444444444444444444444444444444444444444440000000000020000000000000000000000000000000000000000000000000000000000000000000000000000000002000020020000020000000000000000000000000000000000000000000000000000000000000000000000000000000000000000000000000000
3311100120014444444444444444444444444444444444444444444444444444444444444444444444444444444444444444444444444444444444444444444444444444444444444444444444444444112200000011001000002000100000022000010022111011011101101111111111001001101100011000100110000100101000111111101011010100010000100000000010000001000100000200000000000000000000000000000000000000000000000000000000000000000000000000000000000000000000000000000000000000000000000000000
0000000000000000021000000000000000000000000000000000000000220000000000000000000000000100000004100044444444444444440444444004004000020000000000200000000220220220000002200000000202200200220020220020000000000000044444444444444444444444444444444404420000000000000010000000200002200000000022000200000000222020022200222202202002100010000000000000000000000000000000200000000000022000000200200202000002000200022020222200022000000200000000000000000
0000000000000000001044444444444444444444444444444444400000000000000000000000000000200000000000200000020000000000002000000001100000444444444444444444444444444444400100000200002000020200002000000000000000000000000200000000000000020000000000000001001000444444444444444444444000010100000000000000000000000000020000002000000000000000000000000000000000000000000000000000000000000000000000000000000000000000000000000000000000000000000000000000000
0000000000000044444444444444444444444444444444444444444444444444444444444444444444444444444444444444444444444444444444444444444444444444444444444444444444444444444444444444444444444444444444444444444444444444444444444444444444444444444000000020010002000000000002020000210000100000000000000021000000000000000000000220000000000020000002002202020002000202000000001000000000000000000000000000000000000000000000000000000000000000000000000000000
0000101010444444444444444444444444444444444444444444444444444444444444444444444444444444444444444444444444444444444444444444444444444444444444444444444444444444444444444444444444444444400100010000000000000000202000200000000000000000202000000000000200000000000000000000000000000000000000020000000000000000000000000000000000000000000000000000000000000000000000000000000000000000000000000000000000000000000000000000000000000000000000000000000
0000000000000044444444444444444444444444000000000000000200000020000000000000004044004444444444000000000000000000000000000000044444444444444444444444444444440000000000020000000000000000000000000000044440004444444444440444100000000000000000000002002022200000200000000200002020020000000002000000000002020200000000000000000000000000000000000020000000000000000000000000000000000000000000000000000000000000000000000000000000000000000000000000000
0000000000000000000000011444444444444444444444444444444444444444444444441010000001000000100000000000000000000000011444444444444444444444444444444444444444444444444444444444400012001110000000000000000000000000000100000000000000000010000000000020210110110010110011010101110100110010000000000100000100000000000000000000000000000000000000000000000000000000000000000000000000000000000000000000000000000000000000000000000000000000000000000000000
0202202111222244144444444444444444444444444444444444444444444444444444000000100000000000000000100200000200020002000020000000000000220210000122022022444444444444444444444422100200000020000020102020001000000200002022001002000020002000200100000002222022244444444444444444442222000020000022221001120001100002000210000000100101222111100002000000000000000000000000000000000000000000000000000000000000000000000000000000000000000000000000000000000
0001121111002000020000000000000000000000000000000000011114444444444444444444444444444444444444444444444444421111111100000000020000000000000000000000000000000000001000000000001111444444444444444444444444444444444444444444444444440110110001110000000000000000000000000000000000001100000000000111111111111001211001111111131300000000000000000000000000000000000000000000000000000000000000000000000000000000000000000000000000000000000000000000000
0000000000000200000000000000000044444444444444444444444444444444444444444444444444444444444444444444444444444444444444444444444444444444444444444444444444444444444444444444444444444444444444444444444444444444444444444444444440000000100100000000000000000000000000000000000000000000000000000000000000000000000000000000000000000000000000000000000000000000000000000000000000000000000000000000000000000000000000000000000000000000000000000000000
0000000000000000000000000002000000000202044444444444444444444444444444444444444444444444444444444444444444444444444444444444444444444444444000000000021000000000000000000000000000000000000004444444444444444444444444444444444444444444444444444444444444444444444444400000010100001010000001000111000011111111111111111100000000000000000000000000000000000000000000000000000000000000000000000000000000000000000000000000000000000000000000000000000
0000000000000000000000000000440444444444444444444444444444444444444044100000100000000000000000000000000000000000000000000000000000000000001000210000000000444200000000000101000000000000000000000000000000000000000000000010000100110004444444444444444444444444444444444444442111100010000000001000010000000000000000000000000000000000000000000000000000000000000000000000000000000000000000000000000000000000000000000000000000000000000000000000000
0044444444444444444444444444444444440000000000000000000220000000002000020000000000000000000000000000000000000000000002000020004444444444444444444444444444444444444444400000002002000000000000000000000000002000000000000000000002000020000000000000000000000000000000000000002000000000000000000000000000000002000000000000000000000000020000000200000000000000000000000000000000000000000000000000000000000000000000000000000000000000000000000000000
2000000202020022200022220000000202444444444444444444444444444444444444444444444444444444444444444444444444444444444444444444444444444444444444444444444444444444444444444444444444444444444444444412200000020000020020200000200000000000000000000000020000020000000000000000222022000202020000002022200000000000020200202000000020000000000000000000000000000000000000000000000000000000000000000000000000000000000000000000000000000000000000000000000
2022222200222220000200022022222242444444444444444444444444444444444444444444444444444444444444444444444444444444444444444444444444444440444444444444444444444444444444444444444444444444444444444444444440210000144000000000000201000020020202002000022002022002222222222222022222222222220200000022022222222220222000000220022020220222220222020000000000000000000000000000000000000000000000000000000000000000000000000000000000000000000000000000000
0220200000002000020200000000001000000100000000000100010000000000100044444444444444444444444444444444000000110000100000000000000000000001144444444444444444444444444444444444444444444444444444444444444444444441010101000000000000000000000000000000000000001000000000204444444444444444444444444444000000000000000000000000000000000000000000000000000000000000000000000000000000000000000000000000000000000000000000000000000000000000000000000000000
0002200200020200000000201044444444444444444444444444444444444444444444444444444444444444444444444444444444444444444444444444444444444444444444444444444444444444444444444444444444444444444444444444444444444400000000000200000000000000000000000000000000000000000000000020000020000000000020000000000000000000000000000000000000000000000000000000000000000000000000000000000000000000000000000000000000000000000000000000000000000000000000000000000
0200020020000022200200044444444444444444444444444444444444444000000000000220200000220202000102001220020000000202220200020044444444444444444444444444444444444444444444444440100000000000000202022002022202202020222222221220120020222200222210100022202000220020002200200001020020000020021020121200202222202122222022002000220100200000000000020202200000222200122222221020022222012222000010020202000000000000000000000000000000000000000000000000000
0004444444444444444444444444444444444444444444444444444444444444444444444444444444444444444444444444444444444444444444444444444444444444444444444444444444444444444444444444444444444444444444444444444444100000000202100000000200222110222000200020020200001220100000002021200000010200000000100000122200100010010000001000110010002200010002001112010000000000000000000000000000000000000000000000000000000000000000000000000000000000000000000000000
0002000000000022000000020000220000000000044444444444444444444444444440110000000202020000000002000000000000000000002000000000000000000000002000000200020000020000044444444444444444444444444444444444444444444444444444400002000020000012000002000000000000000000200000202000000000000000010000000000000002000000000000000000100000000202000000000000000000000000000000000000000000000000000000000000000000000000000000000000000000000000000000000000000
1224444444444444444444444444444444444444444440240001000002000010220002220020000000022022022010002010222220224444444444444444444444444444444444444444444442022222222222202020122022222210202022122022200020002210020220000120200221112020202200000002022222224444444444444444444444444444440020000000000000022100200200200202022000000000000000000000000000000000000000000000000000000000000000000000000000000000000000000000000000000000000000000000000
0200220202000000222220002020000000200020000444444444444444444444444444444444444444444444444444444444444444444444444444444444444444444444444444444444444444444444444444444444444444444444444444444444444444404444444444444444444444444444444444444444444444444444444444000002000200200020200002000000000000002200000000002000000100000200000000000000000000000000000000000000000000000000000000000000000000000000000000000000000000000000000000000000000
0000000000000001004444444444444444444444444444444444444444444444444444444444444444444444444444444444444444444444444444444444444444444444444444444444444444444444444444444444444444444444444444444440010200002000000000000000000000020000000000000000002000000000000000000000000000000000000000000020000000200000000020000000000000000000000000000000000000000000000000000000000000000000000000000000000000000000000000000000000000000000000000000000000
