0000010001100111000111100100000000000444444444444444444444444440400000000
10000000000000000000000000000000110444444444444444444444444444444444000
00000000000000110000013333033333333000010000000000000100000110000000000000
000000100014444400000000
00000000001100000000001444444444440000000000000000000000001100000000001000000000
444444444444444444440010000000
00000000000000000000000000
000004444440000000000100000000000
00000000022222222200010100
0000000111111110000000000000000
0000111111100000000000000100
00000001444444000000000000000000
001001033333333333333010011001111000
000000333333111110000000
00001133333301000010010000000010
001000010114444444400000000010000
0010000000010000333300000000100
00222222000000000
000000104444444400000000000000
111111110000000010000111000111100
11100000011000000000000000000000000000000000000
00000111114444444444444400000000
10011441444114111000
0000000000002000100000000000100
111100000000000001000
0000000000000222220000000000
000000004444444444011110000000
1000000000004444444444001000000000
014444444440000000000000000000000
0000010000000000000100000000
000001444444444400001000011
0010100111110000000000100000100
0000144444444400010110001
000100000333333111000011010001000333330100010101000000000100000
0100001000011000000333333100000001
0000000010300100003333333000000000
110000000111100000000000000144444444444444444444100000000001100000100000011100
4000000001001000000000000
001000000000022201000000000010
111333333310
22222222200000000000000000000000
00000001011233321000011011
10000004444444401001000000
000000000000011111111100000001000000
0000100000001444444410000000
100110011114444400001
14444441000000000444444440000000000001444444000000000
00000014444444444444444410000000000001
000000010000000000000001000000001000000000000000000001
00033333333333333330100000000010000000010001111
000000033333333330100001110000000
000100000001044444411100100
00114444441000000000000000
43333333333300000000000
000000000000000033330100
04444444440000000000000000000000
0000010000000004444444400000
000044444444444444400000
0000444444444400000000
14444444444400000000000000010000000000000
0000000000000000000001000000001000110
0104444444444444000110011100000
00000000001111133333333333333333333333404001414
00000144444422000011100110
000000000000000014444444400000000044444444
010000000000000000000000000000
000000000000000000000000000000
0000000000044033333010000000000
00000000144444444400000000
010133333310100011110010
100000000001444444440010010000
01014444440400000000000
00112222010
000000000000000000011110
00000000000414033331444444000000000
00000011100103333330011
40000222222222000000000001000000
00000000444444444400000000000000000
000000000000000000333333330000000044444444
441111113333333333333333333331111111111
00100100444444444444400
4444444444444444444400
00141010333331144400000000
0000000000000000000000000000
000000000000000000000000001000001111100000000104444444444444410000000000000
400444444440000000000000000000000
000000000000000000044444440000000000044444444
021024444444440000000000
002200000
14444444100000000104444444100000000000000014444444400000000
00000044444440000000000000
000014444444444410000
001144444111
00000000000100000000000000000000000000000000000001
0010000000011130003333331010
000000010000001111111111111000
11144444444400100001100
333330000000
00100001000010000100001000114444444444440000000000000000000000010000
000000001111111100000000000000
00000010000000000000000000
0000000003333333330000000000000000
1001110001001444444444444440001100000010000
000114444440000000000000000
444444444441000000001111111011
000001044444444444444444444444444444444400000000
110000000000100000000000000000000000000000014444444444444444444444441000000
00000000000000000000000000000000000000000000000000000000000000000100000000000
440000000000014444444444
0000010444400010000000000000000
00110110000003333330000010001
010111111011111111111111111111111111111111111111100000
001111110
00000111033333144411000000
00000001101000001444410
0001100000144444400001010000
0000010000444444000000
00004000000000000000000
4444000
000000004444440000000000
00000000000000000000000000
0000000001000000000000000111144444444444444444444110
044444444400
11000000033330014410000
00000010001000100000000
0033300000
001004444444400000100000
000011000001220000000000
000222222221000000000122222222200000000000000022222222000000
00000100000000000001114444444444444440000000000000110000100000000
0333333333333300
0003333333110100010000000
111000000044444444400000000000000011
133333333330001111
01001011000000000100001000
44444444444444444444444000
011444444441000000000000000000000
001444444441000
000000004444444444000
000000144444444444000000000010
00000000000100000000000000001144444444444441000000000000000000010000110000
0000000000011000000000
10044444444444441111100000
000033333333000000000
00111111111000000000000000000000
0000100333333333333111
000000144444444410444
00003333333000
0001001044444000
0000444440000000000000000
0000000000000001010000011100000001000000000000010144222222222221100000000000
0000000000444441000000000
000000000010000000100011000000000000000444444444444444444444400000000000000000
00000144444440000000000
001111100
0011111000000000000033333333333330000000000000000000000000000000000000000000
0000000000444444444000000
000010000001111100000000000
11444444441100000000000000000000
00000001444444440000001000000000
1000110011000010033333333331104444
0001444444444400
100101000111144444444444444444440000000100001110001000000000
00014444444444000000000000000000
0001000022222221000
000000000000001000000000011000000130000030310300000000010000000011000000000
00114444444444444444444444400000000000000
0000000001000000000000
00014444444000000001000
0100000001114444410000011033333333333333111111101000000
000000000001000044403333330100000000044444444
0000000000002222000000000000
00000110000000011444444444444444444444000000000001000111000000000100000000
011011001101144444444444444444
00114444444444410000000000000000
4000000333333333333333333333000001
000000000010000010333330100
00001000004444444444000000000000
000000000000000000000000000001000000000000
0000000111111000000000000010000
001010100100033333011111101
44044404404441444444400000000
00100000000333331100010000
00000333333100001000000
000000000000000444444000000100000004444444
0011444444100000000014444444444000000000000000000000
444000000003333333333333
0000000000000000000001033333333333333333333000000000000000011
000000000000000000000000001444444444444444400000000100100000
000000000000000001111111000100
0000000000000044444440440000000004444444
000100000000002222222222222222222220000
100000044444444444441000000010000
0001000000000000000000000111111111111100000000000000000000000001
0004444444444444444400000000000000
100000001100000000144444444444444440000000000000
00010001333300000000000001000000
0000222222000000
000100011444444410000100010000
0000010000000000100000000000000000000000010000000100000000000000100000
00144444444444000000000000000
0000000000100014444444400000010000
100003333333401101001100000
1000000000444440000000001000000
0000004444444444000010010
00444442
4400000044444444440000000
001000000100000000000000000000000000011444444444444444444110000000
00000000000000000012222222010000000000000000000010
111111333333331111100101
444444000000000014444444000000000000
4444444444444444444000000000000010000000000000000000000000000000000000000000000
000000001001003333301100000101
000000000000000000000000000000000000000010000000000144444444444444400000000
0000000100010001000222222222200
000014444444100
01100000000
00000000000000000000000000000001111111111111111100000000000000001000000000001100
1444444440110000111000000
000000444444100010000000
01000100001000010001101000333333333333300010011000044440444400001
1011010000110333333333000100
1101001000000000000000010001111333333333333333333333300010000000010
0000001000044444400000000000
000444444100010000100000001
000000003300
001000010001000000000000001000
110111000333333331111111000011
100000000020022202222000000110000000
10011110000000000100000000000010
4444444444444444444400000
304444444444111111033330144444411
0000100114444444444440000000
000110333330100000000
0104444444444444444444440000000
0000101011122000001000100000100
0010000100000100000000000000100000000
0011441100
0000444444444410000010
00001000144444440000000000000000
000000000000044444440444404000044444444
00100000000000010000000011044444444444444440001101001100000000000000000001000
00000010444440000000000
04440
001000003333301111100
00000333333000000000001000
10000144444000000000000000000000
000000001000000001330110000100000
000000000000444444410000000000044444444
0000444444400100000000000
000011111010103333300010000000110001
0000001444444400000000000
4444400
0000000000000000000000000000000000000000
000000000000000100222222222222222222010000000000000100000000000011000000000000
000111111111000000010011
000000000000000014444444000000000000000000144444444444444444444444000000000
00022000000000000000000022220000000000000000000000011111111
00001444444444440000000000000
0111111111000000
000100010210033333301111100000100000033333333331110100001
00000001133333331100000000
0000000333333000000110000000000000100
000000111110000001100000
11011010101013333333333333011001001000
1100000000010000004444440000001
100001444444400000000000000
00000000010000000000000004444444444444444444444400
00000000000002222200000000
000333333333330010000000
0000000000000000100000000000000
1444000000000010
00001111111111000000000
00000000000000000000100000000000000000000
0000000000000000000001114444444444100000000000
000000011144444444411000000000000000001
00011014444444000000010000100000010
11111111000011010111110000000111001000000000000000000000000111111000
000010101000001000010033333333010101011
000000000001000000001000
10000010000000000000000000010000000014444444444444444444444400000000000
1001110001001444444444444440001100000010000
0000000000000011444444444444444400000110000000001000000010000000000000000000
1011100010000002222221
00000000044444000000000000000
0000014444
0000000044444444444000000
0100111411000000
000001444444440000100
000000000022222200000000000
00000000000010333300000000000000
0000014444444000000000
000000000000000000000000000010000111444400110411111000000
00000000100444444400000000011000
0000000100444444444440001100000000
00001100000000000000100000000333333333000000011000000000110000000000010000000
00010000000000000000100000000014444444444444410000000000010000000
0000000011104401001000000000
00000000010000011100000000
0000014444444444110000001100
0000000000222210000100
10000044440010
00011000000100000010000110000000000000014444444444444441000000000
00000000000000000000000000
0000001013333333000000100000
11110000033333333330
000010000000010000011122222222222222011110110000000000000010000001
0100110010100333333100101100010
000000044444441000
000000100012222100000
000000111111110
0000111110111010010000
0000000144444400000000
000000000000011000000000000110222222222222222222100000000011100000000000001100
11001000000000000100001000
0444444000
0000000011110000000010000000
00000000000000010444444400000
0000010000000000000100000000000000000001000011114444444444444444444400000000000
00000000004444444411101000000
00100000011111111111111111000000000100000000100000100000000000
00000000000000000000000000000000000011111111111111111000000000000000000000000
00044444000000000000000
0000010010100000444444444410000
0000000000000111000000000
00000000001111111111000000000000000000
000001111111000101010000
00000000001022222200000000002244421000000000000000000010
000000000000000000000
0000000000000044444444444444441000000000000
0000000000444444440100
00111100001444400
0000000022000000000000
000000000000000000000000004444444
000014444110000000000014444444000000000000100000
000000000000000000000000000000
00000000000000000000000101111000000000100000000001222222222222222222201000010000
00010000044444411011
01110100400033333333400010
00000000000000000000000001111111100000000000000000000000000000000000000000000000
000222222000000100000
0011001100011111111111111111111000000
0000000444444444444444400011000000011
0000000033333333010000000000000
000000001000000000011144444444444444401
00000100000333300000001000
0101111444444444444444444400000000000
1000011111111000000001000
000000000111111100000000100
0444000
000000000000222222220000100000000000
00000122222222210000100010
1100000011111110000100011011013333333333333333333111110001000100100000100011000
00001444444003330110000011000000
22222222201100100002222222220101100000011222222220000
000101444444444440000
111111113333333333311
000000001333333111111
00000000000001444444444440110010000000000000000100000001001100110
010001000144444100000000000100
00000000111111100000000000000000000
0000000004444444440000
00000100010000010001000000011000000000101100010010000
0000010000000000001011111110000
1000001000444444440000010
00100000000000000010000000100000000100133333333333333333100000000000100
0000010000001111111110000000
1000110001333333333333101100000100000
0000333333330000000000000000000003333300100001000000000000000
0000333333333330110000000
00100000100000010000000000000000000000111122222222222222220000000000000000
00100101101000100000000
0000000000011111000000000000000000000133333333333333333333333330000000000
33333333333333333300000000000000000001
0000000444444444444444400011000000011
100000444444000000000
00000000011000000001110000000000000011000000000000001000000000000000000000000
001000000000000114100004444444400000044444444400000
1111000000000000000111111110001000100001000000000000000
004444440
0000000044444440000000044444444
0000022222220000000000
0000000000010001000100000000000000000000000000000000000
00000000000000000000000000000000000000000000000000000001111111111111000000000
0000000103333300
1444400
0000000000000100000000100000000100000000000012222222222222001000000001000000001
00000000044444444444400000
0000100000444444001000
0000000000000000000000000
00444444444444444444444444440000000000000
011444444444411111000011
000000000000111000000000
00100002220000000000000
44444411441000000000000044444440000000000000010000000031000030000001
000000000000001444444411000000000144444444410000000000
000001010001111011111111
44442100100001110033333333333333300000111110011110011000000011010111111111
110000001000001444400000000000000
000000000111110000000000000001000
00000444444400000000444440000000000001044114100000
000000000000222222222200
0000000000000022222200000001004444444
0010000004444444444444011111011101
10444444444000010000100010000
100000000000004444444444440010000100
000000000444444400000000000
1000004444420011000000000
00044444400000100100000010100
0000000000000000000000000000100000110000000000000000000000010000
00444444444100001100
0000000111111111100100
000012222222211000100000
0133333310
11100000000000111111100000
00000222222222000000000000
0100000000010000000000001000000010
0000004444444440000000000
00000000000000000000000000100000000100000000000010000
00144444000000000044444444010000000000014444440100000100
01000101100000000441000
000013333333333333300011110001
0000011111111000
00014444444400100000000
0000000000000000000000000000000
00001000000000
00011333331000100001000000000000
000100010000000000100000100000000010000100010000000001000
000000000000004444444000000000004444444
000000004444444444444444
10000014444000101100000
00100000000011111110000000
000110000000000000001100222222222222222222220011000000000110000000001100000
011111100000000000000000000000000
000000000000000000000000000000000001104444444444444444
0000022222222000100000
000000001100000101100011044444444444444411000000100000000000001000010000001100
00000000000000000000000000000000000000000000000000001444444444444444444000000
000000000011000
0000000000000000000000000000000000001000000000000001444444444444444444410000000
00000000144444444444444444444444444440000000000100000
000001111111000001001010
001000044444440410001000000
000010000000000000000110000000000000000000001111111111111100000000000000
444444444444333333333333304
1111111111110000
001111000
000000444444440000010000004444444410000001000000444444
01000100000001040000000100
00000000000000000000000
10000000100000100011033333333333333333333333333333333044440001100000
000000111111111111111000000000
0000000000000100100
01000000103333333333000000000
0001444444444000
011000000000103333310000
00000000000000000000000
000000333333300000000000000
000000444444444444444444001000
000144444444400000000
100333333300
0001111111000000000100100
000000003333333000001
0000000000000000110001000000
00000000010333330000100000
0000000001444444
00001000000000000000000000004444444
0000000000011111000000
00144444444444410000000000010
000000033333333100000100000
444444444022222221144411040444444
00000000000000000022222222222011000100001000
00000000100001333330100001000001000
00122221001
0000001111111000000000000000000000000000033333333333333333333333300000000000000
11110333330100000
000001000000000000000000000000000104444444444440000010000000000000000000000100
0010001333333000000000100000
000014444444400010000
000111111111110
00001111100000000000000010000
111111000033333111
00000044444444022110000000
0000000000000000100000100000000110001122222221111111000000
000000000004444444400010010000
000000044444444400000000144444444
000014444444100000000000000000000
01220000
00022222220000000000000000000000
00144444444400000000000000
111110000000001011444444444441100000
0000000000014444444444444444444444444440000000000000000000100001000000000
00000000000144401000000100000
0000000022220000100010
1000000033333333010000001
000044444400000000144444440001100000000444444400000000000
000111000000133333333311000000000
0110100001444441101110000010
000000103333000100000010
001000011000000000001000222222222222222222222010000000000100000000000001000000
100000000000004444444444440010000100
0000111111110000000000000100000000
0010301001
0004444440000000
00000011111100000000000000
000000000000000100000
001144444444400000000000000
010000001444444000000100100100
00100000000000001110000000000000000000144444444444444440000000000000000
444401000100111011000000000110000000001100
001001033333333333333010011001111000
010444444444440011110001
111444444444444444444400000000010000000
00000000001000000000100001
000000011111110000001
000100000000000000000144444444444440000000000000000001000000
100000000000000000000100
000000000001000000000011111222222222111111110000000000000000000010000
023333333333332
00044444441100000000000000
00444444444410000000000000000000
0010000010000100000001044444444444444100000000000100000
100000001022222220
0000000000000003333333333310044
0000004444444000000100000
00444444444000000000000000000000
001000000010333333333100010
000010000144444444444401000000
0001000000000000333333333000010
00000100000000002222222222211110110000
0000011000000100000000001000000001000000000011000000010000
000100000000000000000000444444444444444444411111000000010100111111
001000001144444400000000000
444444444444444444444444444
0000000022222222220000000000000
10111100000033333000000000001
444400000
0001111400
11100000000100000000000000000000000001000000000000000000000000000000000000000
00000000444444010000000
000000000000000000000000000001144444444444444444444410010000000000000
1100000000111111111011111111111111000
0000000000111111111101000000
00000004444440000
000000000000000000000000000004444444
1000000011000000000000000000000000000000000000000000000000000000000000
00014444000
000010000000111110000000000000000111111100000000000
0000001000000001000000000000000000000000
000000000000000002222220000000000004444444
111100000000000000000000000333333333333333333000000000000000000000000000001000
002222222200000000000000
00000044444444444000000000000000
000111000000133333333311000000000
00001000000033331000000
000000000000001444444000000000004444444
0000001333333333333000
10001011111111033333333333000
10000000000000000000100
000000000010
0000000444444444
11133333330101000000000000000
00000000000000000444000000000000004444444
000000000000000001111000000000044444444
0000104444444444400000000000000
001000000044444444400000000
00011111100000000000001111111000000000011111000000100
100000444444400
0000000000000000002222210000000044444444
00100100133333333333333333333300000000000000
00000000144444110000000000111444100000000100011111444110
0000000000
00044444440000000000004
0000044444444441000000
00000000000444000000000
00001114444444404444004044
00000000000000011110000000
1100000222222222222222000010000000000000000000011
000000000000001100333333333333333333
00044444444001101000000
00010000114444444444440000
01000000000333333333333100000
0000001110000000000001111111000000000000000100000000111000
00000000002222222000100
10000001000002222222200000000
00000002222220000000000000000
110004444444444000100000001000
144444000
444444444444444444444000000000000000
00000022222000000000000
00044444400000000000000000000000
000000000111111111000001001110
1000000000000010000033330000000000044444444
000011000000
00010000222222222000000100000
000004444444440000100000000
111111100333330000000000000100
000001101000000000000014444444444444441000000000000001000010000000000000000010
00044444000000000000000
0000022222200000
440000000000000000000000010000
0000000222222220000000000000
10100100002222220000000000000000
01000000100100010000110000044444444444444444444444444010000
0000000000000011100000110000000
0044444444444000000000
000000000000000000000000000000111111111111111100000000000
0001144444440000000000
00000010022222222200
00000100000000002222222222211110110000
00000000133333333330010
0001000000014444001000000010
00333333331111
000001111411000000000
00022222222000000000112200022222000010000011111111111
0000000000000000000000000000000011111111110000000000000000000000
103333333333000
1100000033333304141000
014444444440000000000000000000000
00000000001111110000000100000
0010000000001444400000010000101
0004444444444444000000
01444444440000100110000000000000
11110003333333301111
000100001113311100
10000000000033333300000000000
00010000014444440000000000000000
0000000000004444001000000000000
0004444444440
0001100444444444444441404
44444444444444444444444444444444444443333333333444444444444444444444440000010
0001444440000000
00001133333110111110100
11111111110444441001
0000000100002222200000001000
0110001444444444000001100001
01000110333333010000000010
0000114444444440
0014444410000000
1000000000444444444410000100
0110001111103000000011000
014444
01111133333301000000000000000000033004400000000001000000000011444444
11100001110000100000000011100000000000000000000000000000000000000000000000001
0000000000011111100000000000000000000333333333333333300000000000000000000000
0044444441000
11010110000000111000000000000000000001000
11111111100333330000000
444444444444444444000000000
400014444444444100000000000000000
0000004444444440000000000001
00000144444444444440
0033333300010
000000001100000000000000010000000000000002222222200011000
000000044444444444000004444
00010011000000100000000100000111444444444440000000000000000000
0000003333330000000100000100101133330000100100
0000000110000000000011100000001110330033311300001110000000000011000000000001
00010000001001114444441010000000011444444400000000000011111001000100000
0000000000001111111111111111111111100000000001100
00000014444444400000000000000
00000100001011113333330010000000004444444
401001000100010010000110
00000010001000100000000
000100000001000000001000222222222222222222220000000000000001000000100000010000
0000000000000000000000000001000000000333333333333333333000000000
00100000010000000001000000004
000001444
1122221000
000001100000144444444441001000000000000
000000000000011111111100000001000000
0000110000000000010000000000000000100000000000000001
000111100000000000000000000000
000000222222200000001011001
000100033000000000100000000333333000010110000000
00000000000000000000044444444
4444444444444444444444444
00110100000010000010000000000
00000011111110000001000000110000100
1100000000000222222222221111
0004444440
000102222222222222200011
0000444440000000000000
00044444441100000000000000
10000000044444000010000
00000000000000100004133333300000100044444444
00044444440001000000014444440000000000000144440000000
0000002222222200110000000
0000000000100000000000000000000000000112222222220000000000000000000000000000000
4400000022222222220000000000
000000000000000000000000000011111111111110000000000000000000000000000
00004444444444000000000000001000
1000004444111111100000
00100000444444444400001000
00000044444400000000000
100333333333000000000000001033333001011000000010000000
000000000002222222010000000000010
0001010003333333333333333333333333300000000
10000033333333333400000000000
10000000000000000011000
0000000100144444000110000000
000000000000000000000100000001144444444444444444444444100000000000
00000000000011111111000
00000222222110100000
000000000001000000000003333333333333330
000000014444444000000010
0000000100000000000000000000004444444444444440000000000000000000000000000000
0010444444440000001000000000000
1000100000001100000000000110010000101100013333333333333333333333333000000010001
01100000444444444440
1000002222000000000010000100
000033333333300000000
0010000000000133333344444440011000
1000100000
0000011111111000
000000010000000001000010000
00001100000000100000110000
00033333333330001100000000
0011000000444444444444444444444
0001122222210000000
0001000444444444444410100001
00044444444444441110
110000011111111111000
000000000000000000000000000000001101444444444444444411000000111111111
00110010111111144444400100000
00011111111110000000000000000000
10000000011333333333001100
44444440000000000004444444
10000101333333033001001000001000000000000000001000100000
0000000000000000000111111111111111110000000001100000000000000001100000000
000010133333333330000
00000001144444444400000000
0100000000002220100000000001000
00000002222221000000000
00000000000000000000000
00003333330011
00000144100333331144410
00100000000001000
11011010101013333333333333011001001000
00001444444444444444440101
00000010000000210000000000000010000100000100140000000000001
40000144444444400000000000
11112222211111111001101
011000022222222000111000000222222211100000000000000
0100000000011444444000000000
03333333330111100
01444444440
001000003333300000000010
11110000000222111
0000003333333331111000
0014444444000000
0000000000000000000000000000000002222222222220000000000000000000000000000000
044440000004040333333333333333333330100
44444440000000000000010000010000010
00001000000000000000110000000001444444444444444444444444444440000000
00000000033333330000000000000
10100111103333333333333000010011100100
0000000000010000000000000
000000100010000000001000000000000000100
0104444444444444000110011100000
004444
0000001000000100000000444444444444440000000000000000000000100000
00000000033333300110000000010000000
44044444444444444404
000000000000222222222000
00000000000004444444440000000000044444444
0000000000000000011111111111111111110000000000000010000000000110000000000000
000000010044444444000100000000000
00001444440000000000100000
0014444444444444400
0000004444444440000000
00000000000011111111111111111000000000000000000000001100000000011000000000000
10001104444444444400010000000000
00110000000010000000000110000000110000003333333333333330001000000001100000
00000022222222000000000
0000333333400110110000010111011
410111100133444433333000011001110
100010000010000000444444444444444444444444444400000000
01000113333330000
44444444444440000040004000400
44444444444444444444444
00000000000000000000000000014444444444444400000001000000100000010000000
000000000000001333333333101000
000000000222222220000100000000
0000000000000010000000000111111110000000000000
0000000003303330104400000
00000000110000111111111111111111111111000
00044444444441111000010000
00040013333333300000110010
10000000000000000000000000
01000010002201000100000011100
0014444444444444440000
0000000004444444401011
000000010000000000000000144444444444444444444444444400000
00010000100000000000000000
1100000000000000000000000000114444444444444444400000
0000000000000000000111111111111111111000000000000100000000001100000000000000
4400000011133300000000001100
014444444444444444440000000000
001000000000000002222220000000000002222222200000000000000000
00004444444000100000000000
000000000000000000000000000000000
00000000000000000000000000000000000
000001044444444444444444444444444444444400000000
0000000044444444444000000000000000
44444444444444111144111000001000010000110000010000000000000
000000000000110000000000114444444444444444400000000000100000011000000000000011
0044444000010001000014444441000000000100000000000000000001000
000000000000000000000
00000000000000044444441044440000000044444444
0000000000110000000000000000000000100000000111111111111111111000000000000000
000004444444400000000000
10000010000000000000000
0000000000001444444444444444400000
111111111000000000000011001
000222221100000000001000000000
00000004444444410000000001
01144440000000000000000144444000000000000000000000000
0011100033333333330000000000000000
110003333331001
000000000111111100000000
00000100333333000000000000000001
00014444444440000004444444444400000004444010100000000
00000110000000001144444444444444400000000000000000001000000100000
00000000000000000000000000011111111111111000000
0000000000144444444444400000000001
11111100000000000000000000000000000000144444444444444444444400000
0000000000100014444444400000010000
0000001111111000000000000
000000000000000000000033333110010
000014444444000000100000000
00000111111110000010000100
00444444441100000
0000001333333110044444100001110033333333111111100111111222
004444444444000000000001444440000100000000444000100001000
0001444444440000
010000000144444444400000000004444444444000000000014441
0000000100444444444440001100000000
00000000000000000022222222222011000100001000
0000444444410001000001000
00000000444444440000000
100000000000000444444444440
000044444400000010010000000000
0000000111111111101100000000
101110111013333333333333331
000000000000000000000000000044444444444444400000000000000000100000
100000044444444444441000000010000
00000044444444444000000100
00000010000000000000000100000100000000000000101444444444444444400000000000
000001444444440400000000000
10001100014444400000100000000
0010000000000000000000000000000001000
00000000000222200000000000
0111111111000000000000000000000
000001000000000000010000000000000000000000000000010000001000000000
000000000000222222220000100000000000
000001000010010000000100103333333333333333333310000
00000000000000000
10044444444444441111100000
0100004444444441000000010
00000000000000100000000000014444444444444444444444400000000000000100000010
000000000000000001110444444444444444441000
0011000011111100000000000000000010
0000001443333341000000
0000000000011110000000
0000000000444444444400
0000000044444440000010000000001000
00000011000144444100000010000
0000000000000000
100001000000000000000000000
0033333300000000000000000010
11111113333333111111111111
444430133333333110144444444
0000001111111100
00000000000000000000114444444444444400001011111101100000000000110000110000010
0011111111111111111111111111000000000000000010000000000000
00000000000044444444400001
101000000000011111111111111
000000000000000011111000000010044444444
00000000000001444444444000000000000000
000100000111111001000010
11110001144444441000000
004444444000000000
0000000122222111000
1000110001333333333333101100000100000
002000000
000000000000001010000100000100000
100000000114444444000
00111333333330120000001001104401110001000003010011100111001111
0100000033333333333330011011100000
000111000001100000000000000000000000000010
0011111001010
000000110000001001103333333334000000000
00000100000000000000000000001100000144444444444444444441000010000000000000010000
0000000011110100100003000
10000000222222222201000000000
000000000000000000000000000100000000
0010000000000000000000000000
0000000000004444400000010
0000000004444444000000100000
00000222222220100000000
00000001000000000001444444444444444444444444444400000
40001333333000000000010000000000
00000022222222222000000000000000
0014444400
000000000111114414000000000000
1100000000000000100000000000001001000000
00000000100001000100011000001133333333333333333334440000110000001000
0040034033333333300000000000
00444444444100001100
00001000004444444444000000000000
000000011111111110000000000000000000
00011444444410000000033110120000000010144444400000000010
00000000000004444444400000
111111000033333330000000100000000100000001000033330000
11133333101
1444444000100000000004444444400100000001000000000000000000
001000000000100000000000000011111111111111111110000000
010000000000133333100000010000000100000000003333330100
000333333001000000100000
0000100001001220001000010
00000010444444440000100000
001010000000010000000001
00000000010333333300000
000004444444444444444400
0000000000000010003330001000000004444444
00011111000
000000000144444333333344444400000
00000000000000000000000000
0000001110003333333333333333333333333300200
0144444400000000
00000001444444444000000000010000
00000114444400000000000000000
00000000000000010000010010000
10333333300000000000
00000044444444400000000000000
110000144444444000001010000
000000001110000000000000000000
000000000012222200000000000
000000000104334334100004444444444441000000144444440
00000000044444000000
100000000000000444444444440
0000144444440000010100000
00010100144444440000000000
1000010000004444444000111101100
0000000010000000110000001000000000010000000444444444444444100000000
0000000000011111001000000
010000003333300000000000001000000000000003333010000001
000110000001000000110000000000000000110000000000001000000000
0000000000000000000001000000000100101100000000000010000000000000000000
0000144444440000
000044444440
00000444444444400000000
000000000000100000110111110000000
11100000000000000000000000110000000000000000011000000000000000000000000011144
000011000000000000000010000000144444444444444440111001000000100000000010000000
10101010000444444400100111
00002222222222000000000000000
0000001111110000000000000000
0000444444440110000000000
333333333100000000
0004444444440
0044440
00000000044444400010000000
00010000100000000000000000000000000000000000000010000000000
01000000011140000000000
000000000111111000000000000100
00000000000000100000100000000001000000000000000000000000000000000000100000000
0000144444444440000000000000
0000000010000000000004444444444444444410000000000000110
000100000222221111100001001010
01100000101000001000
0000000133333300000011110
00000011111110000000000000
00000000000000000000000000000000000000000000
0100000110100110001001122222222221111110410000000000000000000
000001111011000000010011000000000000003043433433333333333334011010444400001
0010400100101010013343433444441000
0001100000000000000100333333333333333330010000000111111
000000000001001111110000000000004444444
00100000011100333333300000000000
000000000000001100000000000110000000000000012222222222222222220000
00000110333333100000100000000000
000333300000
0000000444400000000000
11100000011000000000000000000000000000000000000
000014333333333330044440
4000444444440000000100000
1000044444400333333444444104000010
1000222222222100000011222222201000000000000222222200100
00000000000000000000000000000000011100000000000000000110000000000000000000
0110000000000011000000000000000000011100000333333333333333011100000000000000110
0000144444400000000000000
000001110010011333333311000
0000000444444444000000000000
0000000000000100000000000000
0000010000144401000010111001
0000001001000000000000001100000100000000000000010000000000000000000000
00000001111110000100
0000000001330000000000000000000
00004444444000000000044444444000000000010000000000000000001001100
00010000004444444400
00001444444400000000000000000000
1113333333111111111111
0000014441000000000000000
00000004444444440000000044440000000000000000000000000000000000
00122222110
10000000000001000001011111100000000333333333333333333333333333333001111111111
000000101333330000000000000000000
0100222000000
000000144444400000000
0000011101013333100001
000000000111111110000000100010
0000000000100000000000000000000000000004444444444444444444444444400000000
00000000000444410000010110000011
000000000000011111110000000111110000003333333333333333300000
024444444
000000044444444400000000000100000
00000000111111110000000
01001010000001100000000000000
0444444400000000
00000014444444444444000
00000114444441444400000000000000
00000000144444440000000
000100000100001000010000000133333333333100010000000100
00000000000000000003333333000100000010004444444
000100444444400000000000001001000
0000010000001444400000000000
444444444444444444444444
00000000000000010000000001100014444444444444444444444444000000000010000000
110100000010000001000011100000000000011444444444444444010000000000000000000
00000010000000000000000000000033333333333333333333000000000000000000000000
00000000003333333000000000001000
00033330
011110333100000100000000
00000033333333333333300000000
0001111111100000000000011111111000000000000111100000000
00000001000000022222222000000000114
00000000010033333333300
0000000000010444444444444444410101000000000000000000
00000010000001444444000001000
00000014444444000000000000
00100001000010001000333333333333333333300100010000000011000000000000
01000000444444440400001000001
00000000000000000000100010000100
00033000
1000001111333333310000000
1000044444444444000001000
0000000011111100000000
000100144444444400110001100
0000000000000333333333300000
000000010000000000000000002222222000000000044444444
100000000001111111111111100000000001100000000000001110000000001
10000000000111110000000000000
00022222222000000
0000000444444444440000
1011000222221111111111
0000044444444440000000
000000144444444444444444444440
010001111111100100000110010001
00000000000011110000000
0001000000000033330000001000
0010000004444444444444011111011101
0000000000000000000001111110000001444441000000001000
0000000000044444444000000
110000100000000000001000000000000000000000000000000000000010000100000000000000
14440000000
0000144444444444444400
0011000010033333330000
10004444440000001100000
444000110000000010000000000000
44000000000333301110000000010000
0001000000114444440000
0000000333333331144411000000
0000000000000000003333333114410000000044444444
001000000000011000000000000001144444444444440000000000001110000001100000000000
00000002222222000
0000000000000004444444000000000000004444444
00014444410
0000001001000333333300000010
00000000000044444000000000
000000001000144400000001
00004444444444000000000010
0001444444444400
0000014440
010000010000
1100111144444401111
0000000000000000004444444444440000000000000100000000000000000000000
0000000000044444000000
11333333333333311000001100
00100000003333300000000000
01101010000000000333333000000
1000000144440000000010
0000100000000000144444444444444444400
000000000000000000000000000000011111111111110000000000000000000000000000000000
00000000000000000000000000000000110000001444444444444444400000000000000000000
00000000011100000000000
000001000111000100000010000022222222222221000000000100000100000
400022222220000000000000000000010
0000000011111000000000100000001111110000000000001000000000000
000000010000000444444444000000000
1000000000004444444444001000000000
0001000004444444444444011100
00000011111000001010111000000010443331333333333333331111110000000000000000
0000000000000000444444100000000004444444
000000000002220000000
00000004444440000000000000044444444400000000000000000000
10100111103333333333333000010011100100
044444440000000000444444440001000001000000444440001001
1000011111110000000000000000001
0101444444410000000014444400000000000014444410001000001
1000000000000011011444444444444444444440000000
4411110144444444444111133333333333333333333111011111111
000000001044444441
000000000000440000000
1000100000004444440000000000100
000000000000000000000000000000000000000000000000000000000000000
0000000014444440000000000
0000010000000003333300000000000
000000444444000000000
0100001444444444444444400000000
0000000000000010000000000111111110000000000000
00000000011110000000100
111101333333000000000
000000000001444444440000000001444440000000000111100
001000000100000100000000100000
000100110000333333000000
400044444444444444444440100000111
00000011111100000000010000011444444444433333333333344444444444444444444444444000
000001100000144444444441001000000000000
0114444444440000
00000000144444000000000000010000
0333000000
000001010044444444444444401000000001
000000000000022111021010000
1111111100000000001111111110000000011111110000000000110010
111100000
4444440000110000133331000000000001
144400000100
00000000111111100000000000000000000
0001100001444444400000
0000000004444444444000000000000000
00000000000000100000000100000
