000111111111111111111111111111111000000000000000010010000
11111111111111111111111111111111111111111111
00111111111111111111000000000000
0011111111111111111111111111111111110000001000000
00011111111111
000000000111111111114444444400
000000000001111111111111100000000
0011111111111110100
00001000000000000000000000000001111111010000000000000001101000000000000000
001000000001000111111111111111110000
00000011111111111110000
000000000001100000000011111111111111111111111111111000000000000111000000000
001000000011111111111111111100
01000000000111111111100000000
00000000110000000001111111111111111111100
100011000000111111111111111000000
00000000001000000011111111111111111111111111111101101010000000000000000000
000000111111111111111111111110
0000001000001111111111111111000
000000111111111111100
0000000010111111111110001
10000000001000000000000001111111111111111111111111110000000010000100010
0000000001111111111111111111111111111111444444411011111111111111111110000
000000000001111111111111111111100
0111111111111111111111111111100000000000000000000000000000
00000011111111111
00000010000111111111111111110000000000
0000000011111111111111111111111100000000000
0000000000011111111111111111111111111111111100001000
0000011111111111100000000
0000001111111111111111111111111100000000000000000000010
00011111111111111110
000000000000000000000100000000000001111111111111111111111111110000000000000001100
000000000000000011111111110000044444444
01000011111111111111111000
000001111111111111100000
000011111111111111111111111000
00000111111111111111000000
0000001111111111111101111111111111111111111111111111111111111111111010100000
0111111111000000
00000010000111111111111111110000000000
00000000000000011111111110000001044444444
00000000010011111111111111110000000
000011111110000000000
0000000000000000000000011111111111111011000011111111110000001000000000000000000
00111111111111000000000
000000000000000011000000000001111111111111111111111111111111100000000000000000
00000000111111111111000
0000000001111111111111000000001
000001111111111111111000000000100
0000000000111111111111000000
010000000011111111111111111111111111111111111000
00001111100
01011111111111111111000
000000000000000001111111111111111111111111111111111111111111111111111111000
00000011111111111111110000000
0011111111111111110000000
000000011111111111111111000000
0011001111111111111111000000
0001100110100111111111111110000000000000
000000000111111111111111111111111001000000000
00000000000000001111111111111000000
001111111111111111111111101
0001111111111111111111111000000000
001111111111111111100010000000000000
0000000000001111111111111111000000
11111111111111111000010
00114444111144000000
011111111111111111111111111111111111111111111111111111111111111111111111111110001100
000111111111100
011111111000
111111111111111111111111100010000011111000000000000010
000000000011111111111111114444444444444444444444411111100000
00111111111111111110000000000000
00011111011111111111111110000001000000
1001000000011111111111111111111
00000000000000011111111111100000000004444444
011111111111111111111100
0100000001111111110000000
00000000011111111111110100
011001111111111110000000001
000000000000001111111111111000000000000
0000000111111111111110000
001111111110000
00110000001111111111100
000000001111111111111111111000000000
0000000000000000014441411111111111111111111111111111110000000
000000000011111111111111000000000
00000000111111111111100000
0001111111111111111111111111111111111111111000000000000000000000
0000000011111111111111
010001111111111111111
000000011111111111111111111111111111111111100000000000
00000000001000011111111111111111111111111111111111111111111111111001
110000001111111111111111111001
0000000011111444444100010000000
0000000001111111111111110001000
0000111111111111111111111100100
00001111111111111110000000000000
0000001111114444444000000000
0001111111111111111111111101
0011111111111111111100
0100000000001111111111111
000000001111111111111000000
0000111111111111111111100
0000000011111111111111111111111100000000000
0000001111111111111111111110000
00000000000000111111000000000000044444444
1111111111111111111000
000011111111111110010000100
0001100000000000000000011111111111111111111111111111100000000000010000
000000011111111111111100000000
000010011111111111111111111100000001
0000001000001111111111111111000
011111111111111111000
0111111111111111111111111111111111100000000000000000100
0111111111111111000000000000
001111111111111000
0000000000000011111111111111111111111111111111111111111111110000000000000
1111100000000111111111111111111111
00011111111111111110
00000111111111111111000000001000
0000000000000111111111111110
10010001111111111111110000000000
00000000000000111111111111111111111111111111111100000000000010000000000000000
00000000000011111111111100
011111111100000
000000000000001111111111111100000
0000000000000001111111111111111111110000000100000000001000
00000001111111111111111110000
00000000000000011000000000000000011111111111111111111111111100000000000000001
00100001001111111111111111111110
