000000222222222222222222222222220000010000000000000000
000001100000000000000022222222222222222244444444442222222211111110000000011000
000000012222222222010100000
00000000011002222222222110100000
00000000012222222222222210000
01112222222222101
00022222222222222222000000000000
1000001222222222222222000
0000010000000222222222222222222200000000000000
00000000000000112222222222222222000
01122222222210010
000000022222222222222220000000
000001022222222222200100010000
0100001000100100001000001122222222222222222222221111100000
0111112222222222222220000000000
010000100000000000000000111122222222222222222222222222111111110000000
00001000000000000002222222222000004444444
00000002222222222222200
00002222222222222222222220000001
0000000000000011111111111100000044444444
0222222220000
000002222222222222222220000
00000000000000222222222222220010001
000022222222222222111
00022222220222000000000000000
00100000000000022222220000
00000000022221222222222222222222222222222222222222222222222222222222110000
000112222222222000000000
000000000022222222220
01100110111222222222222100100010011
11100022222222222111111111
00000022222222222222000000
00002222222222222222422222022222222222220011211000000000000000000000000000000
002222222222222222222222222200
010000112222222222211100100000000
000010000000000444444000000000
0000000000222222200000
000000000002222222222222222222222222201101100
000000000000000000000000100022222222222222222222222222222201000000000001000000
000000000100000000222222222222000044444444
0000002222222222222222200000
000000002222222222200000000
000000000000102222222222220000000
02222222222222222222222222222222222222222200001010000
02222222222222222222220000
000222222222222222222222000
0010000000000222222222222222222001000
0100010000000000222222221000000
000224222222222222000000100
0000022222202222200110000000
01222222222222222222011010000000222222220100000000
00000022222222222222222200000001000
000100122222222222222000000000000100010
0000000000012222222221110001000
0000000000000000110000000112222222222222222222222222222220000000010000000000000
44004444444440044112222222222222222222222444444444444
000000222222222222222222222
000002222222222222222222121110000000000000000000000100000
1000000102222222222222222220
100000000011222222220001100100
0012222222222111
111110000000000000222222222222222200000
0000000000122222222222010
1122222222222221001000
0000000012222222221001110001000010
02222222222222222220000001
00000022222222222222222222200000000
0000000000000000000000222222222222222222222222220110
00011100022222222222222222222222000001000000100000000
00022222222222222222220000000000
00000000000000100000000000000000000000111222222222222222222220010000010000110000
00000000000000000000022222222222222222222222222222222222222222222222222110111100
000000011100000000000000000000011002222222222222222222222222222220000000011000
12222220000
00000000000000000222222222221000
00000222222222244444442222222222222222222222222222222222200000000
0000044444440244442444424424424444444
0000000000000000000000222222222222222222222222220110
000002222222222222221000
000000000000001000000000000222222222222222222222222222222222222220010000110000
000000000000000001002222222222122222222222222222002000202000000110000000000000
00002222222222222222000000000000
00000000000010022222222444400010
000222222222222222222222222111
0100000002222222222222222220000000
0011224444422222442222224422222221111000000000000000
010000100022222222222222222221000
00000000000100000022222222222222000010
00000022222222222222222222220
0002222222222222222222222222222222200000000000000000000
0000022222222200000000
001100000012222222220010101000000
11000000000222222222221101
00000000010000001000000000000000111222222222222222222222000000000010000001000
000222220000000
000000000002222222222222222222222222222222222221111111000000000000000000000
0010000000000222222222222222222001000
1000022222000000
000000000000222222222200000000
00000222222222222200000000
101222222222222221111100
00000000000000000000002222200002022222220000
0000000000000000011000000000000000000000001222222222112222222222222222221000000
111000000000000000000000022222222222222222222222222222222222220000100010000010
00000112222222222222222222222222222222220220100000000000
00002222222222222222220000000000
00000000000000222222222211111022201000
00011222222222111111
0000000022222222222220000100000
0000222224444444220000
01001222222222222211101011
00000100000021222222222222222222222222222222222222222100000011000000110011
00100000002222222222100000
002222222222222210001
000002222222222222222222000000000
0000000001102222220000
11000000000222222222221101
0000000002222222222222110110010
00111000000000000000144444444444444444444444444422222222222444444444444444444
00000002222222222222222222
00000000000001002222222222200000104444444
0000000110000000110222222222222222222222222111111111110000000
000022222222222222211
0010000001000010000000000000011122222222222222222222222000100000000
44444444002222222222222020000
000000000002222222222222222222222222201101100
