00003333333333314444
000033333333333333302
000000000033333333333330000100
0111111333333333333333301100010000000
1000033333333333333111
0000000001003333333333333311
400010000003333333111100014
0333333333333333333333
0000000001333333333333330
333333333331111
000000033333333333300000010
00000000000003333333330000000000
00000333333333
40000033333333333333300000000000
00001100111103333333333333333
00000000000033333333333333330000000100
44000000000000003333333333333333333333333000000000
3000000001110000333333333333333
00000000010000000033333333333333333333001
003333333333333333000000
00000000000000010000033333001330010004444444
000000001100000000000001000000010333333333333333333300001100000000010000000
1144444444111033333330000011333333333333333333003300000000003300033333411101
00000000001441100133333333300
0000111101003333333333333333333333333333110000
40000001033333333333333000000000
0000000001000333333333333333333330000
111110000011444444444000444444000133333333444444443333333333333444444444444444
00111111113333333011111100111
01110040003333333333333333333333333111111111111111100000000000
0100001001444110000030444440333333333333330000000000
441003333333333333333330000000
00000000000001033333333333330010000
00000000000333333333333333330001
1444433333333333444000
00011144444033333333331144444
044444444400010103333333333333333334444
00111000000001100000000001111111111033333333333333333333333310001100000100000
100111111111333333333333330100000
1010000000033333333333333333330
004444444011003333333333333333333333333333333333333111111
000000111000000011000000000100000000110100010000033333333333333333000000100000
0001000114444111100010033333333333333333333333333333333333330111100000000000100
000001033333333333
00000010000101000000103333333333301000
0000000000000000000000110010000003333333333333333333333333333300000000101100000
000000111101010333333333333333333333333110101
11100333333333333333333333333300
0000333333333333300000
000010333333333333010000
333333333333333333333330000
00010000001000000000000000000000003333333333333333333333333333333300100
000000000100000033333333333333333330001000110000000000000000
1114444444444441333333333333333
0001000033333333333333333333333333333310000000
0133333333333333300000000
0000011144444444444444444413333333333333333333333333333333311111011444111110000000000
000114441103333333333333144444410
000010004444010013333333333333314440
00000000133333333330
333333333333333333333333333333333333333333333333333333333333333333000000000000
0000111410000103333333333333333334000
0000010000003333333301010000
000000110033333333333333333333333333333333333000000
33333333333333333333300010
000001100000111133333333333333333300000
0001000044444000033333333333333333
1111100000001011010114444334333333333333333333333333333333330000010000000000001
111100000111133333333333333333333333333333333333333331114
0000000000001000000003333333333333311010
01133333330001
00000000001000001113333333333333333333333333333333000
0000000000000000000003333333333001044444444
01000001000000103333333333333333310001
0000000000000333333333333333333333333333333333333333333333333333333333333311110
0000000033333333333333333333333333333333111100000000000010000
333333333333333333333333333333333333333333333333333333333333333333333333002011000010
0000000100010000001333333333333300004444444
010000000000333333333333333110
000101000010033333333333333401000110
00000010010000011100003333333333333333333333310
000444333333333333444400
100000010000333333333333311100
333333333333333333333011111
0000000000111100000000000000000010143333333333333333333333333333333331000000011
00000000000001003333333333330000
000100201100022222122133333333333333333333333333333333333333344044000033300010
10000000133333333333333000
4444444444440333333331111
000000000000010000333333330
100101103333333333333331111100011
00100101000010000000333333333333333001
111000100011333333333333333333333333333333010111
0000000010333333333333300100
0000000000000000033333333333333333333333333333333333333333333110000000
000000033013030333333000001000
000000333333333330000010
101010100110101011010100333333311100100
000000000000000000001333333333344444444
41111133333333333333333333330300001111000111111333333333111144444444444444
4444444444444444044440333333333333333333330040000
000000033333333333333010
0000001103333333333333100
00000100103333333333330000
100001010110001010433333333000001010
00000011113333333333333333
1000000000000333333330001
00000000000000000010000000000000001000010010333333333333333333333333000010
00000010010000333333300000000000
110113333333333301100
333310001100000000000333333333333333000001
0000333333310
1111333333333333111
10000000133333333333333300
00000000000000333333333333333333331001
10001133333333333333000010000
0000000433333333333333333333333333100000001000011110000000
000100000011144000033333333333333333333
104444101133333333333333333333333333333333333333333300
000033333333333333333333330001000
10011111111133333333311
40000000000333333333333330000100
010133333333333333333333333333333333333333000
00003333333333330
111111133333333333333111
0001333333333333333333333333333333333333331
0000001000010000000010333333333333000000
000110444000333333333333333331114444
000000000000000000000011000000113333110333333333333000110000001100000000110000
0000001003333333333100
000011133333333333333333
0400000004433333333333333044
00033333333333333111100
11111100333333333333114111
111011111110133333333333311
000000001444440400000044333333333333333333000000
000001100000111133333333333333333300000
00100000000000000013333333330333333
44444444444444444444444444443444433333333333333333333333333333333333333333333333344
0000100000000000000000011433333333333333333333333333330001000000000
0000000033333333333340000001
100000010333333333333330
0000013333333333333
0000004444003333333333333344444400
01440010433333333333310001000
0111101000100433333333333333333333333333331444440010100001
14401003333333333313004410
0000100000000003333333333333333333330100100
01001100333333333333333333330
001000001114444403333333333333333
001000000333333333333300000
0011000010010000001333333333333330
03333333300000001
00000001133333333333333100
00000000013333333333330000000000
0100000000000000000000333333301000000
000001110001000333333333333333330000000
01113333333333333311000000
000000011111103333333333311
4000000333333333333333333333000001
0013333333300
000000000000001000333333333333333333333333333333333333333333333333000000000000
000100000000004444444440000003333333333333333001000
000000110000001001103333333334000000000
013333333001
00000111113333333333333333333333333333333333333333333333333333333333333333330300
001110010000133333333333303020101100
1010444444433333333333333334444444
00033333333333333333333333333333333333333333333333333333333333333333333330000000
00001013333333333330000000
000001010000010003333333333330300
1001100033333333333333333100000000
00000000333333333333333333314000
001144444110100333333333333301444410
00111111033333333331444411
0001333333333333333310000
444444444444444444113333333333333333333333333333333333333333333333311111101
111101111000333333333333333333333333330111111111444
0000333333330000
44440000333333333333333333333333300000010
0000444000003333333330000000
00001000111333333333333110
000000000333333333333000000010000
11101133333333333311111011110
00111004444444433333333333333300
111000003333333333311
33333333333333333333333333333333333333333333333333333333333330000
00000333333333333333000000
000001111101111003333333330011101100
001110000000000110000000000001111110003330110031100000000011330011100000000111
00000114410033333333333333000000
00000001110000000033333333333333310000
1010003333333333333333330001000001001
00001000000001110000333333333333333300
111000100011333333333333333333333333333333010111
00000000144100013333333333333300
0000333333333333000330001000000
0310033333333333333333333333333333333333333333300000000000
111333443333333333330000
00000000000000000110000333333333333333
4444444444444444444000003333333333333333333333333333333333333334444444444444
000000111101010333333333333333333333333110101
00333333300000
00000033333333333330000000000
0000333333333333333333333300000000
11010011011333333333333311
33333333333333333333333333333333333333300001
000000001000000000033333333300014444444
0000444000003333333330000000
011133333333000
0000111333333333333331000
01000000001001033333333333300
001000000000000000000033333333331
11100000000100333333333333333333333333330111111110111111110
0110001133333333300100
000100000000004444444440000003333333333333333001000
010100000333333333310000
1000000001111111111033333333333344
0000004444441410033333333333333310
01000000000011101000000011100000110013333333333333333333333333333330000011001111
1141111111033333333333333311111111
000010000000000010333333333330011044444444
000141100000000433333333333333333333333333333333333310000000000000000000000
11001333333333331011
00333333333333333333000000000
1111003333333333331
00000333333333333333333333333333333333300101000010000
01000000000030100001000000000030
000000013333333333333333333333333333333333333333333333333333333331000000000000
0000000003333333333333300000000
333333333333333333333333333333333333333333333333333333333333333333333333333300011144
000000101000000000333333333333333
000001100000010110000000000001000001033333333333333333330000100000000001000000
000001033133333333333000000000000
00011110010133333333333000001
0000000000000001000110000100000001011113333333333333333333333333301100100010010
0011013333333331111
0000000000013333333333333333333310000
00000001033333333333333333300010100
11100001000033333333333
010011444333333333333333333333444333333333333311110100100010
00000333333333333333300
111111333333333333333311111
10111110333333310331044444444430102100000000001000001
00004033333333333333333333333300
000000100000000000000000000010000333333333333333333333333333330000000000000
10000111111444444441011111114443333333333333333333333333333333111111001100
01014144440011433333333333411001
0000000000333333333333333333333333333333333333333333111
000000000010333333333333333331000020
0000111101003333333333333333333333333333110000
00000000000000000000001333333333333300000004444444
00001000144444444441333333333333333331
333333333333333333333333333333333333333333333333333333333333333333333333333333
00000000000133333333333333
11111111133333333311
00000000033333333333333333333
