00100144444444400000000
0000000014444444444444444444444440010
0000000000000000444444444444440000044444444
000000001444444444444110000
44444444440
00044444444444444000
02000001144444444444444444444444444444444444444444444400000
00044444444444444444000000
000000044444444444444444000000
000000000000000000014444444444444444444444444444444444444444444444444444400000
00000000000100000000000000000011444444444444444444444441000100
00000100000000144444444444444444444444444444000000010101100001100001000000000
00000000001444444444444444444400001
00014444444444444444441000000000
000000044444444444044444
000000000000000444444444440000044444444
00000044444444444444440000
0100110011444444444444440000101
00000000000000001100444444444444444444444440000001000000011000000000000000110
0004444444444444444444444444444001000000000100000000000000020000
0444444444444444444444444444444444444410000000
00000044444444444444000000
0000000000004444444444444440
0044444444444444444444444444444444444444012010000010001002
111444444444444000000000000
0000004444444444444440110001111111111111
000044444444444444444444440
00444444440
0000004444444444444441100
01444444440
1000000000000000014444444444444444444444444444444444444441000000110000000000
0044444444444444444444440000
100100000000000001444444444444441100000
01001014444444444444444444444444444444401010
001444444444444444444444444444444444444440000000000000
00444444444440000000000
001000000000000010
00000000444444444444444444444444444444444000001001000000000001000000000000
00000000000011444444444444444444444444444444444444444444444444444000000000
00044444444444444444000
0004444444444444440
000000000444444444444444
000000000001144444444444444444444444444444444440000000001100
100000000144444444444444444444444444
000011000000114444444444441010
444000100044444444444444000000000
44444444400
000004444444444444444444440000
000000001444444444444444000
0001444441141111111111000
0000011000144444444444444444444444444444001111
00004444444444444444444444400
00014444444444444444000000000
0000000014444444444440000
0144444444444444444440
00000000000000004444444444444000004444444
0000000000144444444444444444444000
0010000044444444444444444400000
044444444444444440000
011000000011444444444444444444444444444000000010
0000444444444444444444444444444444444444400000000
044444444444444444444000000
44444444444444444444001000000
000000000044444444444444444444444444444444444444440
144444444444444444444444444000000000000
0000444444444444444444444444444444440000
004444444444444444440000001000000
00000000444444444444444444444000
0000000000004444444444444400010
000000000044444444444444444444444444444444444444440
000000000144444444444444444000
000000000000000000001444444444444444444444444444444444011101011001000000000000
010000011111444444444444444444444400
000000444444444444444444444144
00010000014444444444
00444444444444444444000000
00000014444444444444000000
4444441111114441111111111111111100000000110000000000000
0010000100144444444444444000100010
0000001000100011444444444441000100
01144444444444444444444410
114444444444444444444444444440
100000144444444444000
01001014444444444444444444444444444444401010
0000000044444444444440000000010000
13441144444444444444444444
00004444444444444444444444444444411100001
000000044444444444444444444000001000
00044444444444444444000
00000000000144444444444444444400000
44444444444444444440000000001000444444444444444444444444444410
000000000444444444444444440000000
4444444444444444000
000044444444444444444444444444444444444444444444444444444444444444400000000000
11114444444444444444444441
01044444444444444000000000
0000000000044444444444444001111
00000111444444444444441
00444000113333333334400000000
0011444444444444441
0000010044444444444444000
0000000000000001444444444444040000044444444
40000100100444444444444440000
0001444444444444444100000044440
00040004444444444444440001
444444444444444444444444444444444444444444444444000000000000000000
044444444444444440000000
000010014444444444000001
111111001444444444444444001
0000000044444444444444444444444400000
00000044444444444444444
444444404444444444440000
000144444444444444444444444444444444444444444444444444444444444444444444444440000
0010000000144444444444000
0000444444444440000000
0000110000014444444444444001
00004444444444444444440000000
01000000444444444444442
000000014444444444444444444444000010
00000044444444444440000000
00000000100000000014444444444444444444444400000000000001
100001001444444440000000000001000
1000100000444444444444444444440
00144444444444444400010
0004444444444444444444000000
00000000000444444444444444444444444444444444444444444444444444444444444444444400
1000004444444444440
0000000000010444444444444444444444444444444444444444444444444444400000000001
0000444444444444444000
000444444444444444
0000001444444444444444444444444444444444444444444444444444444444444444444444440000
00000144444444444444100
00014444444444444444440100000000
01104444444444444444444444444444444444000100000000000000
000000000000010011011111111111111000000000
0000000010144444444444444444444
0000444444444444444000
000014444444444444400000
0000014444444444444440000
0044444444444444444444444444444444410010
0000001000044444444444444444441000
00000004444444444440000000
01000000000104444444444444444400
0000444444444444444400010
0000000011444444444444444444444444444444444000000000000000
11444444444444444444401101
000000000444444444444444000101000
14444444440000
000444444444444400
01001000000010000000010000000000000011111144444444444444440100000010000000
00000004444444444444100
1444444444444444444440000000000
010001104444444444444444400000
0000000000144444444444444444
00000001000014444444444444400044444444
00144444444444444400000
000001444444444444444444444441
0044444444444444444444444440
1000011001110014444444444444444440
00000444444444444444440000000000
00000000000000000000001044444444444444444444444444444444444444444411000
1011110000000004444444444440000
111444444444444444444444440000011444444444444444444444444444444100
11144444444444444444444100000001444444444444444444444444444444440000
40210001101144444444444444444444
0010014011110000
00100000100444444444444444444444
00010001444444444444444441
4444444444444010
00000011011044444444444410000
000000000000000044444444444440440000044444444
00144444444444444444444000000000
44444444444444444444441111010
00000000011444444444444444444444444444444444444444444444444444444444444444
000014444444444444444444444444
44444444440000
20444444444444444444444444444444444444444444444400000000
010100001144444444444444444444111100011101000
00000444444444444441000000
400044444444440401444444444444444444404
0000044444444444444444444400000000
000044444444444444444400100000
100114444444444444444444444441441444110100000000000000
0114444444444444000000
0000044444444444444440000000000
000000004444444444444444440001000000001
00004444444444444444444444444444411100001
004444444444444444444400
01011000000000000010000000000000001144444444444444444444444444000000000000
1444444444444444411111
0000044444444444444444444440001
000000444444444444410001000
01444444444444444444444
014444444444444444444444444410440000001000000010000000100
00000444444444444444444440000000
444444444444444444410000110000
000100000044444444444444444444444400
0014444444444440
10000000001444444444444440000
00000444444444444444444400000100000
000000000000000004444444444444444444444444444444444444444444444444444444411000
0000014444444444444444444444440000001
00000000044444444444444
00000100000110010000000000000044444444444444444444444444444444444401000000000
00000444444444444441
00000114444444444444400000
000000014444444444444444400010001
0000000014444444444444444100
0044444444444444444100
000144444444444444444444444100010000
444444444444444444444444444444444444444444444444444444444444444444444444
00000000044444444444444444401044444
0011100100444444444444444001000
0000444444444444444411001
00000010044444444444
00000044444444444444444440000000
00444444444444444440001
11000114444444444444444444400
144444444444444444000040
000000011144444444001000000
10000000000004444444444100100
0001444444444444440000
000044444444444444440111000
11444444444444444444401101
10000044444444444444440010
00000000000000000100000014444444444444444444444444444444444444444444410000000
0144444444444444444444444444444444444000000
000000144444444444444444440000000
00000011000144444444444440011
000000001014444444444444444000
00000144444444444444000000
0000110000014444444444444444444400
000000000014444444444440011
001444444444444444444444444100000010000000100000111111
0003333344444444444400000000
0011011144444444444400
14444444444444444444444444444444444444441000000000
0100100144444444444444444000000000001
4010000014444444444444444444444
000100000444444444444444444444444444444444444444444444444400010000
00144444444444
0000014444444444444444000
00001044444444444400000000
00000014444444444444444440000000
100011444444444444401
0000103344444444444444444
00444444444444444444444444444444000000010000000001010000
0001444444444444444400
000444444444444444440000
000014444444444444444444444444444444444000
101110001444444444444
0014444444444444444444444444444444444444444444444444444444444400000100000000000
0000000000044444444444444400000000
101000100044444444444444444444444444444440000000000010
00001444444444444444001000
0000000000444444440000
00000000000114444444444444444000000
00000100001044444444444444444
444444444444444444400000000000000
0000000004444444444444444440001100
10000014444444444444440011
00000044444444444444444000000
4410011100044444444444444444440
0004444444444444000001
000004444444444444444444444444444444444011000000000000000
00014444444444444441
0000114444444444444444
000000000000444444444444000000
000000000000000444444000010000004444444
0000000444444444444444444400000000000
00000000000000444444444440440044444444
4444444444444444444444444444000041111000011100000011111
00000000000000000000000000000001000100014444444444444444444444444444444444444444
011000000000001444444444444444444444444444444444444444444110000110
001014444444444444444444444444444400000
000144444444444444444444444400000
000000000000004444444444444444444444444444444444444444444444444444444444444000
0010000000014444444444444440
00001011024444444444444440
00000100000000000001111444444444444444444444444444444444400010001000001000000
000100000144444444444440001
04444444444444444440000000000000000000
0000144444444444100
0000100000001000000000000000000111444444444444444444444444441100000000001000
014444444444444444444444444411
0000000000000000000014444444444444444444444444444444444442211001000000000
4000000144444444444444444011
00000000000001444444444444444100
000000044444444444444444410000000
001000011444444444444444444440
001444444444444401
000000000000000000001114444444444444444444444444444444444444444000000
000004444444444444400
0004444444444444444444444100100000
000000114444444444410000000
10000001114444444444444444444444444444444444444444444444444444444444444444444000
0000000000144444444444444444444000
00000000001444444444444444444400001
0000014444444441
101000000000000444444444444444100001
00000000144444444444444444444444444444444444440000000000
001444444444442
004444444400
000000010000000000000001000000014444444444444444444444444444444000000000
00000000014444444444444444444400000
00000000144444444444444444410001000
00000100001000000001000000000000001444444444444444444444444441001000000100000
00100110104444444444444444444400100
0000000114444444444444444000000
00014444444444444444444444441
0000000000000004444444444444400000044444444
100000000144444444444444444444444444
0004444444444444444440100000
0014444444444444444444444444444444444444000000000000000010000
04444444444444444440000010000000
0001000000000114444444444444444444444444444444444444444444444444444410000100
000010004444444444444444001
44444444444444444444444444444444444444444444444000000000000000000000000110
000144444444444444444400000100000
00100000000001444444444400000
40444444444444444444444444444444444444444444444444444444444444400000
44444444444000004444444444444444444444444444444444444444444444401000000000
44444444440000
001444444440000
01444444444444400100000000
0000000000000000000100000010000
00100014444444444444400001
00000444444444444444100001
101100000044444444444444410100000
00000444444444444444000100000001
0000100104444444444444444100
0000144444444444444444444411
01000000444444444444444444100
00044444444444444444410001
000000000000004444444444444000040004444444
00000024444444444444440
00000144444444444440000000
044444444444444444444014440
014444444444444444444444444444440000000000000000000000
00000100000000000000000001000000000000000444444444444444444444444444444410000100
00000000001444444444444444444444444444444444444444444444444444444440000010000
00000000444444444444401
11110444444044444440000000
000000100014444444444444410010
00000444444444444440000000
0001444444444444444000000
00001144444444444444444000000000
01001001444444444444444000
14444444444444444444444444000
00000000000144444444444444444010
00102000101000011111111000000000000
10144444444444000
001444444444444444444444444410
000444444444444441000000000
011000000011444444444444444444444444444000000010
000001444444444444444000000
000000000000104444444444444444000
0000000000000000000000001444444444444444444444444444444444444444444444400040
00444440000000000
01000000144444444444440001
00000000000000000001114444444444444444444444444444441000000000
4444444444444444444444444444444444444444444444444444444444444444444410000000000
00100100000044444444444444444444444444444444444444444440010011
0001100000100000000100000000000000011114444444444444444444444444441110000000100
00000000000004444444444444444444444444444444444444444444444444444400000000
000000000044444444444444444444440000100
000000014444444444444444444444444444444444444444444444444444444444444444000001
0000000001044444444444444444
10010011014444444444400
000014444444000
0001444444444444444444444444444444444444444444444444444444444444444444444444000000
100000004444444444444444401000
0000001444444444440010000000100
44444444444444441
000014444444444444444444
100000044444444444444444000111
100000000104444444444444444011000
0000000044444444444444100
0044444444444444444444
0144444444444000
1110111111100001110000110444444444444444444444444440011111011000000000000000
00000044444444444444444
10044444444444444444444000000000000000
000000000000000044444444444440000044444444
00444444444444444001110101100
00000444444444444444444444444444444444010000
000001444444444444444400010000000
0000004444444440
0100044444444444441000
00000001444444444444444100000001444444444444000000100
011444444444441100
10000110000000000000000000000000000444444444444444444444444444444444444444000
044444444444004000000
00110000044444444444444444444
000100001444444444444444000000000
0000000044444444444444444444
000000444444400100010010000
00000000000004444444444444444444444444444440000001000000001100000100000000110000
000004444444444444444
0000044444444444444444444444444000
000000444444444444444441
0000000004444444444444444444444444444400010000000
01000444444444444444010000
0144444444444444400000000
000000000000044444444444444444444444444444444444444444444444444444444400000000
004444444444000
1444444444444444444444444444400
100044444444444444444441
00014444444444444440000010000000010000
0000104444444442040000001
1010014444444444444444444440
000100001001444444444444400000001
00000000144444444444444444444440000000
000000000011444444444444444444444444444444444444444444444444444444441001000
000001444444444444444444100000000
000144444444444444440000000000
0011110000000444444444444444444444444444444444011001101102200000100002022111
11000000022220021444444444444444444444444444444410001100011000000000000000000
000004444444444444444444400000
000000001444444444400044
44044444444444444444444444444444444444
0144444444444444444411
0000000000000144444444444444400000
0000004444444444444444444444444440011010001001000000001
444444444400
044444444444444444444444444440004400110000
00000000000004444444444444444444444444040
444444444444444444444444444444444444444444444444444444444444444440
000001444444444444444444000000
000000044444444444440001
0001444444444444444444444440000
00000144444444444444444444444444440020000101011000010010
00000014444444444444401010000
000000011444444444444444414444444
000044444444444444444444444444444440010000000000
0000000000011444444444444444444444444444444444444444444444444444110000000000000
000444444444444444444440
1100111101444444444444444444444444441011001
0044444444440
000444444444444444000000000
0000000000144444444444444444444444444444444444444444444444444444444444400000
1100111101444444444444444444444444441011001
0000000000000044444444444444000044444444
0000444444444444400000000000
000001444444444444444440
00000104444444444444444100000
1000000104444444444444400100000
00001444444444444444444444000
000000000000444444444444440000004444444
000000004444444444444444000010
44004444444440000000
000000444444444444444444
0100000000000000004444444444444040044444444
0000444444444444444444444444444444440000
044444444444444444444444444444444400001000000000010000001
00000000001100000001044444444444444444444444444444400000110000010000000001100
40000004444444444444000
100000044444444444444010000000
0000000004444444444444000000110000
00000044444444444004000
111111111000001111111111111000004444444444444444444444444444444444444444411
000111114444444444444444444444444444444414444444004444444444444444410000000
000011000044444444444444444444441
0000444444444444444000
0000014444444444444444444444444444444444444444444444444444444444400000000000
000010000044444
011011111110000
11000000000000001044444444444444444444444444100000010000000000000100000100000000
444444444444444444444444000000
0010000011444444444100100
444444444444444444444444444444444444444444444444444444444444444440000011000000
000004444444444444440
010000000001044444444444101
0000000000000000011144444444444444444444444444444444444100000011000001000000001
0000011000144444444444444444444444444444001111
40014444444444444444444000000000
00000004444444444444440000010
014444444444444444444400001000000
00000044444444444444400000000
000000000000000444444444000000004444444
000444444444444444401010
000144444444444444444444444444444444100100000010000100000000
01000010000000100000000000000000000100000000000444444444444444444100000000000
00144444444444444440
4444444444444444101111
000000004444444444440000
000000000000000004444444444444444444444444444444444444441011100001
00000444444444444444400000100
00110444444444444444444444444
11000000000000000000000000000000000010044444444444444444444444444444444411110001
01100000000000000011000011444444444444444444444444444444410011111011011110111
000000000044444444444441000000
001014444444444444444444444444444400000
000000000000144444444444444444000
00000000000114444444444444444444444444444000110000011000000000000000000001
000044444444444444411110
0100100000441444444444444444444100400000
00000000014444444444444444444400000
1100010000000000010444444444444444444444444444444444000010110111101001101100111
1000000000004444444444444400000
000000144444444444444444444000000010
00144444444444444444400000000000
0000000014444444441000
00044444444444444400000000
0000001444444444444444400000000
0000000000000044444444441444440044444444
00000010444444444444444444444444444444444441000100000020
00104444444444444444444444444444400000000000000000000000100
000444444444444444440100
