111111111111111111111111111111111111111111111111111111100011111111111111111111111110111111111101111111111111111111111111111111111111111111111111111111111111111111111111111111111111001001111111111111111111111111111111111111111111111111111111111111111111111111111111111111111110001111100000111111111111111111111111111111111111111111111111111111111111
00000000000000000000000000000111111111111111111111111111111101000000000011111100000000000000000100000000000000000000000000111111111111111111111111111111111111111111111111111110011000000011111111111000000000000000000000000000001111110000000000000000000000011111110000000000000000000000000000000111111111111111111111111111111111110111111111111111111
11100000000000011111044444444444444444444444444444444444440000111000010000001011011111000101101011101100111004444444444444444444444444444444444444444444444440000000000000001111111111111111101111111111110001111111110101010010000100110444444444444444444444444444444444444444444444000001000000000000100001010001100000000000000011111111110000
000111000000000000000000000000000000000000111111000100000000000000000000000000000000000000000000000000000000000000000000000000000000000000111110100000000000000000000000010000001000000000000011110110110000000000001000000000000000000000000000000000000000000000000000000000000000000000000000000000000000000000000000000000111
10444444444444444444444444444444444440000010000011111111111111111111111111111111111111111101101111111111111111111111111111110444444444444444444444444444444444444444444440000000001111111111111111111111111111111111111111111111111111111111111111111111111111111111111111111111111111111111111111111111111111111111111111111111111111111111111111111111
00010111100000000001001100011111101001333333333333333333333333333333333333330111111101000000000001111100000111000100010000111111110000000000001000000000001111111010000101110000000001000010000000100000000000000000000000000000000011000000000111333333333333333333333333331010001111111110000000000011111111000000110101111111110
00000000000000000000101111111111111111111010100000000333333333333333333333333333333333111111111111111111111111111111001000000001111111011111001100000000000001011111011100011000000000000000000000100000000000000
11111111101111111111111111111111111333333333333333300000011000110100000011111111111111111111111111111111111111111111111111111111111111111011111111111100001113333333333333333333333333333333333333333330011111111000000001111111111111111111111111111111111111111111111111111111111111111111111
0000000000011111111111111111133333333333333333333333333333333333333333333311111111111111111111111111111111111111111111111111111111111111111111111111111111111111111144444444441111111111111111111111111111111111111111111111111111111333313333333333333333333333333111111111111111111111111111111111111111111111111111111111111111111111111111111111111111111111111111111111111
00000111111011114444444444444444444444444444444444444444444444444444000101111101001111111111111111111111111110000100111111111110001111011111100101444444444444444444444444000101011111111011111111111111111111111111111111111111111101011111111111111114144444444444444444444400111110111111011111111111111111111111111111111111111101000011111110
000000000001111111000000000000000000000000000000000000000000000000000000000000000000000000000000000111222222222222222222222222222222210111000000000101011010000000000000000000000000000000000000000000000000001222222222222222222222222222222222222222222222222011110111100000000000000000000000000000001111110000000000000000000000000000000000000000000000000000000
00001000001111110010010110001111111111110010110000000001001100011100000000011111111111111111110111110000000000001111110111000000000010101111110100000011111110000044444444444444404040000000000000100011111011111111111100100000000000000000000000011111110011111101000010001011111111110111111110000110000000000000000000000000
00000011111110000000000000000000000000000000000000000111111110010000001000000000000000000000000000000000000000000000000000000000000000000000000000000000011111111110000000000000000000000000111000000000000000001111110000001000000000000000000000010000000000111111000000000000000000000000000011111000000000000000000000
11110111111111111111111111111113333333334444444444333303344133333331111111111111111111001111110000011111011000111111111110000000000000001111100011111111111111111111111111111111111111111111133333333333333333333333333111111111111111111111111111111101111110111111111111011111
1111110000011111111111111111111111111111111111111111111111111111111000111000000011111000000100000000101000010101000111110000000000011111111111111111111111111111111111111111111111111111111000001000000000011000011100000000000000001100000000000000000000000011111111111111111111111111111110110000001101000000000000000000000000000
00000000000000000000000000000000000000010000000000000000000000000000000000000000000001111100000000000000000000000000000000000000011111111000000000000000000000000001000000000000000000000000000000000000000000011111110000000000000000000000001111011000000000000001111110000000000000000000000000000000000000000011111111111111111111111111111111111111111111
1101000100000000010000011111101111111110001111001110011001000000011111110000011111000000001111111111101000011111111111111111110111011111111111111111111111111111111111111111111111000000100000000011111111000011111111100111111111111111111111111111111101111111010001001000000000000000000000000001011
000000000000011111011110000011001111111111111111114444444444444444444444444444444444444444111111111110000000000000000000000000000000100011111111111111111111111111111111111111010011000000000000000000000100000011000000011000000000000000000000000011110010000000110001000000011110000110000001100011111000001000000000111100111000000110110011110000000000000000000000000000011100
00011111111110001001000000000000000000000000000000000111144444444444444444444444444444444444444444444444444111111111111110100111111100111000010000101111111111111111111111111111114444444444444444444444444444444444444444444444444411111111111110000000100000000000000000100000000111001110011111111111111111111111111111111333
000010000011000000000000000000011000000000011111111000000004444444444444000000001101111111101000000000000000000000000000000000000000000000000000011111100011111111110101111111111111111111111111111111111000000000000011000000000000000100010110110000111111001111011000000111111111111111111111111111111111111111111111111111111111111111111111
000000001000001111110100000000000000000000000100000000000000000000000000000000102222222222222222222222111111100000001110010000110000000000000000000000000000000000001
1111111113333333333333333333333333333333333333333333333333333333333111111111101011111010111011111111111111111111101010000000001111111111111000001100111111111111411433333333333333333333333333333333444444444144444411111111111111111111111111111111111111111111111111100111001111111111111001101110011001100011111000000000000001
111111111111111111111101000000000000000000011111000000000000000000000000000000000000000000000000000000000000011111111111111111111111111111111111111111111111111111100000000000000111111000000000000000000011111100000000000000000000011111110000000000000000000000000000000000000000000000011111110000000000000000000000000000000000001111
0000000001111014444444444444444444444444444444410111111000001111111111111111000000000000000001000000111111110044444444444444444444444444444444444444444411001111111111111111111111111100000001111111111111101000000000000000000000010011111144444444444444444444444444444444444440010111111111111111111111111111111111111111111111111111111
0000000000000000011111144444444444444444444444444444444444444411111111111111111110000000000000000000000000000000000001110144444444444444444444444444444444444444444444444444111111111100000110000000000011111111000000000100000000000111111111000110000000000000000001101110000000000000000000000000000000000000000011111111111111100100000000000000000001111111110011000000111111111100000000000000
1111111111111111111111111111111111111111111111111111111111111111111444444444444444444444444444444444111111111111111111111111111111111111114444444444444444444444444444444444444444444444444444444444444444444444441111111101011111111111001101111000001111111111111144444444444444444444444444444444411111111
10011101111111111111011111101111111111110100000000000000000000000001111111110111000000111111111111111111111111111111110001000000000000111111144444444444444444444444444444444444444111111111100000000000010000000000000111111111144444444444444444444444444444444444444444444444111111100000000000000000000000000
00001011111111144444444444444444444444411111111111101111100000000111100000000444444044444444441110000000000000000000001111111444444444444444444444444444444011111111111000000000000000000011411004444444444444444444444444444411100000001011111111111011111110101111000000001011111111111111111111111111111111111111000100001000101000000001011100011111111010110011011011110
44444444444444444444444444444444444444111111001100111011111000110001111000010100000001011111111114444444444444444444444444444444444444444444444444441111001101100111111111111111110001010000111122220001000000000000
01011111111111111111111111111100001011000000001101000000101000000010001111133333333333333333333333333333333333311111010010110000101111000000001000011111111111010011001001010000000000000000000000011111111000001000100011010111110110000000101000000000000000000000033003333333333333333333333333333333301001111111111111111111
00000000000000011111111111100000000000111111111111111111110111100000000000011111111111111111144444444444444444444444444444444444444400100000001111100001111111111111111110010000000000000000010000011111111114444444444444444444444444444444444444444444444111100011111000000111111111111111111111111111111111111111111111111000111111111111110111111111110111110000100000111111111111111111111111111111111111111111111111111111111100
000001010111111111144444444444444444444444444044444444444011111100000000111110011111111011111111111111111111111110110011111144444444444444444444444444444444444444444444444444444444444440000000002000111110001111111011111111111000100111000000111110111111000000010101111111110001111111111111111110001100111110111
00000001111111011111111101111101111101111010101111111111100000000000111000000011000011111100001110001110000000000000000001000011111010100000000000000000000001111000010000000010000000000000000000000000000001100100000001111111000000100011011111111111001111010001100000000000101000000000111111111000000000000000000110011011111000001000000011111111111111
11111111101111111101111111111110111111111101101101111111111111111111212222222222222222222222222222222221111110111111111111111111111111111111111110101111111111111111111101122222444444444444444444422222222111111111111111111111111111111111111111011111111111101001110111011111111111111111111111110011101001111110001011111111101111111111111
000000000010000000000000000000000000000000000000000000000000000000000000000000000011110101000000000000000000000000000000000000000000000000000000000000000000000000000000000000111100000000000000000000010000000000000000000000000000000000100000000000000000
144444444444444444444444444444444444444444444111110110010000000000000000000000000000000000000004444444444444444444444444444444444444444444444444444444411101000000000000000000000000000000000000000000000000000000000001111144444444444444444444444444444444444444444444111110000000000000000011011111111111111111111111111
111111111111111111111111111111111110000000000000001111111333333333333333333333333333333333333333333330000000000000000000100000000000000000001111111000000100000000000000000000000000000000000000000001111111110000000000000000000000000000000000000001111111100000000000000000000033333333333333333333333333300000000000000000000100
1111111111111111111111111111111111111111111101111101111101111111111111111111111111111111111111111000000000000000000001111111111414111111110011011111111111111111011111101000000000000000000000000000000000000111111110000000000001111111111111111111111111111111111111111111111111101000000011111111111111111111111111111111111111111111
0000000000000011111111000000000000101111111111100111111111111111111111111113333333333333333333333333333333333333311111111111111111111111111111111111111111111111111111111111111111111111111111111111111111111111111111111111113333333333333333333333333333333333333333333333333333333331111111111111111111111141110411010010000000010111111111111
1111111111111111111111111111111111111111111111111111111111111111111111111111111100101111111111111111111111111001111111111101111111111111111111111111111111111111101100011111111111111111111111111111111101111111111110000000010111111111111111111111111111111111111111111111111111111111111111111111110000000011111101111111111111111111111111101111110111111111111111111
1111111111111111111111111111111111111111111111111111111111111111111111111111111111111111111111111111111111111111111111111111111111111111111111111111111111111110110111111111111111111111111111111111111111111111111111111111111111111111111111111111111111111111111111111111111111111111111111111111111111111111
11110111101011110111111111111111011000000000000111111011111101011111111111111111111111111111111111100010001000011111111111111111111111001011111111100110111111122111111101000111111111111111111110110101100000011111000001111010100000011010001100110100111111111110111111111111211111111111110012001111111111111111011111111111111111
1111111111111444444444444444444444444444411111111000001000111111010000111111111110111111111111111111111111111111111111111100011111111111111111111444444444444444444444444411111111111101100111011110110000000111111110111111011111111111111111111111111111101000111111111111111111111111111111111111011111111111111111111
000000000001111100000100011114444444444444444444444444444444444444441111111110011001000100001010011011010110000000111111114444444444444444444444444011101001101000000000000000000000000000000000000000000000000000000000111111111111011111114444444444444411111411111111111111111110111000000000001111000
0100001000000000000000000000000000000000000000000000000000000000111111100000000000000000111111111111110110011111111111110110111110100110001011000100000000000000000011110000010111010011110000011100000000110000000001000000100110000000000000011000001000101010000000001100000000000111111010000000000011110000000000010100000100110000
1111111444444444444444444444444444444444444442111111111101111111111000111111111111111111110001100111111100111001114444444444444444444444444444444444444444411111111101000100000000000000000000000000000000000000000000000000000000000000000000000000000000000111111144444444444444444444444444444444444444441111111110000000000000000000000000000000000000000
000000000000011000001111111000000010000000000000000000000000001111111111111114144444444444444444444444444444444444111111111101100001000100100000111110000100100100000000000001111111111111444444444444444444441111111111100000000000000000000000000000000000000000000000011111111111111111111111111111000000100
1111110000000000000000000000111110000000000000333333333333333333333333333333333333333333333333333333333000000011111000000000000000011111000000000000111111111111000011111111111111111111110001111111100101101111111111111111111110111111111111001001110100111111111111100000011111111111111010111111011111111111111110000010010001000000001000
00000000000000000000000000000001111111144444444444444444444444444444444444014411111001100000000000000000000001100000000000100000000000111114444444444444444444444444444444444444444444444444441111111011101000010000111111111111111010000000101000010110110110111111011111111111111100111011100010010010011100000010000010001111111111100111111110000001000000000000000000111111111111101101000010000000000000001111110
11111111222222222222222222222222222222222222222211111111111111111111111111111111111111111111111111111111110101111222222222222222222222222222222222222222222221111111111111111111111111111111111111111111111111111111110000011000001000011111111111111112222222222222222222222222222222222222211111111111111111111111110111111
100001001100000000000333333333333333333333333333333333333333333333333300000000001111100000000000000000000000000000000000000000000000110000000000000000000000000000000000000000000000000000000000333333333333333333333333333333333300000000000011111000000000000000000000000000111100000000000000000000000010000000000111100000000000000011000000000000000000000000000000000000
100000000000000111111110001111001000011111111110101000011000000000000000000000000110010111111010010000111111111111111111111111111111111111101111111111111111111111111111101101101011001111101111111111111111111111111111111111111111111111111111111111111111111111111111110111101111000000111111111111111111111111111
1111111111111111111111111111111111111111144444444444444444444444444444411111111100000001111100000000000011111100000000001000111100000010000111001101000001000011444444444444444444444444444444444444444444444444444444440001011011000011111111111111111111111111111111111111111111111111111111111111111111111111111111111111111111111111111
01111111111111111111111111111111111110111121222222222222222222222222222222222222222222222211111101011100011111111111111011111111000011111001011111111111111110111111111111111111222222222222222222222222221110111111111111111111111011110100100000000000000000000110000000000000000000000000000001110000000000001
000000000001111111111111111111111111111111111111111111110110111111111011010100000010111100000100000000001111111111111111111111111111111111111111111111111111111111111111111111111111111111100111100101111111110001011110000000000100001111111111111111111111111111111111111111111111111111111111111111111111111111111111111111111111
0010000000000011112222222222222222222222222222222222222222221111111111111111111111111111010101101100000000000000000000000000001111222222222222222222222222222222222222222222222222222111111111100000000000000000000000000000000000000000000001100000100111000000000000000000000002222222222222222222222222222222222222222222222222101111111101000000010010000000001000
111111110011111111111111114444444444444444444444444444444444444444441111111111111111111111111111111110000000000000001000011111111111111133333344444444133333433333111111111111111110101000000000000000000000000000111111111111114144444444444444444444444444444444444444444444444411111111100000000000000000000000000000100000000111111100000000
0010101000011110011000101111111111101110000110000001111111111111111111111111111111111111111111111111111111111111111111111111111000101111111111100010111000000011100111111110000000000000000000000000111010000000000000100000001011110110011000000000110110111000111000001000000000000000000000001000001111101110111111111
00001000001111111111114444444444444444444444444444444444444444444444444401101011111111100000010001100000000010111144444444444444444444444444444444444444444444444444444444444411101111110110010000000000000000000000010001110111111111114411111111111001111212112211111111110111111111101101110000011111110100000011100001
11004444444444444444444444444444444444444444444000111111111111111111111111111000100000111111111111100011110004444444444444444444444444444444444444444444444001111100111111111111111111111101100000100000111111111111111111111100000000111111101000001111100444444444444444444444444444444441111111111111111111111111111111111111
11111111111111111111111111110000100333333333333333333333333333333333333300011111111111111010000000000000000000000000000000000000000011111111111000000000000000000000000000000000000000000000001101113333333333333333333333333333333333333333333300000000011111101111111111110111111111111010100011111111111110001100000000000000000000000000000000000000000000000000001111100000000000000000000111111111111111111111101
00000000000011111111444444444444444444444444444444444411111100000000000000111110000100000000000010000111001011110000000001111111041444444444444444444444444444444411111110010010000100000001000000000000000001111100110000010000000000010000000001111111111144444444444444444141111111111111111001000001001000000001000000
1111011111011000000011111100000010111011111111100111010011000000000000000000000000011114444444444444444444444444444444444444444444411111111110111111111111101010100010000100000000000000000000000011144444444444444444444444444444444444444444444444444444444444441111111110010000000000000000000000000000010000000000000000000
0000000001111111111111111111111111111111111111111111111101111111111111111010011000000000000111100010000000000000000000000000000111111111111111111111111111111111111111111111111111111111111111001000100000111111111111001000000000000000111111111111111111111111111111111111111111110100001111111010111111111111111110101101
1111111111111111111111111111111111111111111111111111133333333333333333333333333333333333331111111111111111111111111111111111111111111111111111111111111111111111111111111111111111111111111111111111333333333333333333333333333333311111111111111111111101011111111111111111111111111110101000010001101111111111001111110111111111111101011000000100111111111110001111110001000000001100
1111111111111111100000000011110111111333333333333333333333333333333333333111111444444444444444444444444444444444444444444444444444411111111111111111111111111111111111111113333333333333333333333333333333333333333333333333333333333333333333311111111111111111111111111111111111111111111111111111111111111111111111111111111111111111111111111111111
001111111101101010110111404444444444444444444444444444444444444444444444444444444444444444444444444411111000011111111111111111111111011010000000000000000000000001000100000001000000000002111111111111111111111110000011111111110000000000000000000000000011111111111111111111111111111111111111111111111111111111111111111
111111111111111111111110000000000001111111100000000000011111111111111111111111111110111111111111110111100001110111110101111000011111111100000000000000000000000100011111100000001111111111000000000000000000000011111111000000000001000000000000001111111111100000011111111111111111111111111111111111111111111111011110111111111111111111110000000010000000111
000000000010110010001111114444444444444444444444444444441441144444440110104111110011100001011111110010000001111110010000000000011111111144444444444444444444444444444444444444444444444444444444444444111014141110000111111111111110010000000000000000000001111101000011111011111111111110000000
