222202220002000020202202220000020220222000022002022222220002222000000202200020221000220020044444444200000000022010202000022000202000020020202002000200020220222020000
2200202002202020000000022020000002002202202002002202000022022000002022000000020021022202220221022444044444444444444444444444444444444444444444444444444444444444444404444444444422020222100001000002100002200020000200000000200202220020000020002002202200200002000022020202000000
0000000000000220202222022220022222222222222222222220202222222220200000000000000000000000000000000000000000000000000000000000002202022222222222222022022222222222222222222222222200222222010000000000000000000000000000000000000020002000020000200000000000000000000000000000002220222022222022022222222222222202222222222202222222200002220202000000000200000000000020
010212200222222222222222222222222202222222220200020002222222201222022102202222102222202222212111212212021222222424400404404200222022022222212222221012111202222222222222222100121020102200222221021122222222220220222222222222222222222221222222020202202000000000000000000020000000000020000000200000000000020000000000000000
00222221222220222202202222222222222222220222220102020000110000000001022011001000100001001000101000000000201000220002002001011101012200102212120112000200120102022220000011010010001012100100100000000000000100020020001010020200000000200020110202000100012120110200000122002000200222122200220000222200200000002201010010002
000000010010000002222220222244444444444444444444444444444444444444444400440444444444444444444444444004004004440222022202222444444444442222444444444444444444022222222444442222222222002022222022022000200000000000201200000000000000000200020000000000000000000000000000200000002020000000001200002002000000002020000000
002000000000000000000000000000000000000000000000000000000000000000000000000000000000000000002000220020222222222222222222222222222222000020000000000000000000000000000000002000000200000000000000020002000002022222022222222222222222222222222222222222222222222202200000000000000000020000000000000020001000220002000000000000000020000000000000000000200000000000000
000000000000000002022222222222222222202222222222222222222222222222222222222222222222222222222222222222222222222224002000002200002002222222022222220220222222222222222222222222222222222222222222222222222022222200000000000000000000000000000000000000000000002000000000000000000000000000000000000000000000000000000000000000000000000
11101000100011010121000100000010101012110020221221000220022221121212210200222200224244422102222202220221012222002220020002000000220222000020222221100222202200020222002022222220020010120210200002200000004000000000001020002000000002222222020002000200020100000000100101010000000011101100001000200002000001000020101000010010100210110000001
00000000000000020222222020222222022202222202222222222222222222222222220222222222200020000020020020000000000020000202000000000002222222222220220202000220020000220200220002222220200220022022000202000020200220000022002200222002222222000202220200202202202022002222200202002220002022022222220200200200222000220000000202000220022022
