0111011100101100110111010010110000000000000000000000333333333333333333333333333333333333331111111020111001000000000000000010001011011100110010001000200000000000000000000000000101101120001000000000333333333333333333333333333333331111100001000010000100010000010111010000011111000000000000000000000000000000000000000000100000000000000000000000011110000000000000200000000020000000
00010001000100100001111010100001110111010100000100000001033033333333333333333333333333333333333333333333333333333333333333333333333333333333333333333333333333333333333333333333333333333333333333333333333200011110110001000010100111111011101111000111010101120010101100100110111001210010001211001101100000000110010000000001100001000000000000000000000000000000000000000000000
00101122200101011101101000000000000000000011101110011111111100000000000000111010011111111000000000000020000002020303333333333333333333333333333333333333333333333333333333333333333333333333333333333333333333333333333333333333333333333333333333333333333300000000002000000000000000000000000000000000000000000000
0000000100011010001040004444444444444444444440000000000000010000100000000000020100203333333333333333333333333333333333333333333333333333333333333333333333333333333333333333333333333333333333333333333333333333333333333333333333333333333333333333333333333333333333333333333333333333333333333333333333000000000010100111010001001100100110000
0000000001000000000010210000101011100000010111111101111011001000001011010000011010111111133133333333333333333333333333333333333333333333333333333333333333333333333333333333333333333333333333333333333333333330000000000000100001200100011201101000001000100100001000110001110010110010100100000000001000000000110001010100111011101010001011000100101010000000000210
2222222020000002020002220202200000002120222001000000200022201000001012111103333333333333333333333333333333333333300000000000000000000002022222020022222120210002000000001000012001011112212200000000001222100022100222222200003333333333333333333333333333333333333333333333333333333301100000000000000000000000000000000202220020020200200000000
000000000101010000110011000100111001001100111100011101000000010000000011113333333333333333333333333333333333333333333333333333333333333333333333333333333333333333333333333333333333333333333333333333333333333333333333333333333333333333333333333333333333333333333333333333333333333333333333333333333333333333333333330000100000020100000000000
000020000000000000000000200000000020000000000003333333333333333333333333333333333333333333333333333333333333333333333333333333333333333333333333333333333333333333333333333333333333333333333333333333333333333333333333333333333333333333333000200000000002000000000010200000000000000000020000000000000000000020000000020000000000220020200220000000002000000020000002000000
000000000000000000000333333333333333333333333333333333333333333333333301020020000020000002000200000000020000000000000200000000000000000000000000000000000020000000000220200000200000000000200200333333333333333333333333333333333300000000000002000200000000000000000000000000000000000000000000000000000200000000000000000000000000000000000000000200000000000002000000000000
000041404114400400404444410444404010110000010000110001000333333333333333333333333333333333333333333333333333333333333333333333333333333333333333333333333333333333333333333333333333333333333333333333333333333333333333333333333333333333333333333333333333333333333333333333333333333333333333333333333333333333333333333330002010
01010000001100010010001001002020000000222022202222222020021000020000000200000444443333333333333333333333333333333333333333333333333333333333333333333333333333333333333333333333333333333333333333333333333333333333333333333333333333333333333333333333333334444444444444444444444444444444444444444044444000010001120000100102100020000100000010010010
00001100001101110011101000011000113333333333333333333333333333333333333330000010000110110000001100000000111100000100000000001100010011110010000000000000000000000000000000000000000000000000111100333333333333333333333333333333333333333333333330000100000000000000100001000000001000000000002002000011111000001100001000000100000000101010101000001001000000000000000000000110000001000003300100101000000000000000000
02222202222000220020000222000233333333333333333333333333333333333330000000000000002000000002000000000002000220000000002000020002200000000200000000220000000020000020000002220020222022022202230333333333333333333333330200022022000200000202202022022020002002202022000000020000
00000000000000002002220000000000000333333333333333330000000000000000000000000000010000010000000000000000000101110000000000000001000000000000000000000000000033333333333333333333333333333333333333333333000000000000000000000011111000102020011000111111001000010101110011110111110111101111111
0000000000333333333333333333333333333333333333333333333333333333333340000000000000002002002020200000020200000000200220002000022000000000020200020000002202000004402133333333333333333333333333333333404001004044444400010010000000000020002202000200000000222002222020000022200200022220202000002000000000200000020002020000200020
0000000001010100001100000000110000000100001000001000000000000000033333333333333333333333333333333333333333333333333333333333333333333333333333333333333333333333333333333333333333333333333333333333333333333333333333333333333333000001001010111111010010111000000011100010010010001000100100000100012030000
0000000000000000000000000000000000000333333333333333333333333333333333333334334441440114011010011100000000444044000000000400400410011001000000100000000000000000000000000033333333333333333333333333333333333333333333333333333333333333333333330100000000000000100000000000000110111010011001010000000000000000001000000001100000000011000001001000001
0400433333333333333333333333333333333333333333333333333333333333333333333333333333333333333333333333333333333333333333333333333333333333333333333333333333333333333333333333333333333333333333333333333333333333333333333333333333333333333333333333333333333333333333333333333333333333300002000000000000000200000020000000000202000202022000000002022
0010010000001100100000000101203333333333333333333333333333333333333333333300000001010000000000000000000000000000000000000000000001001010001010000000001010010011000014104104010140411014000001110001000000000000010000000010001000010313333333333333333333333333300100001001010000000000000000000001100000000000000010010010000000000010000000000000000000000010000001000110000
3333333333333333333333333333333333333333333333333333333333333333333333333333333333333333333333333333333333333333333333333333333333333333333333333333333333333333333333333333333333333333333333333333333333333333333333333333333333333301111011002010100000101001000100
000000000000010011011100000010000000000000000000000000003333333333333333333333333333333333333333333333000000000000000000000000000000000000000000001010000001010000000000000000000000000000001000000000000100110100000000000000000010000000000001000100100000001010011000000010333333333333333333333333333333300000000000000000000000
00000111111111111111101000101000000000000000000000000000000000200000000110033333333333333333333333333333333333311110100000000000000001000000000000002000000000000010001000000000000000000000000000001000012110000000000020200000000000000000000000000000020000000000033003333333333333333333333333333333300000000011110101100010
010010000010101000000000000000000000000000000100202001200000000000001000000000020033333333333333333333333333333333333333333333333333333333333333333333333333333333333333333333333333333333333333333333333333333333333333333333333333333333333333020011010011010011111110000101000010001011111111001010100111111111111111111001110101101111110011101101000000000000
00000000000000000000000000000000000333333033333333333333333333333333333333330001101000200000000000000000000000000000000000011100000000000000000000000000001100100000000000000000000000000000000000000000000000000000000000000200000000000000000013333333333333333333333333330000000011111100000000000000000000000000000001010101100
00002200000000000020000000000033333333333333333333333333333333333333333333333333333333333333333333333333333333333333333333333333333333333333333333333333333333333333333333333333333333333333333333333333333333333333333333333333333333330000000010000010001100100000000002000000000000000200000200200000200000000000000020
200222010220022200000202200011000404404444444444044444033333333333333333333333333333333333333333333333333333333333333333333333333333333333333333333333333333333333333333333333333333333333333333333333333333333333333333333333333333333333333333333333333333333333333333333333330001110000100000010020020000202202020000200202022000000010000101101111021010010210100000
02200020002220202201000001000010001000000000000333333333333333333333333333333333333333333333333333333333333333333333333333333333333333333333333333333333333333333333333333333333333333333000000000020220200222222002222220020220002000000020200002220002000000222000020000000000020022022022000000000200002000000000200002000
00000000000000000000020000220020000000000000000000002002003000333333333333333333333333333333333333333333333333333333333333333333333333333333333333333333333333333333333333333333333333333333333333333333333333333333333333333333333333333333333333333333333333333333333333333333333333333333333333333333333333333333011101111001012100
