000000000000000000000000000000000000000000000000000000440044444444444444444444444444444444444444444444444444444444440400004000440440400404444444444444444444444444444444444444444444444444444444444444444444444444444444404444444444444444444444444444444444444444444444444444444444444444444444444444444444444444444444444400000000000000000020000200202002222200
022202222022222202244444444444444444444444444444444444444444444444444444444444444444444444444444444444444444444444444444444444444444444444444444444444444444444444444444444444444444444444040400000000004404240000000002220000200020000000000200000000020000000000000020020000002020002102220200020000000202000000220002020000000000000202202202000222200222022220002000020002000000000000000
044444444444444444444444444444444444444444444444444444444444444444444444444444444444444444444444444444444444444444444444444444444444444444444444444444444444444444444444444444444444444444444444444444444444444444444444444444444444400010000000000011000000000100000000000000000
000101102011144444444444444444444444444444444444444444444444444444444444444444444444444444444444444444444444444444444444444444444444444444444444444444444444444444444444444444444444444444444444444444444444444444444444444444444444444444440000020200001200020222020200020002222022220120220000202210200202210000002121010000201220020001001000112220210002
111144444444444444444444444444444444444014010110010000000000000000000000000000000001001011111001014444444444444444444444444444444444444444444444444011110000000000000000000000000000000000000000000000000000000000000000000011114444444444444444444444444444444444411010100000001000000000000000000000000000000000000000000
101010100000000010044444444444444444444444444444444444444444444444444444444444444444444444444444444444444444444444444444444444444444444444444444444444444444444444444444444444444444444444444444444444444444444444444444444444444444444444444440000100010000000100000010000010000000010000000000000000000000000000000000000000000
0001110000000000000000000000000000000000000001100444444444444444444444444444444444444444444444444444444444444444444444444444444444444444444444444444444444444444444444444444444444444444444444444444444444444444444444444444444444444444444444444400000000000000020002020000002022000020020200000000202000000000000000000000000000000000000000000000000000000000000000000000001100100000000001000110000000000000000000000000000000000000000000000011000
1000000444444444444444444444444444444444444440010101000000010000001000000000010000000010101101010100000000100111044444444444444444444444444444444444444444400010010000101000000000000000000010001000000000000000000000000000000000000101010000000000000000000111011144444444444444444444444444444444444444444100010100000000000000200000000002000000000000000
0220200200020000000044444444444444444444444444444444444444444444444444444444444444444444444444444444444444444444444444444444444444444444444444444444444444444444444444444444444444444444444444444444444444444444444444444444444444444444444444444022000000002000000020202000002022202120000000000000
444444444444444444444444444444444444444444444444444444444444444444444444444444444444444444444444444444444444410000100001000000000000000000000000000000010000010100011001011000000000000100000010004444444444444444444444444444444444444444444444444444444444444444444444444444444444444444444444444444444444444444444444444444444444444444444444444444444444444444444000100100000000
000000000000010000000040444444444444444444444444444444000000000000000000000000000200000200200200000000020000000000020000000000000444444444444444444444444444444444444444444444444444440000000200000000000000000000000020002200020002200200002020200200002200000020000020000000200000000200000200000000000000000000000
4444444444444444444444444444444444444444444444444444444444444444444444444444444444444444444444444444444444444444444444444444444444444444444444444444444444444444444444444444444444444444444444444444444444444444444444444444444444444444444444444444444444444444444444444444444444444444444111110000000000000000000000000000000000000000000000000002000000000000100000000000002000000000002222222120020000
44444444444444444444444444444444444044420222222202002222222220222220220222022022222220202202222020444444444444444444444444444444444444444444444044000400200202222200202000220202220000022000200022202220220022200000
111000110000100000000000111111111111110100111101110111011000000000000000000100000010000000000000100000000110111144444444444444444444444444444444444444444444444444444444444444444444444444444444444444444444444444444444444444444444444444444444444411121111111100000000000000000000001000000000000200000000000000000000000000000200000112000010
000202000000040004444444444444444400444444444444444444444444444444444444444444444444444444444444444444444444444444444444444444444444444444444444444444444444444444444444444444444444444444444444444444444444444444444444444444444444444400020220020000000000022220220202000000002002020002222220002222222202020022020020020020020000200220002
000200000020000022000000020000220002000200000000001010010100004444444444444444444444444444444444040400000440404040444044444444444444444444444444444444444444444444444444444444444444444444444444444444444444444444444444444444444444444444444444444444444444444400000020002002200000000000000000000000000000000000000000000000000000000000000000000000000000
020022022002000002202222222200444444444444444444444444202222000020000000002200210002020002200002000200220200022222202222222202000020022200444444444444444444444444444444444444100000000000020000220000000000000002000200022200020020000020020002022200222200000002000000000000000000200000022000
0010001100001101044444444444444444444444444444444444444444444444444444444444444444444444444444444444444444444444444444444444444444444444444444444444401010000000000000100000000000100010000010010000000444444444444444444444444444444444444444444444444444444444444444444444444444444444444444444444444444444444444444444444444444444444444444444444444444444444444444444001400110000001000000000000000000
10011100111111100010110011000011100111111011000010010011110000110111100011010100000000011111110000000000101011111111111010001000000000011110044444444444444444444444444444444444444411111111110000000000000001000000001110111110044444444444444444444444444444444444444444444444111101000000000000000000000000000
44444444444444444444444444444440222002200000044444444444444440000000000002000200200000000000220000000002000200200000002000200000000000000000044444444444444444444444444444444444444444444444424402002002220202020002200002020022220202202002000022002222202200200200000002220002020002000000000220000202220200002022002220200220222002000002000020000222000002220200002000000002020202020020002020200200020002020200020
0000001101000110001010000100000001000001010001101012100000012000010000000000000000000044444444444444444444444444444444444444444444400020010011110111110011111110101100000000000000000000200000000000044444444444444444444444444444444444444444444444444444444444444000211100010100000000000000000000000000000000000000000000000
000000000000000000000000000000044444444444444444444444444444444440000000000010000000000000100000001000001000000000000001011004404444444444444444440001010000000000000000000000001000100000000000000102000200000000100000010000110111004444444444444444444444444400000000000000000000000000000000002000200
02110101101004444444444444444444444444444444444444444444444444444444444444444444444444444444444444444444444444444444444444444444444444444444444444444444444444444444444444444444444444444444444444444444444444444444444444444444444444444444444444444444444444444444444444444444444444444444444422221000211100021101012000000200020002000020200
0010202222210144444444444444444444444444444444444020020200201111221211112010222221202200121200100002202001104444444444444444444444444444444444444444444444000011021020022010000201002022220020002000202022002202220012012000222222022202120144444444444444444444444444444444444444100000201201201112020000000002000020200120001211201020000
00100100001100000100000100004444444444444444444444444444444444444444444444444444444444444444444444444444444444444444444444444444444444444444444444400444000004400001000000000000000000114100001001000004440442440441000001100010100110100000000000000000000000000000000000000000000000000000000001100001000011000000000000000000000
021000222222244444444444444444444444444444444444444444444444444444444444444444444444444444444444444444444444444444444444444444444444444444444444444444444444444444444424402000000044000000000000000101100002002201110000000021010000101110000000010000001000000001100000000000100000001011000020010000100120000010011221201000011100000000020122110
00020000000000000020044444444444444444444444444444444444440000000000000100000000000000000000000000000000000001444444444444444444444444444444444444444444444400000000000000000000110010000000000100000000000000000000000000000000000000000044444444444444444444444444444444444444444401122200000000000000000000000000000000000000000000000000000000
0000010001000404444444444444444444444444444444444444444444444444444444444444444444444444444444444444444444444444444444444444444444444444444444444444444444444444444444444444444444444444444444444444444444444444444444001100100000010000002000000000000000000000
0000004444444444444444444444444444444444444444444444444444444444444444444444444444444444444444444444444444444444444444444444444444444444444444444444444444444444444444444444444444444444444444444444444444444444444444444444444444444444444444410000000000100100000000000000000001100010020020000000000
1000110011010444444444444444444444444444444444444444444444444444444444444444444444444444444444444444444444444444444444444444444444444444444444444444444444444444444444444444444444444444444440111100000000000000000000000000000000000000000001000000000000000000000000000000000100000000000000000000000000000000000000000000000000000000000
11111101111000002000000000000000000100120000000000000111111110000010000002011444444444444444444444444444444444444444444444444444444444444444444444444444444444444444444444444444444444444444444444444444444444444444444444444444444444444444444444411111111111110111000000001100100111101111111110111111010111100010111111111111
000001000000002000000000000010144444444444444444444444444444444444444444444444444444444444444444444444444444444444444444444444444444444444444444444444444444444444444444444444444444444444444444444444444444444444444444444444444444444000000000002000000000000000000000000000000000000000000000000000000000000000000000000000000000200002002000002
3311100120014444444444444444444444444444444444444444444444444444444444444444444444444444444444444444444444444444444444444444444444444444444444444444444444444444112200000011001000002000100000022000010022111011011101101111111111001001101100011000100110000100101000111111101011010100010000100000000010000001000100000200000000000
00000000000000000210000000000000000000000000000000000000002200000000000000000000000001000000041000444444444444444404444440040040000200000000002000000002202202200000022000000002022002002200202200200000000000000444444444444444444444444444444444044200000000000000100000002000022000000000220002000000002220200222002222022020021000100000000000000000000000000000002000000000000220000002002002020000020002000220202222000220000002
00000000000000000010444444444444444444444444444444444000000000000000000000000000002000000000002000000200000000000020000000011000004444444444444444444444444444444001000002000020000202000020000000000000000000000002000000000000000200000000000000010010004444444444444444444440000101000000000000000000000000000200000020
000000000000004444444444444444444444444444444444444444444444444444444444444444444444444444444444444444444444444444444444444444444444444444444444444444444444444444444444444444444444444444444444444444444444444444444444444444444444444444400000002001000200000000000202000021000010000000000000002100000000000000000000022000000000002000000200220202000200020200000000100000
00001010104444444444444444444444444444444444444444444444444444444444444444444444444444444444444444444444444444444444444444444444444444444444444444444444444444444444444444444444444444444001000100000000000000002020002000000000000000002020000000000002000000000000000000000000000000000000000200000000000000000000000000000000
00000000000000444444444444444444444444440000000000000002000000200000000000000040440044444444440000000000000000000000000000000444444444444444444444444444444400000000000200000000000000000000000000000444400044444444444404441000000000000000000000020020222000002000000002000020200200000000020000000000020202000000000000000000000000000000000000200000000000000000000000000
00000000000000000000000114444444444444444444444444444444444444444444444410100000010000001000000000000000000000000114444444444444444444444444444444444444444444444444444444444000120011100000000000000000000000000001000000000000000000100000000000202101101100101100110101011101001100100000000001000001000000000000000000
02022021112222441444444444444444444444444444444444444444444444444444440000001000000000000000001002000002000200020000200000000000002202100001220220224444444444444444444444221002000000200000201020200010000002000020220010020000200020002001000000022220222444444444444444444422220000200000222210011200011000020002100000001001012221111000020000
00011211110020000200000000000000000000000000000000000111144444444444444444444444444444444444444444444444444211111111000000000200000000000000000000000000000000000010000000000011114444444444444444444444444444444444444444444444444401101100011100000000000000000000000000000000000011000000000001111111111110012110011111111313
0000000000000200000000000000000044444444444444444444444444444444444444444444444444444444444444444444444444444444444444444444444444444444444444444444444444444444444444444444444444444444444444444444444444444444444444444444444440000000100100000000000000000000000000
00000000000000000000000000020000000002020444444444444444444444444444444444444444444444444444444444444444444444444444444444444444444444444440000000000210000000000000000000000000000000000000044444444444444444444444444444444444444444444444444444444444444444444444444000000101000010100000010001110000111111111111111111
000000000000000000000000000044044444444444444444444444444444444444404410000010000000000000000000000000000000000000000000000000000000000000100021000000000044420000000000010100000000000000000000000000000000000000000000001000010011000444444444444444444444444444444444444444211110001000000000100001000000000000000000000000000000000000000000
00444444444444444444444444444444444400000000000000000002200000000020000200000000000000000000000000000000000000000000020000200044444444444444444444444444444444444444444000000020020000000000000000000000000020000000000000000000020000200000000000000000000000000000000000000020000000000000000000000000000000020000000000000000000000000200000002000000
200000020202002220002222000000020244444444444444444444444444444444444444444444444444444444444444444444444444444444444444444444444444444444444444444444444444444444444444444444444444444444444444441220000002000002002020000020000000000000000000000002000002000000000000000022202200020202000000202220000000000002020020200000002000000
202222220022222000020002202222224244444444444444444444444444444444444444444444444444444444444444444444444444444444444444444444444444444044444444444444444444444444444444444444444444444444444444444444444021000014400000000000020100002002020200200002200202200222222222222202222222222222020000002202222222222022200000022002202022022222022202
0220200000002000020200000000001000000100000000000100010000000000100044444444444444444444444444444444000000110000100000000000000000000001144444444444444444444444444444444444444444444444444444444444444444444441010101000000000000000000000000000000000000001000000000204444444444444444444444444444000000000
000220020002020000000020104444444444444444444444444444444444444444444444444444444444444444444444444444444444444444444444444444444444444444444444444444444444444444444444444444444444444444444444444444444444440000000000020000000000000000000000000000000000000000000000002000002000000000002000
0200020020000022200200044444444444444444444444444444444444444000000000000220200000220202000102001220020000000202220200020044444444444444444444444444444444444444444444444440100000000000000202022002022202202020222222221220120020222200222210100022202000220020002200200001020020000020021020121200202222202122222022002000220100200000000000020202200000222200122222221020022222012222000010020202
000444444444444444444444444444444444444444444444444444444444444444444444444444444444444444444444444444444444444444444444444444444444444444444444444444444444444444444444444444444444444444444444444444444410000000020210000000020022211022200020002002020000122010000000202120000001020000000010000012220010001001000000100011001000220001000200111201
0002000000000022000000020000220000000000044444444444444444444444444440110000000202020000000002000000000000000000002000000000000000000000002000000200020000020000044444444444444444444444444444444444444444444444444444400002000020000012000002000000000000000000200000202000000000000000010000000000000002000000000000000000100000000202000
12244444444444444444444444444444444444444444402400010000020000102200022200200000000220220220100020102222202244444444444444444444444444444444444444444444420222222222222020201220222222102020221220222000200022100202200001202002211120202022000000020222222244444444444444444444444444444400200000000000000221002002002002020220
020022020200000022222000202000000020002000044444444444444444444444444444444444444444444444444444444444444444444444444444444444444444444444444444444444444444444444444444444444444444444444444444444444444440444444444444444444444444444444444444444444444444444444444400000200020020002020000200000000000000220000000000200000010000020000000
0000000000000001004444444444444444444444444444444444444444444444444444444444444444444444444444444444444444444444444444444444444444444444444444444444444444444444444444444444444444444444444444444440010200002000000000000000000000020000000000000000002000000000000000000000000000000000000000000020000000200000000020000000000000000000000000000000000000000000
