111111111101111111111000000011000110111110101011111011110111111111111111102222222222222222222222222222222000001100001111111111110111111111111111111111111101100111110
1110111110010111111101010100001010010000001100000100003333333333333333333333333333333333311111111111111100001000110000000000001110000111111101000010101101111110000000000000001111100000000000000000033333333333333333333333333333111111111110000000000000000000011111000000001111000000000000000000000000000000000000000001111000000000000000000000011111000000000000000000000000000000
114444444444444444444444444444444444444444444000000000000000000000000000000000000000000000000001144444444444444444444444444444444444444444444444444444410000000000000000000000000000000000000000000000000000000000000000111111444444444444444444444444444444444444444444000000000000000000000000000000000000000000000000000
111111111111111111111111111111111111111111111111111111111111111111111111111111111111111111111111111111111111111111111111111111111111111111111111111111111111111111111111111111111111111111111111111111111111111111111111111111111111111111111111111111111111111111111111111111111111111111111111111111111111111111111111111111111
1111111444444444444444444444444444444444444441111111111110010100001000000000000010001011111011111111111100000111104444444444444444444444444444444444444444411111111111010111101111111110111000000010101000100000000000000000000000000000000000000111000000111111111444444444444444444444444444444444444444444111111101000000001011001000000001010011001101011
1100110111111111111101111111101011011111110001101111111001000011011111101000000010001000101111111010001000111111000011110000000000000000000000000000000000000000000000000000000001111011111111111011111100000111111000000000000000000000100011111000000000000000000000000000000000000110001100111111111
000000000000111111111111111111111111111111111111111110000000000000000000000000000000000000000000000000000001111111111111111111111111111111111111111111111111111111111111111000000000000000000000000000000000000000000000000000000000000111111111111111111111111111111111111111111111111111000000000000000000000000000000000000000000
0000000000000022222222222222222222222222222222222222222222222211111111110000000000000000000000000000000000000000000000000000001222222222222222222222222222222222222222222222222222222221110000000000000000000000000000000000000000000000000000000000000000000000000000000000002222222222222222222222222222222222222222222222222222200111100000000000000000000000000000
111111111111101111001111110110101111110110101111111111010000011111111111111110111011111111111000000000000100000011010010111001111111101111100111011101110110111010010000001001111110111111100101110011000010111100110111110000010111111111111111111100000000
000000000011111114444444444444444444444444444444444444444411100000000000000000000000000000000000000000000000000000000011111444444444444444444444444444444444444444444444444444444444444444000000000000111101000000000000000000000000000000000000011110000000000000000000000000000000011100000000000000000000000000000
44444444444444444444444444444444440010000101011111110111111110000000001001111110000000000000011111144444444444444444444444444444444444444444444400000110000101111111111111111111111111111111111110001011111110011111
11111111111122222222222221111111111111111111111111100111101111111011000000000000000111111111111111111111111111111111111111111111111111111112222222222222222222222211111111111111111000000000000000000000000000111111111111111111111111111111111111111111111111111111111111111111111111111111111111111111111111111111111111111111111111111111111111111111111111
1111111111111111111111111101111111111111110011011100000111111100000000000100033333333333333333333333333333333311111000001110111110001000111110000001110110110100000001000000000000001111111111111111111110010000001111111111100011003000000103333333333333333333333333333333333333333111111111111111111111001111111111111111111110001100000001000
00001001000010111111011111111111011111111111001101000000000011110000222222222222222222222222222222222220001100000000000000000000010010001000000010000010000000000000000012222222244444444444444440222222222211111000000111100000000010100111111010000000100011111111111111111111111111111111000000000000000000000000000000000000001111001000000
111110000000111111111111111111444444444444444444444444111100000000000000001111111101101111111111111111111111111111111111111111111101111111444444444444444444444444444444444444441111000000000000011110100001111111111111111111111111111111111111111111111111111111111111111111111111111111111111
22222222222222222222222222222222222222222222222222222000011111111111111111011001101101001000100000001110000011122222222222222222222222222222222222222222222222222111111100100000000000000111111111110111111111111111111111111111111111111111111111111112222222222222222222222222222222222222222221111111100000000000000000000
0000000000000000000000000000000000000000000000000000111110000000000000000000000000000000000000000000000000000000011100000000000000000000000000000000000000000000000000111000000000000000000000000000000000000000000000000000000000000000000000000000000000000000000000000000000000000000000000000000000000000000000111000
000000000000000000000030011000000000000000000000000000000000000011333000000000001110000000000000000000000000000000000000000000000000000000000000000000000000000000000000000000000000000000000000000333000000011110000000000111113000000000000011110000000000000000000000000000111000000000000000000000000000000000000111100000000000000000000000000000000000000000000000000000
00000000011111111011011100011011111000000000000000000000000000000001111110000000000000011111111111111111111111111100000000000000000000011111114444444444444444444444444444444444441111111000000000000000000000000000000000111111111444444444444444444444444444444444444444444411111100000000000000000000000000000
111111111111111111111111111111111111111111111111111111111111111111111111111111111111111111111111111111111111111111111111111111111111111111111111111111111111111111111111111111111111111111111111111111111111111111111111111111111111111111111111111111111111111111111111111111111111111111111111111111111111111111111111111111111111111111
0000000000000000000000000000000000000000000000000000000000000000001000000000000000000000000001111111111111101111000000000000000000000000000000000000000000000000000000000000000000000000000000000000000000000000000000000000000000000000000000000000000000000000000000000000000000000000000000000000000000000000000000000000000000000000
44444444444444444444444444444441111111111111344444444444444444441111000000011111111101111011111110100111110111001110001110000110000000111111111444444444444444444444444444444444444444444110000010111101000000000000000000001000000000000000000000000000100001000000000000011111010000000000000000000000000000000000000000000000000000001111110000000000000000000000000111100000000000000000000000000000000000000111100
0000000000000000000000000000000000000000111100000000000000000000000000000000000000011111444444444444444444444444444444444444444444411100000000000000000000000000000000000000000000000000000000000001114444444444444444444444444444444444444444444444444444444444444111100000000000000000000000000000000000000000000000000000000
111111000011101111101000010111144444444444444444444444444444444444441000001111111111100000101000000011111111111111111111110044444444444444444444441111110000000000000000000000000000000000000000000110101101111111110001111111111111111144444444444444444444444444444444111100010010110011111011101111101
00000000110000000000000000000000000000000000000000000111100000000000000000000000000000000020000000000002020000000000000000000000000000000000000000000000001111110000000000000000000000000000000000000000000000000111000000000000000000000000000000000000000000000000000000000000000000000000000011100000000000000000000000
1111111111111104444444444444444444444444444444441010011010000111111100000000000000000000000000000000000000011144444444444444444444444444444444444444444440101101111000110000000000000000000000000000000000000000000000000000000000000001011111444444444444444444444444444444444441110000011111111110000000000000000000000000110110001000000
11111110111101100000000000010110111111111440111000011114444441111111111114111111111111111011000000010000000000001111110000000000000000000000001000000001111111111144444444444444444444444444411111111111111111111000000000000000000000000000000000001111111100110000000000000001100011111111111111111111111114141111111111111111
00000000000000000011044444444444444444444444444444444444440100000000000000000000000000000000000000000000001104444444444444444444444444444444444444444444444440000000000000000011100000000000000000000000000000000000000000000000000000001444444444444444444444444444444444444444444444000000000000000000000000000000000000000000000000111000000000
0000000000000000000010000000000000000000001000000000000000000000000011111111111111111111111111111111110000000111100000010100111100100100000111111110001101000000000000000000000011111000000000000001111111111111111111111111111111111111111111110000000000000000000000000000000000000000000000000000000011111000
0000000000001111111111111111111111111111111111111111110000000000000000000000010000000000000000000000000000000000000000000000000011111111111111111111111111111111111111111111111110000000000000000000000000000000100000000000000000000000011111111111111111111111111111111000000000000000000000000000000000011111100000000000
111111101111000000011000000000000000100001111111111444444444444444444444444444444444111111110000000011100000000000001111111111111101000000000000111111111001111111111144444444444444444444444444411111000100001000000001111111010111111111110111111111111111111111111111111111111111111111111111111111111111111111111111111111111111111111111111
00000000000000000000000000000011111111111111111111111110000000000000000001110000000000000000000000000000000000000000000000001111111111111111111111111111111111111111110000000000000000000000111100000000000000000000000000000000000111000000000000000000000000001111100000000000000000000000000000000000000000000000000111111111001100000000000000000000000
001111000020022222222222224444444444444444444444444444444444444444444444444444444444444444444444440000000000000000000001111111111111111111111111122222222212122222222222222222222222222222222211011110111110000001000001111100000000000000000000000000000011111111111111111111111111111111111111111111111111111111111111111
11111111111111111111111111111111111111111113333333333333333333333331111111110111111111000000000000000000110000000000000000000000000001111100000000000000000000000000000000000000000000000111111111111111133333331111111311333333131133331313311111111111111111111111111110000000000000000000000010001111100000001010100100000000000000000000111110101111010000001010111111111111111111111111111111111111111111111111111
11110000000000000000000000010000113344444444444444444444444444444400000000001010010011111000111010000000010000001000000000000000000000000000000000000000000000000000111111111111111111111111111000033333333333333333111000000001101111111100010110111000100000000000000000000000
00000000000000000110000000000000000000000000000000000110000000000000000000001111111111114444444444444444444444444444444444444444444441000000000111000000000000000000000000000000000000000000000011111111111114444444444444444444444444444444444444444444444410000000000000000000000000000000000000000000000000000000000000000000111111111111011111111444144111100000000000111111111111101010011111111111111111000000000000000000000000
00000000000000000000111100000000000000000000030133300000000000000000000000000000000000000000000000000000011111100000000000000000000000000000000000000000000000030000333333333333333333333333333333330000000000000000000001111111111111111111111111110000000000000000000000001000010000000000000
00000101000000011044444444444444444444444444444444444440000000000001000000011100000000000000000000000000000000000000000000011110444444444444444444444444444444444441100000000000000000000000000000000000000000110000000000000000000000000000000000011114444444444444444444444444444110000000000000000000000000000000000000
0111044040103333333333333333333333333333333333333333333333333333333311110000004000044000000000000000001000000000011111111111100111100000000000000000000000004144444430333333333333333333333333333333444444444444444444444440404444111111111111000010011101111111111111111111111111111111111111101100111001111010011010011011111111
1111000000000000000000000001111000000000000000003333333333333333333333333333333333333333333333333333334444444444111100000000000000011111000000000000011111110000000000011110000000000000000000000000000000000011111100000000000000000000000000000000000000000000000000000000000000011000000000000000000000001111000000000000000000000000000000
000000000000000010110011111111111010111001001120001001011111110011100000000000000100000010111110001000000010000000000000000000011111101010000000000000000000000000000000000100010111101000110000000000000000000011111000000000000000000100000010001111110000000000000000000000000010000000000010001110101001111111111011111111111000000000000000000000000000010
00000000001111111100100000000000002222222222222222222222222222222222222222222222222222222200000000000000000011111111101111011000011100000000010000000000000000222222222222222222222222222222222222222222222200111111111111111100000000000000000000000000000000000000000000000000000000000000000000000000000000000
11111111011111111111011111111111101111011111111111100333333333333333333333333333333311111111111111111111111111110000000000000000000000111111101111111111111111111111111110111111111111111010111101100000110100000
000000000001111000000000000000000000000000000000000000000000000000000000000000000000000000000000000112222222222222222222222222222222221111111111100000000001111101001110110000000000000000000000000000000000002222222222222222222222222222222222222222222222222211110000000000000000010000000000000000001111000000000000000000000000000000000000000000000000000000000
00000001111111104444444444444444444444010100000000000000000000001111111110111111111111141111111111111111111111111111111111111144444444444444444444444444444000111100000000001010110111111111111111111111111114444444444444441011111111010000000000000001111111010010111000000000000000000001111100000000000000010000010000000000010000111111101111111111011111011111111111111
0000111111111444444444444444444444444444411111110000010111010101100000000111000000000000000010000100000110000000000000010001001000000011111111114444444444444444444444444111111000000000101000100110111100000111111111111110111110100000010000000000100000000000100000000010010111111111110110101011111100111110111111111
11111110111111111111114444444444444444444444444444444444444444444444444441111000000011111001111111111000000010111144444444444444444444444444444444444444444444444444444444444444444111111110000000000001111111001111110100101004444011100400044444000000111111111111111111111111111110000000000000001111111101000000000000
0000000011001100000000000011111111111133333333333333333333333333333333300001111144444444444444444444444444444444444444444444444444411111111111111111101111111111111111111111111001110101011111133333333333333333333333300000000300000220101111111110111111110000010111011111111111111111100000000001011111111111111111111111111111111111111010000000000
00000011111111144444444444444444444444444444444444444444444444444444111000000040444000000000000000000100000000000000000000000000000000001111111104444444444444444444444401111111111000100111011111111111111111111111111111111111111111111111111111111111004444444444444444441111111000000111111111111111111111111101001100011111111101100010000101
00001111000000000000000000000000000000000000000000000111114444444444444444444444444444444444444444444444444411111110000000000000000000000000000000000000000000000000000000111111111444444444444444444444444444444444444444444444444411010000000000000000000000000000000000000000000000000000000000011111111111111111111111111111
0000000000001111111111111101110333333333333333333333333333333333333333333333000000111111111111111111111211111111111111111111111111111111111111111111111111111111111114444444444444044410111111111111111111100001000000001111000111111111111110111111111111110011111111001011111112111111111111011111111111111111111111111111111111111111111111111111111111111111111111111111111
000000000001111111111111111344444444444444443344444444444444444334443111111111100000000000000000011100000000000000000000011111111111111033333111111444111111133333311122112110000000000000000000000000000000000000111111111111111144444444444444444444444444444444444444444444444440000000000000000000000000000000000000000000000011110000000000
111111111111111111111111111111111111110111000000001111000333333333333333333333333333333333333333333330000000000000011111111111111111111111111111111111111111111111111111111111111111111111111111111111111111111110111111111111111111111111111111111111111111111111000000000000100113333333333333333333333333001000000000000111111111
11444444444444444444444444444444444441000000000011000000001111110000101000000000001110100000100010000000001000000000000001111144444444444444444444444444444444444444444410000000000000000011111100000000000000001111111111110010000001000111111111111111111111111111111111111111111111111111111001111111111000000011100011100100001000110100011001101111
00000011100000000000000000000000000000100000000000000000000000000000000011111111033333333333333333333333333331111100000000000000000000000000000000001110000000000000000000000000000000000000000000011110000000000000000000000000000000000000000000000000000000000000000000003333333333333333333333333300000000111111111111111111
0000000000000000000000000000000000000001011110111101111111011111010344444444444444444444444444444444111111101100011111110101101101101011114444444444444444444444444444444444444444444444444444444444444444444444111111110000000000000000000000000000000000111101111110004444444444444444444444444440111111100
00000111111000000000000001111111000000000000033333333333333333333333331330000011111110000000000001110000000000000000000000111111000000000000000000000000001111111000000000000000000000000000000000000000000000001111000001010111101111111111011111000000033333333333333331000000000111111111111110011111100100001000000001111111110
00000100000000000000011100000000000000000000000010000000000000000000000000000000000000000000000000000000000000000000000000000000000000000000000000000000000000000000000000000000000000000000000000000000000000000000000000000000000000000000000000000000000000000000000000000000000000000000000000000000000000000000100000000000000000000000000000200000000000
00000000000000000022222222222222222222222222222222222222222222222222222222222221111111100000000000000000000000000000000000000000022222222222222222222222222222222222222222221011110111111111111111111111111111111110111111111111111111111111111111111111100000000222222222222222222222222222222222222222211111111111111111111111111111
1111111111111111111001144444444444444444444444444444444444444400000000000000001111111011000100000000000000000000000000000144444444444444444444444444444444444444444444444444000100100111000001011111110111111000000000000000000100000011100100000000000000010111101000001001111000000101001010011100001010000100001111111111110001110111100111111110011111111111110111111111111111111111111111111110
000000000000000000000000000000000001111110114444444444444444444444444444444444444444444444444110100000000000000000000000000000000000000000110101111100444444444411111110000000000000000000000000000000000000000000000000000000000000000000000000000000000000000000000000000000000000000000000000000000000000000000000000000000000000000000000000000000000000000000000000000000000000
1111100000001111111111111111111111111111111111111111111111111110000000000000000000000000000000000000000000000000000000000000000000001111111111111111111111111111111111111111111111111111000000000000000000000000000000000000000000000000000000000000000000000011111111111111111111111111110000000000000000000000000000000000000000000
000000000000000000000000000000000000001110000000000000000000000000000000000000000000000000000000000000001111000000000000000001111111100000000000000000000000000111110000000000000000000000000000001111111111111111111111111111101111111111111110000000000000000000000000000000000000000000011111100000000000000000000
0000100011001011001100000000111100000000001111111111111111111111111111111111111001000000000000000001110000000000000000010000000110111111111000000000000010101010111111111111111111111111111111111111111111111111111110000000000000111000000000000000010010000000000001111000000000000100000001111100000000000001011010100010000000010000010000000000000011010100011010010
1111111111110101111111111101000101011111144444444444444444444444444444411101110010010011111111111101111111111010011111111110010001100011101000000000000000000111444444444444444444444444444444444444444444444444444444441100111100000011111000000001010100011000100000000110011111100000000000100000000110111110001000000000001110001000010
11111444444444444444444444444444444444444444411100000410011111111101111111010011111111111011001111111110011110444444444444444444444444444444444444444444111111111111110000111110000100000000000000000011000000111111101100000000000000000000000000000000111144444444444444444444444444441111010004444111111111111111111111111110
0011111100000000001111011111111110011111111111111111111111111111111111010010000000000000000001110000000000000000000000011111111111111111111111111111111111110100001000000000000000000000000000000000000000000011111110000000000000111110111111111111111111111111111111111111000000000000000001111111111010000000000000000000000011111111
000000000000000000001111100000000000000000000000000000000000000111111114444444444444444444444444444444444444444444441111110111100000000000000000000000000000000000000000000001111111144444444444444444444444444411110000000000000000000000000000000000000000000000000000001111111111111111111111100000000000000
000010000000000000000000000000000000000000001100000000000000000000000000000000000000000000000000000000000001000000100000010101110110000100000000000000000010110000000000000000000000000000000000000000000000000000000000000000010011110000000000000110000101000000000000000000000000000000000000000001000000000000000000000001111000200010110000111000000000
