000000000000000000000000000000000000000000111111114444444444444444444444444444444444444444444444444444444444444444444444444444444444444444444444444444444444444444444444444444444444444444444444444444444444444444444444444444444444444444444444444444444444444444444444444444444444444444444444444444444444444444444444444444444410000000001110000000000000000000
000000000000011111144444444444444444444444444444444444444444444444444444444444444444444444444444444444444444444444444444444444444444444444444444444444444444444444444444444444444444444444111111000011101111111111100111111111111111111111111111111111111111111111111111111111111111111111111111111111111111111101111111111111111111111111111101110011101111111111111111111111111111111111111
114444444444444444444444444444444444444444444444444444444444444444444444444444444444444444444444444444444444444444444444444444444444444444444444444444444444444444444444444444444444444444444444444444444444444444444444444444444441411111000000001111111110011111111111111111111
000000000001111444444444444444444444444444444444444444444444444444444444444444444444444444444444444444444444444444444444444444444444444444444444444444444444444444444444444444444444444444444444444444444444444444444444444444444444444444444111001001111111110011111111111111100100111111111111111111110101111111110000000000000011111111110100000000000010
222112111111111111144444444444444444444444444444444444444444444444444444444444444444444444444444444444444444444444444444444444444444444444444444444444444444444444444444444444444444444444444444444444444444444444444444444444444444444444444444111000000001111100100000000000000000011111100000000000000000000000011011010000000
0000100000000000000000000000000000000000000001114444444444444444444444444444444444444444444444444444444444444444444444444444444444444444444444444444444444444444444444444444444444444444444444444444444444444444444444444444444444444444444444444444100000000011100100010444444444401111000000000000011100000000000000000000000000000111000000000000000000000000000000000000111000000000000000111100000000000000000000000000000000000000000000000001110
0000000000000001111114444444444444444444444444444444444444444444444444444444444444444444444444444444444444444444444444444444444444444444444444444444444444444444444444444444444444444444444444444444444444444444444444444444444444444444444444444111000000001111000000000000000000000111000000000000
444444444444444444444444444444444444444444444444444444444444444444444444444444444444444444444444444444444444441111111111111111000011111111111111111111111111111111111111111111101011111011111111444444444444444444444444444444444444444444444444444444444444444444444444444444444444444444444444444444444444444444444444444444444444444444444444444444444444444444444441111110000000
4444444444444444444444444444444444444444444444444444444444444444444444444444444444444444444444444444444444444444444444444444444444444444444444444444444444444444444444444444444444444444444444444444444444444444444444444444444444444444444444444444444444444444444444444444444444444444440111100000000000000000000000000000000000000000000000000000000000000011110000000000000000000000000022011000000000
000000000000000000000000001110000000000000000000111111000000000000000000000000000000000000000000000000000000111114444444444444444444444444444444444444444444444444444444444444444444444444444444444444444444444444444444444444444444444444444444444111111000000000000000000000000000000000010000000000000000000000000000000000000000000111111111
111111111111111114444444444444444444444444444444044444444444444444444444444444444444444444444444444443333333333333433444444444444444444444444444444444444433333334444444444444433344444444444444444444444444444444444444444444444444440001111000000000111000000000000000000000000000000000000000011110000000000000000000011110000000000000000
000000000000000100011010100100000000000000001111111111111444444444444444444444444444444444444444444444444444444444444444444444444444444444444444444444444444444444444444444444444444444444444444444444444444444444444444444444444444444444444444444444444444444444000000000000000000000100011010000101101111000000000000000010000000000000000100000000000011
1111111111111110444444444444444444444444444444444444444444444444444444444444444444444444444444444444444444444444444444444444444444444444444444444444444110000001001111111111111111111111111111111444444444444444444444444444444444444444444444444444444444444444444444444444444444444444444444444444444444444444444444444444444444444444444444444444444444444444444444444444444444444441111000000000000001
111111111111111111111111111111111111111111111111111111111111111111111111111111111111111111111111111111111111111111111111111111111111111111111000000000000000001011100000000000000000001111111111111111111111111111111111111111111111111111111111111111111111114444444444444444444444444444444111141111111111111111111111111111111111111111111111111111111111111111111111111111111111111111111000001000001001000000000
00000000011111444444444444444444444444444444444444444444444444444444444444444444444444444444444444444444444444444444444444444444444444444444444444444444444444444444444444444444444444444444444444444444444444444444444444444444444444444444444444444444444444444444444444444444444444444444444111111110114100011001010000001110111111101111110
11011000000011111111111111444444444441044444114411144011011444444444440400000000040404000044404000000000144444444111104400000400000400004444444444444444444444444444444444444114044444444444444444444444444444444000040111111111111111111111110000000000000000000000000000000000000000000000000000000000000000000000000000000000000
000011111111144444444444444444444444444444444444444444444444444444444444444444444444444444444444444444444444444444444444444444444444444444444444444444444444444444444441111000000044411100000000111111100000000000000000000000011111100000000000000000000000000000000000000000000000000000000000000000000000000000000000000000000100000000000000000
0101111111010444444444444444444444444444444444444444444444444444444444444444444444444444444444444444444444444444444444444444444444444444444444444444444444444444444444444444444444444444444444444444444444444444444444441111110011110000101000011111111111111101
1111101444444444444444444444444444444444444444444444444444444444444444444444444444444444444444444444444444444444444444444444444444444444444444444444444444444444444444444444444444444444444444444444444444444444444444444444444444444444444440111101000001011010000011111110111111111111101111101110110
0440044444444444444444444444444444444444444444444444444444444444444444444444444444444444444444444444444444444444444444444444444444444444444444444444444444444444444444444444444444444444444444441000000000000000000000000000000000000011111111000000000000000000000000000000000000000000000000000000011111111111000000000000000000000000000
11111000000000000000000000000000010000111100000000000011111111111111111111111144444444444444444444444444444444444444444444444444444444444444444444444444444444444444444444444444444444444444444444444444444444444444444444444444444444444444444441111111122222000000000000000000000000000000000000000000000000000000000011100000
001011110110100010101111101111114444444444444444444444444444444444444444444444444444444444444444444444444444444444444444444444444444444444444444444444444444444444444444444444444444444444444444444444444444444444444444444444444444444101111100000001111000000000000011110111011111111111111111111111111111110000011111100000000110000011101000000
4441444444444444444444444444444444444444444444444444444444444444444444444444444444444444444444444444444444444444444444444444444444444444444444444444444444444444000011111111111111100000001000100000211111111111111111111111111111111111111111111111111111111111111111111111110011111111111111111111111111111111111111111111111111111
000000000011114144444444444444444444444444444444444444444444444444444444444444444444444444444444444444444444444444444444444444444444444444444444444444444444444444444444444444444444444444444444444444444444444444444444444444444444444444400000000001111111111111111111111111111111111111111111111111111110000000000000000000000000000000000000111000000000000000001111000000
00000111444444444444444444444444444444444444444444444444444444444444444444444444444444444444444444444444444444444444444444444444444444444444444444444444444444444444444444444444444444444441110000000000000000000000000000000000000000000000000000000000000000000000000000000000000000000000000000000000000000000000000000000000
0000000000100000000100011111111144444444444444444444444444444444444444444444444444444444444444444444444444444444444444444444444444444444444444444444444444444444444444444444444444444444444444444444444444444444444444444444444444440011111111100000000000000000000000
00000000000000000000000000000000000000011114444444444444444444444444444444444444444444444444444444444444444444444444444444444444444444444411100000000000000000000000000000000000000000001111111444444444444444444444444444444444444444444444444444444444444444444444441100000000000000000000000011000000111111110111110111
000000000000000000000000000001111144444444444444444444444444444444444444444444444444444444444444444444444444444444444444444444444444444444444444444444444444444444444444444444444444444444444444444433300011101111111111110011111110011001000000000000000011010000000000000000100000000000000000000000000000000000000000000000000001111
111111111111111111111111111111111144444444444444444444444444444444444444444444444444444444444444444444444444444444444444444444444444444444444444444444444444444444444444444444444444444444444444444444444111000110000000011101001011111111111001011111111111111111111111111111101111111111111111111111111111111111111111111111111111111111111111
000000000000000000011111144444444444444444444444444444444444444444444444444444444444444444444444444444444444444444444444444444444444444444444444444444444444444444444444444444444444444444444444444444444444441111111000000011111001011000000001011111000010000000000000000000000000001111000000
114444444444444444444444444444444444444444444444444444444444444444444444444444444444444444444444444444444444444444444444444444444444444444444444444444444444444444444444444444444444444444444444444444444444000000000000000000000000111111100000000100000000000000000000000000000000000000000000000011111100000000000000000000000000000000000111110000
0000000000000000011114444444444444444444444444444444444444444444444444444444444444444444444444444444444444444444444444444444444444444444444444444444444444444444444444444444444444444444444444444444444444444444444441111000000001111111111111111111110001011001110011001000100001111110011000000000000000000001111000000000000000000000000000000000000000000000000000
000000000000000001110010000000011111111111144444444444444444444444444444444444444444444444444444444444444444444444444444444444444444444444444444444444444444444444444444444444444444444444444444444444444444444444444444444444444444444444444444444444444444444444444414444000000000000000000011000000000000000000000000000000111110000000000
0000000011001110000044444444444444444444444444444444444444444444444444444444444444444444444444444444444444444444444444444444444444444444444444444444444444444444444444444444444444444444444444444444001000000000000000000000000000000000000000000000000000000000000000000000000000000000000000000000000000000000000000000000000000000000000000000000000000000000
