0000000000000100100
00000000000000100000000100000
11001000000000000100001000
00010000100000000000000000
44444444444444111144111000001000010000110000010000000000000
000000000000000100000
0000000000000000
100000000000000000000100
01100000101000001000
00000000000000000000000000000000000
000000000000000000000000000000
0000000000000000000001000000000100101100000000000010000000000000000000
000001000000000000010000000000000000000000000000010000001000000000
00100000010000000001000000004
10000000000000000000000000
00000000000000000000044444444
000000000000000000000000000004444444
000000000010
00001000000000
001010000000010000000001
0000111110111010010000
0000000000000000000000000
000000000000000000000
000111100000000000000000000000
0000010000000000000100000000
10011110000000000100000000000010
0010000100000100000000000000100000000
00110100000010000010000000000
0000000000000100000000000000
00100000000001000
000000100010000000001000000000000000100
001000010001000000000000001000
0100000000010000000000001000000010
0010000000000000000000000000000001000
000000000000000000000000000100000000
000000000000000000000000000000
00000000000000000000000000
00000000000000000000000000
11100001110000100000000011100000000000000000000000000000000000000000000000001
11100000000100000000000000000000000001000000000000000000000000000000000000000
10000000000000000000100
0000000000000000000000000000000
000001010001111011111111
000001010001111011111111
00000010001000100000000
00000010001000100000000
000111000001100000000000000000000000000010
10000010000000000000000
00000000000000000000100010000100
0000000000000000000001000000001000110
00000000000100000000000000000000000000000000000001
11144444444400100001100
0000000001000000000000
00000000000000100000100000000001000000000000000000000000000000000000100000000
4444444444440441000000000000000010000000000000000000000000000000000000000000000
11100000000000000000000000110000000000000000011000000000000000000000000011144
00000000000000000000000000000000011100000000000000000110000000000000000000
000000000000000000000000000001000000000000
00000000000000000000100000000000000000000
1100000000111111111011111111111111000
11010110000000111000000000000000000001000
0000000000000000110001000000
4000000001001000000000000
111100000000000001000
410000000000000000000000010000
001000000100000100000000100000
444401000100111011000000000110000000001100
11100000011000000000000000000000000000000000000
00000000010000011100000000
111111111000000000000011001
010000010000
1000100000
0000000000000000000000000000000000000000
00000000000000010000010010000
0000010000000000100000000000000000000000010000000100000000000000100000
0000000000000000000000000000100000110000000000000000000000010000
000000000000000000000000000000000
00000000000000000000000000
00001000000000000000000000004444444
000000000000000000000000004444444
00000000000000000
0000000000
000000000001000000001000
00100101101000100000000
00000000000000000000000
00004000000000000000000
00000010000000000000000000
100001000000000000000000000
00000000000000000000000000000000000000000000
000000000000000000011110
0000001000000001000000000000000000000000
044000110000000010000000000000
000000000000000000000
0000000000100000000000000000000000004000000
11111111000011010111110000000111001000000000000000000000000111111000
000110000001000000110000000000000000110000000000001000000000
1000000011000000000000000000000000000000000000000000000000000000000000
0000001001000000000000001100000100000000000000010000000000000000000000
0000000000000000000000000000
0010000000000000000000000000
00000000000000000000000000
00000000000000000000000
00000000000000000000000000000000000000000000000000000000000000000100000000000
110000100000000000001000000000000000000000000000000000000010000100000000000000
111111110000000010000111000111100
01001010000001100000000000000
00000000001000000000100001
000100010000000000100000100000000010000100010000000001000
0000011000000100000000001000000001000000000011000000010000
0000000000000000100000000000000
0000000000010000000000000
000000000000001010000100000100000
00000000011000000001110000000000000011000000000000001000000000000000000000000
1100000000000000100000000000001001000000
14444444444400000000000000010000000000000
000000000000000000000000000000000000000000000000000000000000000
0000110000000000010000000000000000100000000000000001
00000100010000010001000000011000000000101100010010000
0000000000010001000100000000000000000000000000000000000
0000000000000000000001111110000001444441000000001000
00000010000000210000000000000010000100000100100000000000001
00010000100000000000000000000000000000000000000010000000000
000000010000000000000001000000001000000000000000000001
00000000000000000000000000100000000100000000000010000
11100000011000000000000000000000000000000000000
01001011000000000100001000
000000010000000001000010000
0100000001111111110000000
01000000000111111111100000000
00000000011111111111110100
00000000111111111111100000
00000010000111111111111111110000000000
00000010000111111111111111110000000000
001111111111111000
00000011111111111
00011111111111
0011111111111110100
0001111111111111111111111000000000
0000001111111111111111111110000
000000000000000000000100000000000001111111111111111111111111110000000000000001100
0001100000000000000000011111111111111111111111111111100000000000010000
0000011111111111100000000
00111111111111111110000000000000
00000000000000011111111111100000000004444444
00000000000000111111000000000000044444444
0111111111000000
001111111110000
000001111111111111100000
01011111111111111111000
000011111110000000000
00000011111111111110000
0000000011111444441100010000000
00114444111141000000
000001111111111111111000000000100
0000000010111111111110001
00000000000000001111111111111000000
000011111111111110010000100
0000111111111111111111111100100
000000001111111111111111111000000000
001111111111111111111111101
0001111111111111111111111101
001111111111111111100010000000000000
00011111011111111111111110000001000000
0000000000011111111111111111111111111111111100001000
0000000000111111111111000000
0000000111111111111110000
000000000011111111111111000000000
00000000001000000011111111111111111111111111111101101010000000000000000000
00000000000000000000000010000000100000000000000000000000011100000000000000
1111100000000111111111111111111111
000000000000001111111111111100000
110000001111111111111111111001
001000000011111111111111111100
0000111111111111111111100
001000000001000111111111111111110000
00000000010011111111111111110000000
000000000001111111111111111111100
000011111111111111111111111000
000010011111111111111111111100000001
0100000000001111111111111
00111111111111000000000
00001000000000000000000000000001111111010000000000000001101000000000000000
0000000000000000000000011111111111111011000011111111110000001000000000000000000
000000000000000011000000000001111111111111111111111111111111100000000000000000
00000000000000111111111111111111111111111111111100000000000010000000000000000
00011111111111111110
011111111111111111000
0001100110100111111111111110000000000000
000000000000001111111111111000000000000
0000000000000111111111111110
00110000001111111111100
0000001111111111111111111111111100000000000000000000010
000000000111111111111144444400
000000011111111111111100000000
00000000110000000001111111111111111111100
0000000011111111111111111111111100000000000
000000000111111111111111111111111001000000000
0011001111111111111111000000
000000001111111111111000000
00001111100
000111111111100
00001111111111111110000000000000
000000000001111111111111100000000
10000000001000000000000001111111111111111111111111110000000010000100010
00000000000000011000000000000000011111111111111111111111111100000000000000001
00000111111111111111000000001000
00111111111111111111000000000000
00000000000000011111111110000001044444444
000000000000000011111111110000044444444
011111111100000
011111111000
00000111111111111111000000
01000011111111111111111000
00000000111111111111000
000000111111111111100
0000000001111111111111000000001
0000001111111444444000000000
100011000000111111111111111000000
0011111111111111110000000
0000000001111111111111110001000
011001111111111110000000001
1111111111111111111000
0000044444444444441144444440400000
000000011111111111111111111111111111111111100000000000
0001111111111111111111111111111111111111111000000000000000000000
00000000001000011111111111111111111111111111111111111111111111111001
011111111111111111111111111111111111111111111111111111111111111111111111111110001100
0111111111111111000000000000
00000011111111111111110000000
00000000000011111111111100
00000001111111111111111110000
0000000000000011111111111111111111111111111111111111111111110000000000000
000000000000000001111111111111111111111111111111111111111111111111111111000
0000001000001111111111111111000
0000001000001111111111111111000
000000111111111111111111111110
011111111111111111111100
0011111111111111111100
000000000011111111111111111111111111111444444111111111100000
000000011111111111111111000000
11111111111111111000010
10010001111111111111110000000000
0000000011111111111111
0000000000001111111111111111000000
000000000001100000000011111111111111111111111111111000000000000111000000000
00011111111111111110
010001111111111111111
0000001111111111111101111111111111111111111111111111111111111111111010100000
0000000001111111111111111111111111111111444441111011111111111111111110000
0111111111111111111111111111111111100000000000000000100
0000000000000000014441411111111111111111111111111111110000000
0000000000000001111111111111111111110000000100000000001000
0011111111111111111111111111111111110000001000000
010000000011111111111111111111111111111111111000
000111111111111111111111111111111000000000000000010010000
11111111111111111111111111111111111111111111
111111111111111111111111100010000011111000000000000010
0111111111111111111111111111100000000000000000000000000000
00100000002222222222100000
000000000000222222222200000000
0100010000000000222222221000000
00100000000000022222220000
0010000000000222222222222222222001000
0010000000000222222222222222222001000
000022222222222222111
1122222222222221001000
01122222222210010
0012222222222111
00000022222222222222222222200000000
000000022222222222222220000000
00000000010000001000000000000000111222222222222222222222000000000010000001000
0010000001000010000000000000011122222222222222222222222000100000000
00022222222222222222000000000000
000224222222222222000000100
0000000000000011111111111100000044444444
00001000000000000002222222222000004444444
0222222220000
12222220000
000002222222222222221000
000022222222222222211
0000000000222222200000
0000222222444444220000
00000000000000222222222211111022201000
00000002222222222222200
000000012222222222010100000
010000112222222222211100100000000
00000000000000000222222222221000
00000000000100000022222222222222000010
00000000000000000100000000000000
000000000000102222222222220000000
000222222222222222222222222111
002222222222222222222222222200
000002222222222222222222000000000
000100122222222222222000000000000100010
00002222222222222222222220000001
00022222220222000000000000000
00000022222222222222000000
000000002222222222200000000
000001100000000000000022222222222222222222222222222222222211111110000000011000
00000000000000000000022222222222222222222222222222222222222222222222222110111100
00000000000000112222222222222222000
00000000000000222222222222220010001
0000000000012222222221110001000
100000000011222222220001100100
01222222222222222222011010000000222222220100000000
002222222222222210001
0000000002222222222222110110010
010000100000000000000000111122222222222222222222222222111111110000000
02222222222222222220000001
010000100022222222222222222221000
00000000000010022222222444400010
000010000000000444444000000000
111000000000000000000000022222222222222222222222222222222222220000100010000010
000000000000001000000000000222222222222222222222222222222222222220010000110000
0000000000000000110000000112222222222222222222222222222220000000010000000000000
000000000000000000000000100022222222222222222222222222222201000000000001000000
00000022222222222222222222220
000000222222222222222222222
111110000000000000222222222222222200000
00000000000000000000002222200002022222220000
0000000000122222222222010
000000000022222222220
0000000022222222222220000100000
000001022222222222200100010000
0000000000000000000000222222222222222222222222220110
000000000002222222222222222222222222201101100
0000000000000000000000222222222222222222222222220110
101222222222222221111100
11100022222222222111111111
01112222222222101
00011222222222111111
0100000002222222222222222220000000
00000022222222222222222200000001000
00000000000000100000000000000000000000111222222222222222222220010000010000110000
0000000000000000011000000000000000000000001222222222112222222222222222221000000
00022222222222222222220000000000
00002222222222222222220000000000
00000000000001002222222222200000104444444
000000000100000000222222222222000044444444
0011224444422222442222224422222221111000000000000000
1000022222000000
000222220000000
1000001222222222222222000
00000002222222222222222222
000011224444444412100000
0000010000000222222222222222222200000000000000
00000222222222222200000000
00000000002222222222222020000
01001222222222222211101011
000112222222222000000000
00000000011002222222222110100000
00000000012222222222222210000
0111112222222222222220000000000
0000000000000222222222222022222220000
44004444444440044112222222222222222222222444444444444
00111000000000000000144444444444444444444444444422222222222444444444444444444
00000222222222224444422222222222222222222222222222222222200000000
000000000000000001002222222222122222222222222222002000202000000110000000000000
00002222222222222222000000000000
0000022222202222200110000000
0000022222222200000000
0000002222222222222222200000
00002222222222222222422222022222222222220011211000000000000000000000000000000
000000000002222222222222222222222222222222222221111111000000000000000000000
11000000000222222222221101
11000000000222222222221101
1000000102222222222222222220
000002222222222222222220000
0000000110000000110222222222222222222222222111111111110000000
0100001000100100001000001122222222222222222222221111100000
01100110111222222222222100100010011
0000010001004444444411010
0000000001102222220000
000000011100000000000000000000011002222222222222222222222222222220000000011000
02222222222222222222220000
000222222222222222222222000
00000000022221222222222222222222222222222222222222222222222222222222110000
00000100000021222222222222222222222222222222222222222100000011000000110011
02222222222222222222222222222222222222222200001010000
0002222222222222222222222222222222200000000000000000000
00011100022222222222222222222222000001000000100000000
00000112222222222222222222222222222222220220100000000000
000002222222222222222222121110000000000000000000000100000
000000222222222222222222222222220000010000000000000000
010100000333333333310000
000000033333333333300000010
0000444000003333333330000000
0000444000003333333330000000
00000000114100013333333333333300
100000010000333333333333311100
00000000001441100133333333300
010000000000333333333333333110
000100000000000444444440000003333333333333333001000
000001100000111133333333333333333300000
000100000000000444444440000003333333333333333001000
000001100000111133333333333333333300000
000000110000001001103333333334000000000
11111100333333333333114111
1000033333333333333111
00003333333333314441
111000003333333333311
00011110010133333333333000001
00001000111333333333333110
0110001133333333300100
01113333333333333311000000
1001100033333333333333333100000000
111003333333333333333330000000
00000111110033333333333333000000
0000000003333333333333300000000
01000000000011101000000011100000110013333333333333333333333333333330000011001111
0000000000111100000000000000000010143333333333333333333333333333333331000000011
00000000000000000010000000000000001000010010333333333333333333333333000010
00010000001000000000000000000000003333333333333333333333333333333300100
00000000000003333333330000000000
40000000000333333333333330000100
400010000003333333111100014
40000001033333333333333000000000
00000000000000000000001333333333333300000004444444
000000000000000000001333333333344444444
0000000100010000001333333333333300004444444
033333333300010004444444
03333333300000001
00333333300000
00003333333333330
011133333333000
11010011011333333333333311
0000111333333333333331000
0000000001333333333333330
10000000133333333333333300
00000004400003333301044444100
0000010000003333333301010000
14401003333333333313004410
00033333333333333111100
01001100333333333333333333330
0000000033333333333340000001
100000010333333333333330
00000333333333
000000000000010000333333330
01000000001001033333333333300
00000000000001003333333333330000
00000000000001033333333333330010000
0000000000001000000003333333333333311010
00100101000010000000333333333333333001
00000010000101000000103333333333301000
000001010000010003333333333330300
0100000000000000000000333333301000000
00000000010000000033333333333333333333001
00001000000001110000333333333333333300
00000000000000333333333333333333331001
333333333333333333333011111
333333333333333333333330000
00000000000133333333333333
33333333333333333333300010
0001333333333333333333333333333333333333331
010133333333333333333333333333333333333333000
44440000333333333333333333333333300000010
1010003333333333333333330001000001001
0001000033333333333333333333333333333310000000
000000110033333333333333333333333333333333333000000
10001133333333333333000010000
0000333333333333000330001000000
001144444110100333333333333301044410
00111111033333333331444111
000001111101111003333333330011101100
00111111113333333011111100111
10000111111144444441011111114443333333333333333333333333333333111111001100
0001000111111111100010033333333333333333333333333333333333330111100000000000100
1111100000001011010111444331333333333333333333333333333333330000010000000000001
000111100000000433333333333333333333333333333333333310000000000000000000000
00000010010000011100003333333333333333333333310
00100000000000000013333333330333333
000000101000000000333333333333333
01000000000030100001000000000030
00001000144444444441333333333333333331
1114444444444441333333333333333
001000001114444403333333333333333
0011000010010000001333333333333330
1111333333333333111
333333333331111
000001110001000333333333333333330000000
0000100000000003333333333333333333330100100
100111111111333333333333330100000
00000001033333333333333333300010100
00000000000333333333333333330001
000033333333333333333333330001000
4000000333333333333333333333000001
000100000011144000033333333333333333333
3000000001110000333333333333333
1000000001111111111033333333333344
4444444444440333333331111
0000000000000000000000110010000003333333333333333333333333333300000000101100000
000100201100022222122133333333333333333333333333333333333333341010000033300010
111110000011444444440000444441000133333333444444443333333333333444444444444444
4444444444444444440000003333333333333333333333333333333333333334444444444444
000000111000000011000000000100000000110100010000033333333333333333000000100000
000001100000010110000000000001000001033333333333333333330000100000000001000000
000000000000000000000011000000113333110333333333333000110000001100000000110000
000000001100000000000001000000010333333333333333333300001100000000010000000
000033333333333333302
00000000133333333330
11100333333333333333333333333300
0000333333330000
01000001000000103333333333333333310001
333310001100000000000333333333333333000001
00000000000033333333333333330000000100
00000000000000000110000333333333333333
0000001003333333333100
11100001000033333333333
0000013333333333333
000001033333333333
000010004444010013333333333333314440
0000004440003333333333333344444000
0000004444441410033333333333333310
1010144444433333333333333334400440
000000111101010333333333333333333333333110101
0000111101003333333333333333333333333333110000
111000100011333333333333333333333333333333010111
000000111101010333333333333333333333333110101
0000111101003333333333333333333333333333110000
1141111111033333333333333311111111
111111333333333333333311111
11111111133333333311
111111133333333333333111
110113333333333301100
000000011111103333333333311
0011013333333331111
11001333333333331011
00333333333333333333000000000
000000033013030333333000001000
000000000033333333333330000100
000000000010333333333333333331000020
000000100000000000000000000010000333333333333333333333333333330000000000000
0000100000000000000000011433333333333333333333333333330001000000000
0000000000000001000110000100000001011113333333333333333333333333301100100010010
0000000433333333333333333333333333100000001000011110000000
000001033133333333333000000000000
00000000013333333333330000000000
00000010010000333333300000000000
40000033333333333333300000000000
00000000000000010000033333001330010004444444
000010000000000010333333333330011044444444
0000000000000000000003333333333001044444444
000000001000000000033333333300014444444
013333333001
0000333333310
01133333330001
0013333333300
00000001133333333333333100
0001333333333333333310000
00000100103333333333330000
00000011113333333333333333
000000033333333333333010
00000333333333333333300
1144433333333333444000
000444333333333333444400
0133333333333333300000000
003333333333333333000000
000000333333333330000010
0100000001433333333333333004
0000001000010000000010333333333333000000
00000333333333333333000000
00001013333333333330000000
000010333333333333010000
000000000333333333333000000010000
00000033333333333330000000000
0000000010333333333333300100
0111111333333333333333301100010000000
00000001110000000033333333333333310000
0000000001000333333333333333333330000
4444444044444404040000333333333333333333330000000
00000033333333333333333333333300
444444444444444444113333333333333333333333333333333333333333333333311111101
1144444441111033333330000011333333333333333333003300000000003300033333411101
41111133333333333333333333330300001111000111111333333333111114444444444444
0000011144444444444444444413333333333333333333333333333333311111011414111110000000000
44444444444444444444444400443440033333333333333333333333333333333333333333333333304
333333333333333333333333333333333333333333333333333333333333333333333333333300011100
33333333333333333333333333333333333333333333333333333333333330000
00033333333333333333333333333333333333333333333333333333333333333333333330000000
000000001444440400000044333333333333333333000000
00000000033333333333333333333
00000000333333333333333333314000
0000333333333333333333333300000000
00011144441033333333331144444
000114411103333333333333144444410
000110444000333333333333333331114444
11101133333333333311111011110
00000333333333333333333333333333333333300101000010000
000000013333333333333333333333333333333333333333333333333333333331000000000000
0000000000000333333333333333333333333333333333333333333333333333333333333311110
000000000000001000333333333333333333333333333333333333333333333333000000000000
0000000000000000033333333333333333333333333333333333333333333110000000
10011111111133333333311
100101103333333333333331111100011
0000000001003333333333333311
0000001103333333333333100
000011133333333333333333
10000000133333333333333000
0000000033333333333333333333333333333333111100000000000010000
111011111110133333333333311
1111003333333333331
100001010110001010433333333000001010
01014144440011433333333333411001
101010100110101011010100333333311100100
01440010433333333333310001000
0000111410000103333333333333333334000
000101000010033333333333333401000110
001110010000133333333333303020101100
44000000000000003333333333333333333333333000000000
00001100111103333333333333333
001000000333333333333300000
001000000000000000000033333333331
1000000000000333333330001
00111000000001100000000001111111111033333333333333333333333310001100000100000
001110000000000110000000000001111110003330110031100000000011330011100000000111
111333443333333333330000
0000333333333333300000
0333333333333333333333
0000000000013333333333333333333310000
333333333333333333333333333333333333333333333333333333333333333333333333002011000010
333333333333333333333333333333333333333333333333333333333333333333000000000000
333333333333333333333333333333333333333333333333333333333333333333333333333333
00000111113333333333333333333333333333333333333333333333333333333333333333330300
01110010003333333333333333333333333111111111111111100000000000
11100000000100333333333333333333333333330111111110111111110
0000000000333333333333333333333333333333333333333333111
000000000100000033333333333333333330001000110000000000000000
0100001001444110000030444440333333333333330000000000
33333333333333333333333333333333333333300001
00
010011100333333333333333333333444333333333333311110100100010
0111101000100433333333333333333333333333331014440010100001
10111110333333310331044444444430102100000000001000001
0310033333333333333333333333333333333333333333300000000000
111101111000333333333333333333333333330111111111114
111100000111133333333333333333333333333333333333333331114
004444444011003333333333333333333333333333333333333111111
104444101133333333333333333333333333333333333333333300
000100000144444444444440001
000000011144444444001000000
010000000001044444444444101
00000000044444444444401
000000000000444444444444000000
00100000000001444444444400000
00000011011044444444444410000
0000000000004444444444444100010
1011110000000004444444444440000
000000000014444444444440011
111111001444444444444444001
10000000000004444444444100100
0000110000014444444444444001
0000000000004444444444444440
0000000114444444444444444000000
0000000014444444444444444100
0000000000144444444444444444444000
00000000014444444444444444444400000
00000000001444444444444444444400001
100000000144444444444444444444444444
01000000444444444444444444100
000000001444444444444110000
00444444444444444410001
4444444444444010
004444444444444444444400
000000444444444444410001000
0000444444444444444400010
0044444444444444444100
0000144444444444100
0011444444444444441
0144444444444444444411
10144444444444000
0004444444444444440
00011011111111111110
011111111111111100
00144444444444444410
0000044444444444444444444400000000
0000000444444444444444444400000000000
000000144444444444444444444000000010
000000044444444444444444410000000
00000004444444444444440000010
000444444444444441000000000
00000014444444444444401010000
000000000444444444444444440000000
00000100001000000001000000000000001444444444444444444444444441001000000100000
0000100000001000000000000000000111444444444444444444444444441100000000001000
0001100000100000000100000000000000011114444444444444444444444444441110000000100
000000000001144444444444444444444444444444444440000000001100
000000010000000000000001000000014444444444444444444444444444444000000000
00000000000100000000000000000011444444444444444444444441000100
01001000000010000000010000000000000011111144444444444444440100000010000000
01000010000000100000000000000000000100000000000444444444444444444100000000000
00044444444444444444000000
00000444444444444444440000000000
40014444444444444444440000000000
00014444444444444444440100000000
000001444444444444444400010000000
00001144444444444444444000000000
00144444444444444444444000000000
0000000000000004444444444444400000044444444
0000000000000001444444444444040000044444444
0000000000000000444444444444440000044444444
000000000000000044444444444440410000044444444
00000000000000004444444444444000004444444
0000000000000044444444441444440044444444
000000000000000444444444440000044444444
000000000000004444444444444000000004444444
004444444444000
000014444444000
14444444440000
4444444444444444000
004444444400
001444444440000
44444444400000
44444444440000
000001444444444444444440
00000144444444444444100
0010000000014444444444444400
01000000444444444444442
0001444444444444440000
00000024444444444444440
00144444444444444400010
000010004444444444444444001
00444444444440000000000
00000044444444444444444
00000044444444444444444
0004444444444444444444
00044444444444444444000
000000004444444444440000
00000004444444444444100
0000444444444444444000
000100001444444444444444000000000
0001444444444444444100000044000
00000000000001444444444444444100
00014444444444444444000000000
00000004444444444440000000
000000001444444444400044
000000014444444444440001
000000044444444440044444
0000000014444444441000
000000000444444444444440
0010000011444444441100100
0000000000444444440000
100000144444444444000
000000000044444444444441000000
000000100011444444444411110010
000000000000144444444444444444000
101000000000000444444444444444100001
0000000000044444444444444400000000
0000000044444444444440000000010000
00444444444444444001110101100
100100000000000001444444444444441100000
0100110011444444444444440000101
101100000044444444444444410100000
0011100100444444444444444001000
11000114444444444444444444400
00000000000144444444444444441010
00000014444444444444444440000000
00001444444444444444444444000
00000000444444444444444444444000
0000000044444444444444100
000000011444444444444444414444444
000100000044444444444444444444444400
014444444444444444444444444411
11114444444444444444444441
444444444444444444410000110000
044444444444444444442010400
44444444444444444444441111010
00014444444444444444444444441
001444444444444444444444444410
0044444444444444444444444440
0000014444444444444444444444440000001
04444444444444444440000000000000000000
000014444444444444444444444444444444444000
10044444444444444444444000000000000000
0044444444444444444444444444444444410010
0100100144444444444444444000000000001
00000000144444444444444444444440000000
000000004444444444444444440001000000001
00014444444444444440000010000000010000
1000000100444444444444000100000
00000000000114444444444444444000000
000000000044444444444444444444400000100
100000044444444444444010000000
01444444444444100100000000
00000104444444444444444100000
000000014444444444444414000000
1444444444444444444440000000000
0000000000000000000100000010000
11110111110000001000000000
00444444444444444444000000
0000000014444444444440000
00000000000000000000000000
00001044444444444400000000
000000144444444444444444440000000
00000000001444444444444444444444444444444444444444444444444444444440000010000
000000000011444444444444444444444444444444444444444444444444444444441001000
0014444444444444444444444444444444444444444444444444444444444400000100000000000
000000000000004444444444444444444444444444444444444444444444444444444444444000
00000000000000000100000011444444444444444444444444444444444444444444410000000
0001000000000114444444444444444444444444444444444444444444444444444410000100
0000000000000000000000001444444444444444444444444444444444444444444444400040
000000001444444444444444000
000000000000104444444444444444000
000044444444444444444444440
0000000000000144444444444444400000
1000000000004444444444444400000
0000000000044444444444444001111
0000000001044444444444444444
000000000144444444444444444000
4410011100044444444444444444440
0000000000144444444444444444
4000000144444444444444444011
0000100104444444444444444100
00000100001044444444444444444
10000100100444444444444440000
000000001014444444444444444000
1000011001110014444444444444444440
000000444444400100010010000
0000000004444444444444000000110000
0001444444444444444444000000
000000014444444444444444444444000010
010000011111444444444444444444444400
000144444444444444444400000100000
000100000444444444444444444444444444444444444444444444444400010000
1010014444444444444444444440
010100001144444444444444444444111100011101000
011000000000001444444444444444444444444444444444444444441110000110
000004444444444444444444440000
000144444444444444444444444100010000
1144444444444444444444444444400
044444444444444444444444444440004400110000
044444444444444444444000000
00004444444444444444444444400
010444444444444444444444000000
144444444444444444444444444000000000000
0010000000144444444444000
000000004444444444444444000010
0000103344444444444444444
444000100044444444444444000000000
0100044444444444441000
0003333344444444444000000000
0000114444444444444444
44004444444440000000
0000000000000000011144444444444444444444444444444444444100000011000001000000001
1100010000000000010444444444444444444444444444444444000010110111101001101100111
0011110000000444444444444444444444444444444440011001101102200000100002022111
11000000022220021444444444444444444444444444444410001100011000000000000000000
01100000000000000011000011444444444444444444444444444444410011111011011110111
1110111111100001110000110444444444444444444444444440011111011000000000000000
00000100000000000001111444444444444444444444444444444444400010001000001000000
000000000000000000001444444444444444444444444444444444011101011001000000000000
00000000000000001100444444444444444444444410000001000000011000000000000000110
00000000001100000001044444444444444444444444444444400000110000010000000001100
0100000000011000001111111111111111111111111111111111111001000000000000000000011
00000100000000144444444444444444444444444444000000010101100001100001000000000
11000000000000001044444444444444444444444444100000010000000000000100000100000000
00000000000114444444444444444444444444444000110000011000000000000000000001
00000100000000111111111111111111111111111100000001000000000100000000000110
00000000000001444444444444444444444444444440000001000000001100000100000000110000
0114444444444444000000
00044444444444444444000
00014444444444444441
0001444444444444444400
0144444444444000
0144444444444444444440
01144444444444444444444110
000004444444444444440
00000404444444444444444400000100000
000000000044444444444444000101000
100000000104444444444444444011000
00000000044444444444444444101044444
000000004444444444444444444000001000
00000444444444444444000100000001
0100100000141444444444444444441100000000
0004444444444444444444404100100000
00000010044444444444
0011011144444444444400
00010000014444444444
000000444444444444444444
00000000004444444444444
101110001444444444444
100011444444444444401
00000004444444444444440001
00000000000144444444444444444400000
000000014444444444444444400010001
000004444444444444444444400000
100000004444444444444444401000
0010000014444444444444444100000
00000444444444444444400000100
000014444444444444444444444440
000001444444444444444444444441
0000444444444444444444444444444444440000
011000000011444444444444444444444444444000000010
001014444444444444444444444444444100000
000000000044444444444444444444444444444444444444440
01001014444444444444444444444444444444101010
1100111101444444444444444444444444441011001
0000011000144444444444444444444444444444001111
00004444444444444444444444444444411100001
000444444444444444440000
00000044444444444444000000
1444444444444444411111
11444444444444444444401101
000444444444444444440100
00000044444444444444100001
4444444444444444101111
11444444444444444444401101
000444444444444400
0014444444444440
011011111110000
00144444444444
000444444444444444
001444444444444401
0010014011110000
001444444444442
000044444444444444444400100000
0000001444444444444444400000000
000000001111011111100111111114001000
000001444444444444444444000000
000001444444444444444000000
00000044444444444444400000000
00000010011111111111000000
01044444444444444000000000
00000100000110010000000000000044444444444444444444444444444444444401000000000
000000000000000004444444444444444444444444444444444444441011100001
10000110000000000000000000000000000444444444444444444444444444444444444444000
11000000000000000000000000000000000010044444444444444444444444444444444411110001
00000100000000000000000001000000000000000444444444444444444444444444444410000100
00000000000000000001114444444444444444444444444444441000000000
01011000000000000010000000000000001144444444444444444444444444000000000000
00000000000000000000000000000001000100014444444444444444444444444444444444444444
004444444444444444440000001000000
0001444444444444444444444440000
04444444444444444400000010000000
0000044444444444444440000000000
000001444444444444444444100000000
00014444444444444444441000000000
014444444444444444444400001000000
00000444444444444444444440000000
000000000000000044444444444440000044444444
00000000000000444444444440000044444444
0000000000000044444444444444000044444444
00000001000014444444444444400044444444
000000000000000444444444000000004444444
000000000000444444444444440000004444444
000000000000000444444000010000004444444
0100000000000000004444444444444040044444444
44444444400
01444444440
444444444400
0000004444444440
0044444444440
00444440000000000
44444444440
00444444440
0000010044444444444444000
0000104444444442000000001
0000014444444444444440000
0000014444444444444444000
100044444444444444444441
00001011024444444444444440
00100014444444444444400001
10000014444444444444440011
000004444444444444400
0000444444444440000000
000444444444444444444400
044444444444004000000
0000444444444444444000
00000044444444444000000
114444444444444444444444444440
000004444444444444444
014444444444444400000000
0000444444444444000000000000
111444444444444000000000000
00044444444444444444410001
00004044444444444444440000000
00044444444444444000
01001001444444444444444000
004044004444444444440000
000044444444444444011110
00000144444444444444000000
00001444444444444444001000
0000444444444444444411001
0001444444444444444000000
01000044444444444444010000
00144444444444444400000
000444444444444444401010
00000444444444444400000000
00000044444444444440000000
000000114444444444410000000
00000044444444444444400000
044444444444444440000
000014444444444444400000
00000144444444444440000000
0004444444444444444444440000
0000044444444444444444444444444000
0000000014444444444444444444444440010
000144444444444444444444444400000
14444444444444444444444444000
00000000044444444444444444444444444440
144444444444444440000040
00000000000000444444444444444444444444000
000004004440040001444444444444444444400
111111111000001111111111111000004444444444444444444444444444444444444444411
0000000000011444444444444444444444444444444444444444444444444444110000000000000
000000000000000000001114444444444444444444444444444444444444441000000
0000000000000000000014444444444444444444444444444444444442211001000000000
00000000144444444444444444444444444444444444440000000000
00000000011444444444444444444444444444444444444444444444444444444444444444
4444441111114411111111111111111100000000110000000000000
00000000000000000000001044444444444444444444444444444444444444444411000
40144444444444444444444444444444444444444444444444444444444444400000
0000001444444444444444444444444444444444444444444444444444444444444444444444440000
444444444444444444444444444444444444444444444444444444444444444440000011000000
444444444444444444444444444444444444444444444444444444444444444444444444
04444444444000004444444444444444444444444444444444444444444444401000000000
000144444444444444444444444444444444444444444444444444444444444444444444444400000
4444444444444444444444444444444444444444444444444444444444444444444410000000000
0001444444444444444444444444444444444444444444444444444444444444444444444444000000
0000000044444444444444444444444400000
00144444444444444444400000000000
444444444444444444400000000000000
000000444444444444444444444144
00044444444444444400000000
000144444444444444440000000000
44444444444444444444001000000
0001444444444444444440100000
00000044444444444444444000000
0004444444444444000001
00000114444444444444400000
00000444444444444441000000
00000044444444444444444440000000
000044444444444444000000000
00000014444444444444000000
0000004444444444444441100
000000000000044444444444444444444444444444444444444444444444444444444400000000
00000000000011444444444444444444444444444444444444444444444444444000000000
0000014444444444444444444444444444444444444444444444444444444444400000000000
000000000000000000014444444444444444444444444444444444444444444444444444400000
00000000000004444444444444444444444444444444444444444444444444444400000000
1000000000000000014444444444444444444444444444444444444441000000110000000000
0000000000144444444444444444444444444444444444444444444444444444444444400000
000000000000000004444444444444444444444444444444444444444444444444444444411000
0000004444444444444440110001111111111111
0000001444444444440010000000100
000011000000111441111111111010
000044444444444444440111000
0000000044444444444444444444
00010001444444444444444441
00000111444444444444441
01444444444444444444444
000014444444444444444444
000000444444444444444441
0001444411141111111111000
10000044444444444444440010
00100000100444444444444444444444
1010000014444444444444444444444
000010000044444
01000000144444444444440001
1111000101111111111111100
1000004444444444440
0000001000044444444444444444441000
0000044444444444444444444440001
00100110104444444444444444444400100
10000000001444444444444440000
00444000113333333334400000000
100000044444444444444444000111
0000144444444444444444444411
00100100000004444444444444444444444444444444444444444400010011
0000110000014444444444444444444400
0000001000100011444444444441000100
0010000100144444444444444000100010
00000000144444444444444444410001000
000100001001444444444444400000001
100001001144444440000000000001000
01000000000104444444444444444400
0000000004444444444444444440001100
000010014444444444000001
00100114444444400000000
13441144444444441111444444
40000004444444444444000
00000011000144444444444440011
10010011014444444444400
001000011144444444444444444410
010001104444444444444444400000
44444444444444441
0000014444444441
0144444444444444400000000
00102000101000011111111000000000000
000000000000010011011111111111111000000000
001000000000000010
0000444444444444444000
00000444444444444441
0000000000010444444444444444444444444444444444444444444444444444400000000001
44444444444444444444444444444444444444444444444000000000000000000000000110
000111110414444444444444444444001014144410000000000444444444444444410000000
000000014444444444444444444444444444444444444444444444444444444444444444000001
00000000000444444444444444444444444444444444444444444444444444444444444444444000
000044444444444444444444444444444444444444444444444444444444444444400000000000
10000001114444444444444444444444444444444444444444444444444444444444444444444000
444444444444444444444444444444444444444444444444444444444444444440
000004444444444444444444444444444444444011000000000000000
0000000011444444444444444444444444444444444000000000000000
000044444444444444444444444444444440010000000000
00000144444444444444444444444444440020000101011000010010
01104444444444444444444444444444444444000100000000000000
0004444444444444444444444444444001000000000100000000000000020000
00104444444444444444444444444444400000000000000000000000100
014444444444444444444444444444440000000000000000000000
000144444444444444444444444444444444100100000010000100000000
00000000444444444444444444444444444444444000001001000000000001000000000000
0014444444444444444444444444444444444444000000000000000010000
444444444444444444444444444444444444444444444444000000000000000000
02000001144444444444444444444444444444444444444444444400000
0000444444444444444444444444444444444444400000000
00000001444444444444444100000001444444444444000000100
00000000100000000014444444444444444444444400000000000001
101000100004444444444444444444444444444440000000000010
00000444444444444444444444444444444444010000
0144444444444444444444444444444444444000000
0444444444444444444444444444444444444410000000
14444444444444444444444444444444444444441000000000
044444444444444444444444444444444400001000000000010000001
014444444444444444444444444410400000001000000010000000100
0044444444444444444444444444444444444444012010000010001002
20444444444444444444444444444444444444444444444400000000
00000010444444444444444444444444444444444441000100000020
0000004444444444444444444444444440011010001001000000001
44444444444444444440000000001000444444444444444444444444444410
11144444444444444444444100000001444444444444444444444444444444440000
111444444444444444444444410000011444444444444444444444444444444100
4444444444444444444444444441000001111000011100000011111
00444444444444444444444444444444000000010000000001010000
001444444444444444444444444100000010000000100000111111
100114444444444444444444444441441441110100000000000000
001444444444444444444444444444444444444440000000000000
