0000000000011110000000
0000000000011111001000000
000000000111111100000000100
0000000011111100000000
00000000111111100000000000000000000
00000000111111100000000000000000000
0111111111000000
000000111111110
001111110
00011111000
000000011111111110000000000000000000
0000111111100000000000000100
0011111111111111111111111111000000000000000010000000000000
00100000011111111111111111000000000100000000100000100000000000
00011111111110000000000000000000
0111111111000000000000000000000
000000000000000001111000000000044444444
00000000000000000222222222222200000044444444
01100000000
000011000000
000001111111000001001010
000000111110000001100000
00044444000000000000000
0000000000011000000000
0000000044444440000010000000001000
000001111111000000000
1000011111110000000000000000001
00000001111110000100
0000010000000000001011111110000
000100000111111001000010
0000000000000111000000000
0000010000001111111110000000
0000000111111111100100
101000000000011111111111111
0000111111110000000000000100000000
10000000000111110000000000000
0011000011111100000000000000000010
00001111100000000000000010000
00000000000011110000000
00000000000000011110000000
0000000000110000000000000000000000100000000111111111111111111000000000000000
00000000000000000000000000000000000011111111111111111000000000000000000000000
0000000000111111111101000000
00000000111111110000000
010001111111100100000110010001
000000000111111000000000000100
0000001111111000000000000
000000000000100000110111110000000
0000000000000011100000110000000
1001111111111111111111111111111
1000011111111000000001000
11100000000000111111100000
01000101100000000441000
000000000000000000000000000000011111111111110000000000000000000000000000000000
00000000000000000000000001111111100000000000000000000000000000000000000000000000
0000000000000000000111111111111111110000000001100000000000000001100000000
00000000000011111111111111111000000000000000000000001100000000011000000000000
1111111111110000
0000011111111000
000000010000001111111111111000
000000000000000001111111000100
000010000001111100000000000
00000000011110000000100
000000000111111111000000000000
000000111111111111111000000000
0000000011111111111111111111111100000000000
0000000000000010000000000111111110000000000000
000000000000011111111100000001000000
000000000000011111111100000001000000
0000000000000010000000000111111110000000000000
000000011111110000001
000001111111000101010000
000111111111110
001111000
00000000001111111111000000000000000000
000000001111111100000000000000
0000000011111000000000100000001111110000000000001000000000000
000010000000000000000110000000000000000000001111111111111100000000000000
0001000000000000000000000111111111111100000000000000000000000001
011111100000000000000000000000000
00111111111000000000000000000000
000000000001001111110000000000004444444
000000000000000011111000000010044444444
111100000
000000000011000
00000111111110000010000100
0001111111000000000100100
000000000000111000000000
0000000000011111000000
0000000111111110000000000000000
00001114444444004444000040
000000000111111110000000100010
000111111111000000010011
0000000011110000000010000000
00000011111110000000000000
00000000000011111111000
00000000001114444444000000
00000000000000000000000000011111111111111000000
000000000000000000000000000000111111111111111100000000000
0011001100011111111111111111111000000
100000000001111111111111100000000001100000000000001110000000001
00000011111100000000000000
000000001110000000000000000000
00000000011100000000000
0000001111110000000000000000
00000000000000000000000000000000000000000000000000000001111111111111000000000
000000000000000000000000000011111111111110000000000000000000000000000
0000000111111000000000000010000
00100000000011111110000000
110000011111111111000
1001000000011111111111111111111
00100001001111111111111111111110
000000000111111111000001001110
0010100111110000000000100000100
00000011111110000001000000110000100
0000000000000000000000000000000011111111110000000000000000000000
001000000000100000000000000011111111111111111110000000
000000000111111100000000
00000000001111110000000100000
000000000111110000000000000001000
01000000011140000000000
00000000000000000000000000000001111111111111111100000000000000001000000000001100
0000011111111000
0000001111111100
00000000110000111111111111111111111111000
0000000000001111111111111111111111100000000001100
010111111011111111111111111111111111111111111111100000
0001111111100000000000011111111000000000000111100000000
000010000000111110000000000000000111111100000000000
00011111100000000000001111111000000000011111000000100
1111111100000000001111111110000000011111110000000000110010
1111000000000000000111111110001000100001000000000000000
0000001110000000000001111111000000000000000100000000111000
