0000000222222200
000000002222222200
000000000000222222100
000000000000222222
0000000000002222222222222000
0000000000002222222222222000
000222222222221
111222222222000
111222222100
000222222
000000222222222222222220
00000022222222222222
000000000000000000000000000000111122222222222222222222000000000
000000000000000000000000000112222222222222222222222222
000222222222222000000
0022222222220000
000000000000111111111000444
000100000000000222222220000444
22222200
122220
000022222222222
000222222222222
000000000222000
000222224444222
0000000000002222222211112222
000000222222222
000000002222222200000000
000000222222222000
000000222222222111100000
000000000000222222222
100000000000000222222222000
000000000000000000000000
000000000000222222222000
00002222222222222222
00022222222222222222
000022222222222222220000
1000002222222222200000000000
000222222222222222220
100222222222000000000
0000222222222200
0000002222222000
000000000000000000000222222222222222222222222222222222111111111
000000000000000000022222222222222222222222222222222222222222222
000000000000222222222222
000000000002222222222000
000000000222222211000
100000000222222000100
002222222222222001000000222222110000
000222222222110
000000222222222221000
100000000000000000000000000222222222222222222222222221
22222222222222220000
100010002222222222222222
000000000100222222444
000000000000444400000
111100000000000000000000002222222222222222222222222222220000000
000000000000000000000000000222222222222222222222222222222222222
000000000000000000000000000222222222222222222222222222000000000
000000000000000000000000000222222222222222222222222222000000000
000000222222222222222
00000222222222222222
111100000000002222222222222
000000000000000002222000022222
0000000222222221
000000222222
000000222222222000000
000100222222222000110
0000000000000000000222222222222222222222
00000000022222222222222222222222
00000000022222222222222222222222
0000000000000000000222222222222222222222
0000100000000222222222111011
100222222222221
111002222222211111
011222222222
000122222221
000000002222222222222220
000000222222222222220000
000000000000000000000000000000000000112222222222222222000000000
000000000000000000000000000000000000000022222222222222222222222
000222222222222222000
000222222222222220000
000000000000222222222000004444
000000000000002222222222000444
0011224422222442222242222222110000000000
0000220000
00222200
000000222222222220
000000222222222222
000111444444111
000000000000222222222222222000000000
000222222222222000
000000000222222222000
000222222222222111
000122222222000
000000111022222222111
000000011222222222100
001122222222222220000000
0000000000002222222202222222
440004444000000000222222222222222222244444444
000100000000000000144444444444444444444444444222222222444444444
000000002222222222422222222222222222222222222222222222
000000000000000000000222222222222222222222222000000000000000000
000222222222222000000
000222222222200100
00002222220000
000002222222222222
000000002222222222444222222222222222111111111000000000000000000
000000000022222222222222222222222222222222222111111100000000000
000000000222222221
000000000222222221
100000222222222222
000222222222222222
000000000222222000001000
100000222222222011000000
000000002000010000111
000000000222110000000
000000000000000000222222222222222222222211111111110000
010000000000000000000000000222222222222222222
001011111222222222000000
0000001044444410
00000011222200
000000000000000000000000000011111222222222222222222222222222222
02222222222222222222
000222222222222222
000000000222222222222222222222222222222222222222222222222222222
000000000000222222222222222222222222222222222222222000110000000
1222222222222222222222222222222222220000
0000222222222222222222222222000000000000
0000100022222222222222222220000000000000
00001122222222222222222222222222220000000000
00002222222222222222211100000000000000000000
0000000222222222222222222222000000000000
