00110033333300
0000333333330000
000440003333330000
000440003333330000
000000111000333333333
000000000333333333331
000000001111003333333
000000000333333333333
0000000000004444444400003333333333330000
0000110000010333333333333333
0000000000004444444400003333333333330000
0000110000010333333333333333
0000111100000001333333330000
111111333333333111
100033333333333
000333333333
111000333333333
000111000333333333000
000000111333333333
011001333333001
111333333333333000
100100003333333333330000
11113333333333333333
000011110003333333333000
000000003333333333330000
000000000101111110000000000000000000333333333333333333333333333
000000000111111100000000000000000003333333333333333333333333333
000000000000000000000000000000000000000000333333333333333333333
000000000100000000000000000000000033333333333333333333333333333
000000000333333333000
440000000333333333000
4000000033331100
000000333333333333000
000000000100000000333333333000000444
000000000000000033333333444
000000000000000333333333000444
333333333000444
3333330000
11333300
0003333333
01333333
111000011333333333
000111333333333330
000000011333333333
000000113333333333
000000400033333044444
000000000333333011
144100333333333004
000333333333311
00001000333333333333
00000000333333330000
000000033333333
000033333
000000000100003333
000000000000333333333
000000000000333333333
000000000000333333333000
000000000000000333333333333
000100000100000333333333333
000000100000000103333333300
100000000000033333333000
0000000000000000000333330000
00000000000000003333333333333333
0000000000001000333333333333
0000000000003333333333333333
33333333333333333000
33333333333333333333
00000000011333333333
33333333333333330000
00003333333333333333333333333333
00003333333333333333333333333333
44440000333333333333333333330000
0000333333333333333300000000
000000333333333333333333333333000
000000003333333333333333333333333000
000111333333333000000
000333333333000300000
000444411000333333333000
0011113333333344
000111111111333333333111
000111111333300111000
100000011114444444111111111433333333333333333333333333333311111
000000000111111111100033333333333333333333333333333333011111100
111111110000000000114444443333333333333333333333333333000000000
000001100000000000333333333333333333333333333333300000000000000
000000000000111000333333333333333
000000000000000333333333
000000100000003333333333
000000000300000000000
000000144444444333333333333
111444444444333333333
000000111444333333333333
000000100000000333333333
111333333333
333333333
000011000000333333333333000
000100100000333333333333333000
100111111333333333333000
000000033333333333333000
000010000033333333333333
000033333333333333333000
000000033333333333333333
000000000144000333333333333
300000011000333333333
100000111111111333333333
4444444400333311
000000000000000000000000000000003333333333333333333333333000000
000000000000000002213333333333333333333333333333333333344000000
111111110114444444000000044000000333333444444333333333333334444
444444444444444444000000033333333333333333333333333333333334444
000000000000000000000000000000000000000000000333333333333333333
000000000000000000000000000000000000333333333333333333100000000
000000000000000000000000000111333333333333333300000000001000000
000000000000000000000000000000033333333333333333000000000000000
0000333333333333
000000033333
111133333333333333333333
000333333
000000000000333333333333330
333000111000000333333333333000
000000000333333333333000000
000000000000000000333333333
00000033333333
11001110333333
000033333333
0000033333
000000444000033333333333
000004440333333333333444
000000444440333333333333
101444444333333333333400
00001111000133333333333333333333
000011110003333333333333333333331110
0000000010000011333333333333333333333333
111100001113333333333333333333333333
111100001113333333333333333333333333
00001111000133333333333333333333
000011110003333333333333333333331110
1111000011113333333300010000
1100000033333333333311110000
111111111333333333331111
111111333333333333
111111113333
111111333333333
111333333333001
000000111113333333
011000333333
111333333333
00003333333333330000
00000003333333330000
00000000333333333333
0000000013333333333333330000
000000000000000000000000000000033333333333333333333333330000000
000000000000000000000000033333333333333333333333333333
000000000000000000100000000000000111333333333333333333333333333
000000000333333333333333333333333300000000000
000000333333333000000000
000000113333333333000
000000111000333300000
400000333333333300000
000000333000000000110
000000000000000333333333000444
000000000000103333333300114444
000000000000000333333333000444
000000100000000333333000444
033333
00033333
00333333
00333333
000000133333333333
000333333333333000
000110113333333330
000000111333333333
000000333333333
000033333333333
114333333333444
000443333333334
003333333333100100
000333333333333
000003333333000
000000000333333333
000000000000000113333333333
000033333333333000
000111333333333000
000113333333330
100000003333333300000100
000000333333333000000
000000113333333333
111111333333333333111010000
0000001000000000333333333333
0000000000003333333333333333
444404044444000000003333333333333330
000003333333333333333333
444444444444444444333333333333333333333333333333333333333333333
114444444111111333300000000333333333333333333000000000333303333
411111111333333333333333333000000000111111111333333333144444444
000000000444444444444444444333333333333333333333333333111111111111111111
444444444444444444444444444403333333333333333333333333333333333333333333
333333333333333333333333333333333333333333333333333333333333333333333333
333333333333333333333333333333333333333333333333333333
000033333333333333333333333333333333333333333333333333333333333
000000444444000000433333333333333
000000333333333333333
000000333333333333333
000333333333333333333000
001144443333333144
000144111333333333144444
000000000333333333333331
110033333333111111
0000333333333333333333333333333311010000
000000000333333333333333333333333333333333333333333333333333333
000000000000033333333333333333333333333333333333333333333333333
000000000000000000333333333333333333333333333333333333333333333
000000000000000000333333333333333333333333333333333333
000111111333333
111111333333333333111000
000000010333333333
000001333333333333
000111333333333
000000333333333333
001000444444333333333
000000000333333333333
000000444400033333333333
044444400000333333333333333
444440000100133000000000
000000001444333333444000
444000111333000000
000000000144333444100000
000000003333333333333333333333331111000000000000
111111111133333333
111000333333
000000111000011333333000
000444444111333333333
100100111101111011333333100
000000433333333333000
000111000100333333333333300
000011000333333333333000
000100000333333333303000
444000000000033333333333333333330000
000111110333333333
0000003333333330
000000000000000000333333
0000000003333300
000110000000000000000000000111111111333333333333333333000000000
000110000000000000000000000111111111001100000000000000330000000
011333333333333
0000333333333330
0333333333333333
0000000011333333333333333330
333333333333333333333333333333333333333333333333333333333333333333000000
333333333333333333333333333333333333333333333333333333333333333
333333333333333333333333333333333333333333333333333333333333333
000000000333333333333333333333333333333333333333333333333333333
111100003333333333333333333311111111111111110000
11110000000033333333333333333333111111111111
0000000033333333333333333333333333333333
00000000000003333333333333330000001000000000
0000000044440000304444433333333333300000
33333333333333333333333333333333

00001100333333333333333344433333333331110000
11110000000033333333333333333333333344441000
0001111133333333444444443310000000001110
03003333333333333333333333333333333333330000
1111111100333333333333333333333311111111
11110000111133333333333333333333333333333333
00004444111133333333333333333333333333331011
1144441133333333333333333333333333333333
