0010004444444444
0000001144440000
0000000004444444
00000044444444
000000004444444400
000000000444444400
000011114444444411
00000000444444444100
000111000000444444444
000000000444444444
111111444444444444
000000000444444444000
100111000444444444
000000000444444444
000000144444444444000
000000044444444444
000000004444444444444444
000000004444444444444444
000000004444444444444444
000000001144444444444444
1100000044444444444444444444
000000004444444444444444
000000001144444444444444
1100000044444444444444444444
100000000004444444440000
000000004444444400000000
000000000000444444440000
0000000000004444444440000000
110000444444444444444
000000444444444441
000444444444444
444444444
004444444444444
000000444444444000
000444444444444000
000444444444444
000144444444
000444444444
004444444444444
000444444444
000444444444
000101111111
001111111111
000444444444
000044444444444444444000
0000004444444444444444000000
0000004444444444444444000000
000000444444444444441000
00000004444444444440
00004444444444440000
00000144444444441001
000000004444444444440000
000000000100000000000000000000000004444444444444444444410111000
000000000000000000000000000111111144444444444444444444111100000
000000000000000000000000000000000000444444444444444444444444444
000000000011114444444444444444444444444444444
000000000000000000000000000004444444444444444444444444444444000
000000000000000000000000000111444444444444444444444444
110000000000000000010000000000000000111444444444444444000000000
000000000000000000000000000000000000000000000444444444444444444
0044444444444400
000444444444444444000
000444444444444444000
000444444444444444000
000004444444444444000000
000114444444444444000
000444444444444444000
000000000000444444444000000444
000000000000444444444140000444
000000000000444444444444000444
000000000000444444444000000004444
000000000000444444444400004444
000000000000444444144444444
000000000000444444444000444
000000000000444444444010000444
000000000000444400000000444
00444444
00004444
44444440
444444444440
144444
00444444
44444400
44444440
000004444444444
000004444444444
000000000444444444
110000444444444
000444444444444
000000444444444
000444444444444
000000444444444444
000444444000000
000000444444444
000000444444444
000444444444444
000444444444444
000000444444444
000000444444444
000444444444444
000000004444444444440000
000044444444444400000440
000000000000444444444444
00004444444444440000
000000444444444000
000000444444444
000000444444444
000000444444440
000000144444444
000000004444444
000000111444444000
000000000444444
100000444444444
100000000444444444000
000000000444444444110
000000000444444444444444
101000000000444444444441
000000000444444444444000
000000444444444000000000
004444444444400111001
100000000000000444444444010
100110114444444444000
000000000444444444400000
000000000444444444100
11101114444444444444
000000000004444444444444
000001144444444444440000
00004444444444444444
000000004444444444444444
0000000044444444
100000004444444444440444
0000000044444444444444444444
01444444444444444444
11114444444444444444
44444444444444440000
44444444444444440000
44444444444444444441
00004444444444444444
00044444444444444444
00044444444444444444
0000144444444444444444440000
0444444444444444000000000000
00004444444444444444444444444444
1000444444444444444400000000
0004444444444444444444444444
0000000444444444444400000000
0000000044444444444444444000
0000000044444444444444000000
000444444444444000000000000
100000004444444444110
000000000444444444444000
000000004444444444444444000
000000444444444000000
004444444444000000
000000444444444444000
000000444444444444000
144444444444444400000
000000000000000000000
1111110000010000
1044444444444400
0000004444444400
0000000000000000
0011444444440000
000000444444444444444000
000000000144444444444444444444444444444444444444444444444444444
000000000114444444444444444444444444444444444444444444444444444
001144444444444444444444444444444444444444444444444444440000000
000000000000000444444444444444444444444444444444444444444444444
000000000000000000000000000444444444444444444444444444444444444
000000000000000444444444444444444444444444444444444444444444444
000000000000000000000000000444444444444444444444444444444444444
000000144444444444
000000000004444444444444
000444444444444444
000000000004444444444400
000000000444444444440
000000000444444444440
000000000444444444
000000004444444444444
444001000444444444444
000000000444444444
000000444444444444
000111044444444444
000000000444444444444
000000000444444444440
000000000444444444444
100011011001444444444444
000000444000000000
000000044444444444000110
000444444444444444
000000444444444444444444
000000011444444444444444
000444444444444444000000
000000000444444444444444444444444444444444444444444444
000000444444444444
000000114444444444444444111000100
001000000000000004444444444444444444444444444444444444
00004444444444444444
0000444444444444444444440000
114444444444444444444444
14444444444444444444444400000010
14444444444444444400
00004444444444444444
00004444444444444444
1144444444444444444444400000
0000000144444440
000000444444444444000
0000334444444444
444000044444444444000000
01004444444400
000333444444444000
00004444444444
441444444400
000000000000000000444444444444444444444444444444444444000000000
111000000000000000444444444444444444444444444444400000111111111
000111100000004444444444444444444444444444444111111111000000000
111100000222222222444444444444444444444444444001111010000000000
010000000000000000000000000444444444444444444444444444111111111
111111111000000000000000044444444444444444444400010111000000000
000000000000000000111114444444444444444444444444444444000000000
000000000000000000144444444444444444444444444444444444011000000
000000000000000000444444444444444444444400000000000000000000000
000000000110000000044444444444444444444444444400000000000000000
100000000010000000111111111111111111111111111111111111000000000
000000000000000044444444444444444444444444400001101100011000000
110000000000000000444444444444444444444444400111000000000000000
000000000011444444444444444444444444400000000011000000000000000
000000000000000011111111111111111111110000000000000000000000000
000000000000044444444444444444444444444440000000000000000000000
0011444444444000
0000444444444444
000444444444
0000444444444444
114444444
0114444444444444
00114444444444444444
0000444444444444
000044444444444444000000
000000004444444444000000
100000011444444444444010
000000044444444444444000
000000444444444444444000
000044444444444000000
000000000144444444444444000
000444444444444444000000
000000444444
00010044444444
001000444444
00004444444444
00000044444444
111100444444
000144444444
0000444444444400
000000000444444444444444
000000444444444444400100
000044444444444444400
000000444444444444441
000000444444444444400
000044444444444400000
000144444444444444444
000014444444444444444
0000444444444444444444444444
0000444444444444444444444444
010000001114444444444444444444440000
0000444444444444444444444444
0000000044444444444444444444444444444444
010000001114444444444444444444440000
00000144444444444444444444444444
11101111444444444444444444440101
000000001444444444444444444444440111
0000444444444444444444444444
00004444444444444444444444441000
0000000044444444444444444444444444444444
00000144444444444444444444444444
11101111444444444444444444440101
000000001444444444444444444444440111
00004444444444444444444444441000
000000004444444400000000
0000111000004444444400000000
000000004444444444001111
11110000000044444444444011000000
100000044444444410000000
000044444444400000011100
000011444444444444444444444444440000
0000000444444444444401000000
000444444444444
000004444444444100
444444444444001
111444444444444401
000444444444444
000004444444444110
444444444444111
111444444444444401
000444444444
000444444
001111111
000444444
000444444444
000444444444
000011111
000444444
00004444444444444400
000000444444444444440000
0000001111111111111111110000
00004444444444444444
00001444444444440000
00000444444444440000
00000000111111110000
00044444444444440000
000000000011011000000000000444444444444444444444444444444444444
000000000000000000444444444444444444444444444444444444
100000000000000000000000000000000004444444444444444444444444444
110000000000000000000000000000000000444444444444444444444444444
000000000000000000000000000000000000444444444444444444444444444
000000000000000000114444444444444444444444444444000000
001110000000000000000000000000000004444444444444444444440000000
000000000000000000000000000100000000444444444444444444444444444
000444444444444000000000
000444444444444444444
444444444444444000000
000144444444444400000
000011444444444444000000
000444444444444444000
014444444444444440000000
000044444444444444000
000000000000444444444400000444
000000000000444444444000444
000000000000444444444000444
000000000444444444444000444
000000000000444444000000444
000000000444444444444000444
000000000000444440000000444
000000000000000444444444400444
444444
004444
444444
0000444444
00444444
0044400000
444444
004444
000000444444444440
000111444444000000
000014444444444400
000004444444444440
100444444444444
000011004444444444
000000444444444100
000000444444444444
000444444444444
000444444444000
000444444444444
044444444000000
000444444444444
000000444444000
114444444444444444444
000444444444444
114444444444000
000444444444000000
111444444444000000
000444444444444400
000444444444444444000
000444444444
000000444444444444
000444444444444
000444444444444
000044444444444000
000144444444444000
000444444444444110
000444444444444000
000004444444444000
000444444444440
000444444444444
000444444444444000
000000444444444000
000000444444444000
000000444444444440
044444444444400
000144444444444
000111444444444000
000444444444444444
000044444444444444444444
0000000044444444444444444444
000044444444444444444444
14444444444444444444
0000000044444444444444444444
0444444444444440
00000000000044444444444444444444
0000000044000000444444444444
111111111000000111111111111004444444444444444444444444444444444
000000000111144444444444444444444444444444444444444444444444444
000000000000000000111114444444444444444444444444444444
000000000000000000444444444444444444444444444444444444000000000
000000000444444444444444444444444444444444444
000000000444444444444444444444444444444444444444444444444444444
444444441111111111111111111110000000111000000
000000000000000000000004444444444444444444444444444444444444444
000444444444444444444444444444444444444444444444444444
000000000444444444444444444444444444444444444444444444444444444444444444
444444444444444444444444444444444444444444444444444444444444444
444444444444444444444444444444444444444444444444444444444444444
044444444400000000444444444444444444444444444444444444444440000
000000444444444444444444444444444444444444444444444444444444444444444444
444444444444444444444444444444444444444444444444444444444444444
000000444444444444444444444444444444444444444444444444444444444444444444
000000444444444444444444000
000444444444444400000
444444444444444000000000
000004444444444444444
000444444444444000
000444444444444000000
444444444444444000000
000444444444444400
000044444444444400
00444444444000
0000144444444400
0000444444444100
000000444444444444440
0044444444440000
0000144444444400
0000444444444411
000000000000004444444444444444444444444444444444444444444444444
000000000000004444444444444444444444444444444444444444444444444
000000000444444444444444444444444444444444444444444444444444444
000000000000000000444444444444444444444444444444444444444444444
000000000000044444444444444444444444444444444444444444444444444
100000000000000000444444444444444444444444444444444444000000000
000000000144444444444444444444444444444444444444444444444444444
000000000000000000444444444444444444444444444444444444444444444
000000444444444000000111111
000000444444444000000
000100000111411111111
000444444444444011
000000444444444444
000000444444444444
000011444444444
004444444444444
000444444444444
000000444444444
000444111411111110
111004444444444444
000000000444444444444
000000044444444444444
000044444444444444444
111000100444444444444
000000100444444444444
000100000444444444444
000000144444444444444
000111000444444444444444
000100000444000000000
000100000444444000000
000004444444000000000
000110004444000100000
000000000444000110100
000000144444000110100
000000000444444000000000
000100000444000000000
000100004
000000444444444440
111000111111111111
000004444444
000000000444444444444444
000444444444444444444
000111000444444444444444
100000000444444444400
000401111333333440000
100100444444444444000
000144444444444444
000000000000444444444444444444444444444444444444444440
000111000444444444444444
000000000000444444444000
000000001444444444440100
000000114444444444444000
000000000444444444000000
100000114444440000000000
010000000044444444444
000000044444444444444000
00000144444400
00001444440000
3340444444411144
00000444444444
100000000444444444401
10001144444444
000000114444444444444
010011444444444444440
444444444444
000014444444
0044444444444440
000000001100111111110000
00000000000001111111111111110000
000000000000
0000444444444444
000044444444
000000000001144444444444444444444444444444444444444444444444444
444444444444444444444444444444444444444444444000000000000000000
000000110144444444444444444000000000100000000444444444444444444
000000000444444444444444444444444444444444444444444444444444444
000000000044444444444444444444444444444444444444444444444444444
000000044444444444444444444444444444444444444444444444444444444
000000000444444444444444444444444444444444444444444444444444444
444444444444444444444444444444444444444444444444444444
00004444444444444444444444444444000000000000
00000000444444444444444444444444444400000000
000044444444444444444444444400000000
000000004444444444444444444444440000
00004444444444444444444444440000000011110000
01114444444444444444444444444444000000000000
000044444444444444444444440000000000000000000000
00004444444444444444444444440000000000000000
0044444444444444444444444400000000000000
00004444444444444444444444444000000000000000
00000000444444444444444444444444400000000000000000000000
000044444444444444444444444444440000000000000000
4444444444444444444444444444444444444444000000000000
00000000444444444444444444444444444444444444
000044444444444444444444444444444000
0000000444444444444400000144444444440000
00000000000000004444444444444444440000000000
1111010044444444444444444444444444000000
00004444444444444444444444444444
01444444444444444444444444444400
044444444444444444444444444444440000
144444444444444444444444444444440000
44444444444444444444444444440000000000000000
00444444444444444444444400000000000000000000
00044444444444444444444444444444000000002202
00044444444444444444444444444444444444440000
00000000444444444444444444444444444400000000
0000044444444444444444444444100000000000
444444444444444400000000000444444444444444444444
1111444444444444444400000144444444444444444444444444
1111444444444444444410000111444444444444444444444444
4444444444444444444444440000110011110000
00044444444444444444444444400000000000000000
0000444444444444444444400000000000000000
1011444444444444444444444444411100000000
0014444444444444444444444444444400000000
